Experience 1 passage  22/08/2020 16:15 Sujet : 019
0,25;1,7404;-0,811;0
0,65;1,7402;-0,85;0
ExperimentID;participantID;date;PosRx;PosRy;PosRz;QuaternionRotw;QuaternionRotx;QuaternionRoty;QuaternionRotz;targetNumber;condition;aim_number;PosTargetx;PosTargety;PosTargetz;StartingPositionx;StartingPositiony;StartingPositionz;CalibrationCubex;CalibrationCubey;CalibrationCubez
00001;019;63733712140,6609;-0,1920149;0,7646495;-1,453275;0,9748635;0,2196824;0,03310358;-0,01687892;4;1;1;12,64957;-0,1899301;0,7721127;-1,461966;-0,2789934;0,766403;-1,719623;0,12144;0,7707924;-1,753606;
00001;019;63733712145,3125;-0,07071289;0,7673591;-1,566087;0,9739657;0,2025451;0,1003528;-0,01719304;6;1;2;17,30115;-0,04698157;0,7737951;-1,5789;-0,2789934;0,766403;-1,719623;0,12144;0,7707924;-1,753606;
00001;019;63733712149,1168;-0,3140008;0,7653585;-1,458083;0,9809065;0,1939009;-0,01048984;0,01071566;2;1;3;21,10591;-0,2824663;0,7710491;-1,446842;-0,2789934;0,766403;-1,719623;0,12144;0,7707924;-1,753606;
00001;019;63733712152,6466;-0,3097908;0,7643123;-1,519306;0,97068;0,2209972;-0,09413108;0,008937929;1;1;4;24,63585;-0,2815266;0,7710912;-1,521836;-0,2789934;0,766403;-1,719623;0,12144;0,7707924;-1,753606;
00001;019;63733712156,8236;-0,3003514;0,7660088;-1,591384;0,9555056;0,2218775;-0,1931075;0,02210923;0;1;5;28,81217;-0,2805868;0,7711335;-1,59683;-0,2789934;0,766403;-1,719623;0,12144;0,7707924;-1,753606;
00001;019;63733712162,44;-0,3174482;0,7655615;-1,344398;0,9682372;0,2144347;0,110457;-0,06583125;3;1;6;34,4292;-0,283406;0,7710068;-1,371848;-0,2789934;0,766403;-1,719623;0,12144;0,7707924;-1,753606;
00001;019;63733712166,3997;-0,1281615;0,7663058;-1,467083;0,9846633;0,169405;0,01141986;0,04012337;5;1;7;38,38879;-0,1081472;0,7730663;-1,507829;-0,2789934;0,766403;-1,719623;0,12144;0,7707924;-1,753606;
00001;019;63733712169,9061;-0,07847208;0,766815;-1,567512;0,9729354;0,2039039;0,1069767;-0,01938986;6;1;8;41,89492;-0,04698157;0,7737951;-1,5789;-0,2789934;0,766403;-1,719623;0,12144;0,7707924;-1,753606;
00001;019;63733712174,1854;-0,1423478;0,7651139;-1,458394;0,975424;0,2168144;0,03444987;-0,01878581;5;1;9;46,17443;-0,1081472;0,7730663;-1,507829;-0,2789934;0,766403;-1,719623;0,12144;0,7707924;-1,753606;
00001;019;63733712178,2287;-0,21939;0,7644614;-1,417988;0,975163;0,2175105;-0,04155517;-0,004409616;4;1;10;50,21747;-0,1899301;0,7721127;-1,461966;-0,2789934;0,766403;-1,719623;0,12144;0,7707924;-1,753606;
00001;019;63733712181,329;-0,2969143;0,7663459;-1,597017;0,9698357;0,207316;-0,1272506;0,01568816;0;1;11;53,31826;-0,2805868;0,7711335;-1,59683;-0,2789934;0,766403;-1,719623;0,12144;0,7707924;-1,753606;
00001;019;63733712185,4285;-0,3130787;0,764934;-1,507796;0,9697598;0,2302553;-0,08047976;-0,008454902;1;1;12;57,41774;-0,2815266;0,7710912;-1,521836;-0,2789934;0,766403;-1,719623;0,12144;0,7707924;-1,753606;
00001;019;63733712188,964;-0,3304805;0,7642696;-1,400593;0,9789672;0,1971383;-0,05153159;0,01021416;2;1;13;60,95263;-0,2824663;0,7710491;-1,446842;-0,2789934;0,766403;-1,719623;0,12144;0,7707924;-1,753606;
00001;019;63733712194,7586;-0,3425849;0,7647828;-1,362718;0,9659031;0,2326218;0,09566722;-0,06136914;3;1;14;66,74808;-0,283406;0,7710068;-1,371848;-0,2789934;0,766403;-1,719623;0,12144;0,7707924;-1,753606;
00001;019;63733712199,2273;-0,09828547;0,7670765;-1,566247;0,976511;0,2142579;0,01289791;-0,0188006;6;1;15;71,21619;-0,04698157;0,7737951;-1,5789;-0,2789934;0,766403;-1,719623;0,12144;0,7707924;-1,753606;
00001;019;63733712202,8696;-0,1435442;0,7664094;-1,482908;0,9689681;0,2177126;-0,1162823;0,01343388;5;1;16;74,85845;-0,1081472;0,7730663;-1,507829;-0,2789934;0,766403;-1,719623;0,12144;0,7707924;-1,753606;
00001;019;63733712206,3206;-0,3119138;0,7651727;-1,517838;0,9538934;0,2268722;-0,1956087;0,0188086;1;1;17;78,3091;-0,2815266;0,7710912;-1,521836;-0,2789934;0,766403;-1,719623;0,12144;0,7707924;-1,753606;
00001;019;63733712210,2622;-0,3255257;0,7645352;-1,453322;-0,9523457;-0,2203379;0,209662;-0,02303975;2;1;18;82,25159;-0,2824663;0,7710491;-1,446842;-0,2789934;0,766403;-1,719623;0,12144;0,7707924;-1,753606;
00001;019;63733712213,6813;-0,336961;0,764006;-1,382885;-0,9747468;-0,2225912;0,01319209;0,01215824;3;1;19;85,6701;-0,283406;0,7710068;-1,371848;-0,2789934;0,766403;-1,719623;0,12144;0,7707924;-1,753606;
00001;019;63733712216,8715;-0,313476;0,7664183;-1,596344;-0,9147093;-0,2382651;0,3226332;-0,04944142;0;1;20;88,86065;-0,2805868;0,7711335;-1,59683;-0,2789934;0,766403;-1,719623;0,12144;0,7707924;-1,753606;
00001;019;63733712220,8821;-0,2297685;0,7648197;-1,442079;-0,9664559;-0,2319125;0,1103602;0,0002861492;4;1;21;92,87099;-0,1899301;0,7721127;-1,461966;-0,2789934;0,766403;-1,719623;0,12144;0,7707924;-1,753606;
00001;019;63733712224,5711;-0,3121927;0,7650945;-1,534473;-0,9339049;-0,2037021;0,2880799;-0,05776831;1;1;22;96,56025;-0,2815266;0,7710912;-1,521836;-0,2789934;0,766403;-1,719623;0,12144;0,7707924;-1,753606;
00001;019;63733712227,4731;-0,1286011;0,7656076;-1,485299;-0,9693433;-0,2289597;0,0891435;0,002128828;5;1;23;99,46248;-0,1081472;0,7730663;-1,507829;-0,2789934;0,766403;-1,719623;0,12144;0,7707924;-1,753606;
00001;019;63733712230,7674;-0,2196677;0,7651496;-1,427531;-0,9654286;-0,2293138;0,1238607;-0,004633497;4;1;24;102,7564;-0,1899301;0,7721127;-1,461966;-0,2789934;0,766403;-1,719623;0,12144;0,7707924;-1,753606;
00001;019;63733712233,9421;-0,08016382;0,7674714;-1,595374;0,9802982;0,1957317;0,006507858;-0,02573618;6;1;25;105,9316;-0,04698157;0,7737951;-1,5789;-0,2789934;0,766403;-1,719623;0,12144;0,7707924;-1,753606;
00001;019;63733712238,8634;-0,3254429;0,7647456;-1,471006;0,9603423;0,2250805;-0,1642201;0,01063009;2;1;26;110,8523;-0,2824663;0,7710491;-1,446842;-0,2789934;0,766403;-1,719623;0,12144;0,7707924;-1,753606;
00001;019;63733712241,6216;-0,3134528;0,7658995;-1,597595;0,9068615;0,2198681;-0,3555625;0,05324969;0;1;27;113,6102;-0,2805868;0,7711335;-1,59683;-0,2789934;0,766403;-1,719623;0,12144;0,7707924;-1,753606;
00001;019;63733712244,6439;-0,3301452;0,7642726;-1,407777;0,9739507;0,2242824;-0,03178111;-0,01035663;3;1;28;116,6325;-0,283406;0,7710068;-1,371848;-0,2789934;0,766403;-1,719623;0,12144;0,7707924;-1,753606;
00001;019;63733712247,4528;-0,3096869;0,766194;-1,608638;0,9286298;0,2310709;-0,2876309;0,03900653;0;1;29;119,4423;-0,2805868;0,7711335;-1,59683;-0,2789934;0,766403;-1,719623;0,12144;0,7707924;-1,753606;
00001;019;63733712250,2496;-0,3272917;0,7645761;-1,397497;0,9708923;0,2352088;-0,04482484;-0,005975444;3;1;30;122,2392;-0,283406;0,7710068;-1,371848;-0,2789934;0,766403;-1,719623;0,12144;0,7707924;-1,753606;
00001;019;63733712253,7032;-0,1385809;0,7655272;-1,471273;0,973289;0,219219;-0,06793004;-0,006099344;5;1;31;125,6922;-0,1081472;0,7730663;-1,507829;-0,2789934;0,766403;-1,719623;0,12144;0,7707924;-1,753606;
00001;019;63733712256,5215;-0,2251601;0,7646571;-1,421269;0,964748;0,225319;-0,1358071;0,007002498;4;1;32;128,5103;-0,1899301;0,7721127;-1,461966;-0,2789934;0,766403;-1,719623;0,12144;0,7707924;-1,753606;
00001;019;63733712259,8725;-0,3114659;0,7652019;-1,507139;0,9455874;0,2246726;-0,2333256;0,03075443;1;1;33;131,8617;-0,2815266;0,7710912;-1,521836;-0,2789934;0,766403;-1,719623;0,12144;0,7707924;-1,753606;
00001;019;63733712263,0953;-0,3168992;0,764316;-1,432197;0,9588843;0,2294642;-0,1663545;0,01460637;2;1;34;135,0846;-0,2824663;0,7710491;-1,446842;-0,2789934;0,766403;-1,719623;0,12144;0,7707924;-1,753606;
00001;019;63733712266,794;-0,07055633;0,7675874;-1,588366;0,9737475;0,2266317;0,006696792;-0,02022457;6;1;35;138,7834;-0,04698157;0,7737951;-1,5789;-0,2789934;0,766403;-1,719623;0,12144;0,7707924;-1,753606;
00001;019;63733712270,6306;-0,2085516;0,7644748;-1,426504;0,9746585;0,2182811;-0,04828361;-0,007940376;4;1;36;142,6194;-0,1899301;0,7721127;-1,461966;-0,2789934;0,766403;-1,719623;0,12144;0,7707924;-1,753606;
00001;019;63733712273,9923;-0,3181423;0,7647689;-1,405966;0,9715173;0,2221671;-0,08241537;0,001873504;2;1;37;145,9812;-0,2824663;0,7710491;-1,446842;-0,2789934;0,766403;-1,719623;0,12144;0,7707924;-1,753606;
00001;019;63733712277,6843;-0,06965251;0,7671511;-1,581258;0,9755002;0,2192243;-6,726525E-05;-0,0184431;6;1;38;149,6738;-0,04698157;0,7737951;-1,5789;-0,2789934;0,766403;-1,719623;0,12144;0,7707924;-1,753606;
00001;019;63733712280,5089;-0,3408856;0,7643533;-1,402909;0,9758707;0,2170732;0,01129331;-0,0206902;3;1;39;152,4984;-0,283406;0,7710068;-1,371848;-0,2789934;0,766403;-1,719623;0,12144;0,7707924;-1,753606;
00001;019;63733712283,1636;-0,3100001;0,7648247;-1,512838;0,9514256;0,218993;-0,2155444;0,01929077;1;1;40;155,1527;-0,2815266;0,7710912;-1,521836;-0,2789934;0,766403;-1,719623;0,12144;0,7707924;-1,753606;
00001;019;63733712285,8267;-0,1434365;0,7654056;-1,474992;0,9688561;0,2195602;-0,1142332;0,00788057;5;1;41;157,8155;-0,1081472;0,7730663;-1,507829;-0,2789934;0,766403;-1,719623;0,12144;0,7707924;-1,753606;
00001;019;63733712288,684;-0,2982973;0,7664821;-1,598758;0,9247374;0,2377819;-0,2939554;0,04371359;0;1;42;160,6733;-0,2805868;0,7711335;-1,59683;-0,2789934;0,766403;-1,719623;0,12144;0,7707924;-1,753606;
00001;019;63733712291,0649;-0,137603;0,7656882;-1,469777;0,9642498;0,2325356;-0,1269318;0,006151573;5;1;43;163,0538;-0,1081472;0,7730663;-1,507829;-0,2789934;0,766403;-1,719623;0,12144;0,7707924;-1,753606;
00001;019;63733712294,4282;-0,07654694;0,7672338;-1,581522;0,9743099;0,2236897;0,01067018;-0,02386245;6;1;44;166,4174;-0,04698157;0,7737951;-1,5789;-0,2789934;0,766403;-1,719623;0,12144;0,7707924;-1,753606;
00001;019;63733712297,4875;-0,2142909;0,7653547;-1,461895;0,9636181;0,2341169;-0,1288096;0,006125898;4;1;45;169,4766;-0,1899301;0,7721127;-1,461966;-0,2789934;0,766403;-1,719623;0,12144;0,7707924;-1,753606;
00001;019;63733712300,5273;-0,3067857;0,7654133;-1,529466;0,927707;0,2226043;-0,2969556;0,04030428;1;1;46;172,5163;-0,2815266;0,7710912;-1,521836;-0,2789934;0,766403;-1,719623;0,12144;0,7707924;-1,753606;
00001;019;63733712304,1472;-0,2945293;0,7664256;-1,6175;0,8863052;0,2188028;-0,4015914;0,0728904;0;1;47;176,1363;-0,2805868;0,7711335;-1,59683;-0,2789934;0,766403;-1,719623;0,12144;0,7707924;-1,753606;
00001;019;63733712306,8974;-0,3309516;0,7641776;-1,384369;0,9750144;0,216207;0,04342654;-0,02675334;3;1;48;178,8862;-0,283406;0,7710068;-1,371848;-0,2789934;0,766403;-1,719623;0,12144;0,7707924;-1,753606;
00001;019;63733712310,0966;-0,3206545;0,7645816;-1,434035;0,9611937;0,2279725;-0,1548228;0,01284436;2;1;49;182,0855;-0,2824663;0,7710491;-1,446842;-0,2789934;0,766403;-1,719623;0,12144;0,7707924;-1,753606;
00001;019;63733712313,0556;-0,3258282;0,7641942;-1,370422;0,9744722;0,2203533;0,03963226;-0,01666954;3;1;50;185,0448;-0,283406;0,7710068;-1,371848;-0,2789934;0,766403;-1,719623;0,12144;0,7707924;-1,753606;
00001;019;63733712315,5923;-0,301037;0,7667869;-1,606719;0,9128943;0,2211628;-0,3392618;0,05111152;0;1;51;187,5811;-0,2805868;0,7711335;-1,59683;-0,2789934;0,766403;-1,719623;0,12144;0,7707924;-1,753606;
00001;019;63733712318,3835;-0,3179799;0,7644777;-1,430487;0,9626898;0,2231226;-0,1525423;0,01324899;2;1;52;190,3728;-0,2824663;0,7710491;-1,446842;-0,2789934;0,766403;-1,719623;0,12144;0,7707924;-1,753606;
00001;019;63733712321,6324;-0,07050742;0,7672588;-1,587079;0,9737809;0,2237798;0,03002313;-0,02778719;6;1;53;193,6213;-0,04698157;0,7737951;-1,5789;-0,2789934;0,766403;-1,719623;0,12144;0,7707924;-1,753606;
00001;019;63733712324,2043;-0,1430168;0,7664927;-1,479184;0,9733093;0,2162562;-0,07669215;0,004549029;5;1;54;196,1933;-0,1081472;0,7730663;-1,507829;-0,2789934;0,766403;-1,719623;0,12144;0,7707924;-1,753606;
00001;019;63733712327,0301;-0,2161106;0,7648463;-1,436977;0,9692276;0,2364257;-0,0681645;-0,007382177;4;1;55;199,0195;-0,1899301;0,7721127;-1,461966;-0,2789934;0,766403;-1,719623;0,12144;0,7707924;-1,753606;
00001;019;63733712329,6352;-0,303403;0,7652596;-1,53236;0,9222658;0,2252643;-0,3105423;0,04738639;1;1;56;201,6242;-0,2815266;0,7710912;-1,521836;-0,2789934;0,766403;-1,719623;0,12144;0,7707924;-1,753606;
00001;019;63733712332,3186;-0,3107783;0,7644372;-1,429945;0,9387773;0,2226502;-0,2610084;0,03160107;2;1;57;204,3073;-0,2824663;0,7710491;-1,446842;-0,2789934;0,766403;-1,719623;0,12144;0,7707924;-1,753606;
00001;019;63733712334,9276;-0,1255109;0,7657104;-1,478322;0,9625048;0,233699;-0,1374812;0,008259792;5;1;58;206,9162;-0,1081472;0,7730663;-1,507829;-0,2789934;0,766403;-1,719623;0,12144;0,7707924;-1,753606;
00001;019;63733712338,2993;-0,0672297;0,767014;-1,583041;0,9729437;0,2233036;0,05304427;-0,02650372;6;1;59;210,2887;-0,04698157;0,7737951;-1,5789;-0,2789934;0,766403;-1,719623;0,12144;0,7707924;-1,753606;
00001;019;63733712341,5098;-0,2184509;0,7653294;-1,419702;0,9610401;0,2352093;-0,1448103;0,01041715;4;1;60;213,4985;-0,1899301;0,7721127;-1,461966;-0,2789934;0,766403;-1,719623;0,12144;0,7707924;-1,753606;
00001;019;63733712344,0842;-0,2997957;0,7666692;-1,605024;0,8813677;0,2244486;-0,4088717;0,07508449;0;1;61;216,0731;-0,2805868;0,7711335;-1,59683;-0,2789934;0,766403;-1,719623;0,12144;0,7707924;-1,753606;
00001;019;63733712348,1848;-0,3238713;0,764694;-1,392784;0,969645;0,2395875;0,04438198;-0,0204146;3;1;62;220,1736;-0,283406;0,7710068;-1,371848;-0,2789934;0,766403;-1,719623;0,12144;0,7707924;-1,753606;
00001;019;63733712351,2664;-0,3042672;0,765635;-1,53428;0,9192212;0,2365346;-0,3108562;0,04952069;1;1;63;223,2556;-0,2815266;0,7710912;-1,521836;-0,2789934;0,766403;-1,719623;0,12144;0,7707924;-1,753606;
00001;019;63733712353,4337;-0,2942019;0,7661587;-1,609487;0,8802598;0,2131102;-0,4165824;0,07865112;0;1;64;225,4225;-0,2805868;0,7711335;-1,59683;-0,2789934;0,766403;-1,719623;0,12144;0,7707924;-1,753606;
00001;019;63733712355,8368;-0,1452186;0,7657076;-1,475131;0,9620938;0,2310408;-0,1444998;0,01073854;5;1;65;227,8262;-0,1081472;0,7730663;-1,507829;-0,2789934;0,766403;-1,719623;0,12144;0,7707924;-1,753606;
00001;019;63733712359,1551;-0,08084991;0,7669917;-1,587552;0,97139;0,2273513;0,06198399;-0,02950905;6;1;66;231,1436;-0,04698157;0,7737951;-1,5789;-0,2789934;0,766403;-1,719623;0,12144;0,7707924;-1,753606;
00001;019;63733712361,476;-0,2178618;0,7647628;-1,464402;0,9711595;0,2318496;-0,05504439;-0,008072994;4;1;67;233,4651;-0,1899301;0,7721127;-1,461966;-0,2789934;0,766403;-1,719623;0,12144;0,7707924;-1,753606;
00001;019;63733712363,8727;-0,3078976;0,7651607;-1,514877;0,9370106;0,2238707;-0,2657272;0,03580579;1;1;68;235,8615;-0,2815266;0,7710912;-1,521836;-0,2789934;0,766403;-1,719623;0,12144;0,7707924;-1,753606;
00001;019;63733712367,4633;-0,3141358;0,7648903;-1,366066;0,9632597;0,2285805;0,1247872;-0,06564884;3;1;69;239,452;-0,283406;0,7710068;-1,371848;-0,2789934;0,766403;-1,719623;0,12144;0,7707924;-1,753606;
00001;019;63733712370,0438;-0,3061291;0,7644972;-1,44401;0,9694784;0,2221269;-0,1037149;0,00382795;2;1;70;242,0325;-0,2824663;0,7710491;-1,446842;-0,2789934;0,766403;-1,719623;0,12144;0,7707924;-1,753606;
00001;019;63733712372,0573;-0,2991024;0,7660639;-1,603021;0,9317249;0,2135268;-0,2902824;0,04506965;0;1;71;244,0467;-0,2805868;0,7711335;-1,59683;-0,2789934;0,766403;-1,719623;0,12144;0,7707924;-1,753606;
00001;019;63733712374,4794;-0,07363523;0,7670916;-1,559662;0,9731427;0,2256844;-0,04441807;-0,009321434;6;1;72;246,4679;-0,04698157;0,7737951;-1,5789;-0,2789934;0,766403;-1,719623;0,12144;0,7707924;-1,753606;
00001;019;63733712377,2717;-0,3371816;0,7646407;-1,396133;0,9651629;0,2331848;0,1001713;-0,06364928;3;1;73;249,2608;-0,283406;0,7710068;-1,371848;-0,2789934;0,766403;-1,719623;0,12144;0,7707924;-1,753606;
00001;019;63733712379,773;-0,2100011;0,7643499;-1,418433;0,9743629;0,2198884;-0,04747203;-0,003552272;4;1;74;251,762;-0,1899301;0,7721127;-1,461966;-0,2789934;0,766403;-1,719623;0,12144;0,7707924;-1,753606;
00001;019;63733712382,6392;-0,1333414;0,7654226;-1,482137;0,9640414;0,2335919;-0,1264902;0,007702344;5;1;75;254,6279;-0,1081472;0,7730663;-1,507829;-0,2789934;0,766403;-1,719623;0,12144;0,7707924;-1,753606;
00001;019;63733712385,3729;-0,3157803;0,7644236;-1,43468;0,9720102;0,2344484;-0,009373376;-0,0119278;2;1;76;257,3621;-0,2824663;0,7710491;-1,446842;-0,2789934;0,766403;-1,719623;0,12144;0,7707924;-1,753606;
00001;019;63733712387,9899;-0,3125547;0,7651675;-1,523831;0,9386224;0,2223651;-0,2614634;0,03432975;1;1;77;259,9788;-0,2815266;0,7710912;-1,521836;-0,2789934;0,766403;-1,719623;0,12144;0,7707924;-1,753606;
00001;019;63733712390,8864;-0,3266496;0,7641674;-1,355042;-0,9784188;-0,2051865;-0,02245793;0,00953741;3;1;78;262,8751;-0,283406;0,7710068;-1,371848;-0,2789934;0,766403;-1,719623;0,12144;0,7707924;-1,753606;
00001;019;63733712392,9613;-0,14891;0,765802;-1,489263;-0,9603265;-0,2386779;0,143824;-0,01098278;5;1;79;264,9506;-0,1081472;0,7730663;-1,507829;-0,2789934;0,766403;-1,719623;0,12144;0,7707924;-1,753606;
00001;019;63733712396,1807;-0,3229293;0,7638513;-1,429316;-0,9710275;-0,23494;-0,04221186;0,01127088;2;1;80;268,1698;-0,2824663;0,7710491;-1,446842;-0,2789934;0,766403;-1,719623;0,12144;0,7707924;-1,753606;
00001;019;63733712399,0722;-0,06821172;0,7673485;-1,586158;-0,9734664;-0,2175841;-0,06335164;0,03173341;6;1;81;271,0615;-0,04698157;0,7737951;-1,5789;-0,2789934;0,766403;-1,719623;0,12144;0,7707924;-1,753606;
00001;019;63733712402,76;-0,2302637;0,7647585;-1,449106;-0,9665532;-0,2290856;0,1151139;-0,006594094;4;1;82;274,7486;-0,1899301;0,7721127;-1,461966;-0,2789934;0,766403;-1,719623;0,12144;0,7707924;-1,753606;
00001;019;63733712404,9875;-0,3086253;0,7658513;-1,607809;-0,9054036;-0,2142803;0,3612016;-0,06214174;0;1;83;276,9763;-0,2805868;0,7711335;-1,59683;-0,2789934;0,766403;-1,719623;0,12144;0,7707924;-1,753606;
00001;019;63733712408,3388;-0,3010486;0,7646048;-1,538164;-0,9220043;-0,2177895;0,3153756;-0,05490198;1;1;84;280,3278;-0,2815266;0,7710912;-1,521836;-0,2789934;0,766403;-1,719623;0,12144;0,7707924;-1,753606;
00001;019;63733712411,0591;-0,2130578;0,7640923;-1,429382;-0,9461772;-0,2229476;0,2311388;-0,04022301;4;1;85;283,0482;-0,1899301;0,7721127;-1,461966;-0,2789934;0,766403;-1,719623;0,12144;0,7707924;-1,753606;
00001;019;63733712413,8402;-0,3069893;0,7650895;-1,53209;-0,9412438;-0,2172158;0,2569298;-0,02940213;1;1;86;285,8291;-0,2815266;0,7710912;-1,521836;-0,2789934;0,766403;-1,719623;0,12144;0,7707924;-1,753606;
00001;019;63733712415,985;-0,298507;0,7660787;-1,621691;-0,9099795;-0,2186567;0,3479811;-0,05509805;0;1;87;287,9741;-0,2805868;0,7711335;-1,59683;-0,2789934;0,766403;-1,719623;0,12144;0,7707924;-1,753606;
00001;019;63733712418,8188;-0,03842067;0,7674875;-1,577483;-0,9737418;-0,2254395;-0,02367255;0,0210594;6;1;88;290,8079;-0,04698157;0,7737951;-1,5789;-0,2789934;0,766403;-1,719623;0,12144;0,7707924;-1,753606;
00001;019;63733712421,7182;-0,3329491;0,7635906;-1,39499;-0,9772393;-0,2113483;-0,006246417;0,01720968;3;1;89;293,7068;-0,283406;0,7710068;-1,371848;-0,2789934;0,766403;-1,719623;0,12144;0,7707924;-1,753606;
00001;019;63733712425,1439;-0,1404205;0,7658789;-1,499377;-0,9689898;-0,2348414;0,07673983;0,004401854;5;1;90;297,1331;-0,1081472;0,7730663;-1,507829;-0,2789934;0,766403;-1,719623;0,12144;0,7707924;-1,753606;
00001;019;63733712428,1277;-0,3054259;0,7643952;-1,447453;-0,9678038;-0,231655;0,09843823;-0,001297494;2;1;91;300,1165;-0,2824663;0,7710491;-1,446842;-0,2789934;0,766403;-1,719623;0,12144;0,7707924;-1,753606;
00001;019;63733712431,1124;-0,2950453;0,7650439;-1,508243;-0,9564232;-0,2275602;0,1824084;-0,01407405;1;1;92;303,1014;-0,2815266;0,7710912;-1,521836;-0,2789934;0,766403;-1,719623;0,12144;0,7707924;-1,753606;
00001;019;63733712433,8456;-0,06772409;0,7679846;-1,594552;-0,9699687;-0,2403735;-0,02625892;0,02630198;6;1;93;305,8343;-0,04698157;0,7737951;-1,5789;-0,2789934;0,766403;-1,719623;0,12144;0,7707924;-1,753606;
00001;019;63733712436,7824;-0,1379138;0,7662728;-1,501107;0,9643331;0,248203;-0,09196147;0,0003689014;5;1;94;308,7712;-0,1081472;0,7730663;-1,507829;-0,2789934;0,766403;-1,719623;0,12144;0,7707924;-1,753606;
00001;019;63733712439,2382;-0,296096;0,7661831;-1,610922;0,9178565;0,2266283;-0,3218574;0,05086265;0;1;95;311,2275;-0,2805868;0,7711335;-1,59683;-0,2789934;0,766403;-1,719623;0,12144;0,7707924;-1,753606;
00001;019;63733712441,7404;-0,2130509;0,7647492;-1,442611;0,9619074;0,2273408;-0,1513877;0,01149509;4;1;96;313,7292;-0,1899301;0,7721127;-1,461966;-0,2789934;0,766403;-1,719623;0,12144;0,7707924;-1,753606;
00001;019;63733712444,3657;-0,3152269;0,7648488;-1,435896;0,9596128;0,2272044;-0,165455;0,01208456;2;1;97;316,3542;-0,2824663;0,7710491;-1,446842;-0,2789934;0,766403;-1,719623;0,12144;0,7707924;-1,753606;
00001;019;63733712446,8913;-0,3139099;0,7641131;-1,344487;0,971498;0,2242555;-0,07678513;0,002311367;3;1;98;318,8803;-0,283406;0,7710068;-1,371848;-0,2789934;0,766403;-1,719623;0,12144;0,7707924;-1,753606;
00001;019;63733712449,8387;-0,212446;0,7649179;-1,448156;0,9571388;0,2310063;-0,1739286;0,01644221;4;1;99;321,8276;-0,1899301;0,7721127;-1,461966;-0,2789934;0,766403;-1,719623;0,12144;0,7707924;-1,753606;
00001;019;63733712452,3895;-0,3069453;0,7649824;-1,542138;0,9207614;0,2203057;-0,3185049;0,04710144;1;1;100;324,3789;-0,2815266;0,7710912;-1,521836;-0,2789934;0,766403;-1,719623;0,12144;0,7707924;-1,753606;
00001;019;63733712454,9423;-0,1385776;0,7665941;-1,478831;0,9556177;0,2618067;-0,1350892;0,001745408;5;1;101;326,9314;-0,1081472;0,7730663;-1,507829;-0,2789934;0,766403;-1,719623;0,12144;0,7707924;-1,753606;
00001;019;63733712457,6994;-0,06197327;0,7670442;-1,57265;0,9710296;0,2211595;0,08418079;-0,03322126;6;1;102;329,6887;-0,04698157;0,7737951;-1,5789;-0,2789934;0,766403;-1,719623;0,12144;0,7707924;-1,753606;
00001;019;63733712460,1036;-0,3187153;0,7651803;-1,41753;0,9578439;0,2133665;-0,191133;0,02186573;2;1;103;332,093;-0,2824663;0,7710491;-1,446842;-0,2789934;0,766403;-1,719623;0,12144;0,7707924;-1,753606;
00001;019;63733712462,6772;-0,3056438;0,7657996;-1,610416;0,9223751;0,2102314;-0,3206424;0,04706893;0;1;104;334,6664;-0,2805868;0,7711335;-1,59683;-0,2789934;0,766403;-1,719623;0,12144;0,7707924;-1,753606;
00001;019;63733712465,1589;-0,3351406;0,7644472;-1,400162;0,9735973;0,217232;0,06580746;-0,02424682;3;1;105;337,1482;-0,283406;0,7710068;-1,371848;-0,2789934;0,766403;-1,719623;0,12144;0,7707924;-1,753606;
00001;019;63733712467,4915;-0,1389445;0,7656949;-1,491779;0,9601614;0,234402;-0,1515578;0,01326476;5;1;106;339,4806;-0,1081472;0,7730663;-1,507829;-0,2789934;0,766403;-1,719623;0,12144;0,7707924;-1,753606;
00001;019;63733712469,9155;-0,303983;0,7659642;-1,596618;0,9418733;0,1961529;-0,2703335;0,03631236;0;1;107;341,9044;-0,2805868;0,7711335;-1,59683;-0,2789934;0,766403;-1,719623;0,12144;0,7707924;-1,753606;
00001;019;63733712472,5531;-0,3149178;0,7641973;-1,4389;0,9667221;0,2264542;-0,1189178;0,00503972;2;1;108;344,5426;-0,2824663;0,7710491;-1,446842;-0,2789934;0,766403;-1,719623;0,12144;0,7707924;-1,753606;
00001;019;63733712475,2284;-0,07235271;0,7667841;-1,552075;0,9742386;0,2232912;-0,02785796;-0,01497685;6;1;109;347,2178;-0,04698157;0,7737951;-1,5789;-0,2789934;0,766403;-1,719623;0,12144;0,7707924;-1,753606;
00001;019;63733712477,7759;-0,3084622;0,764962;-1,489326;0,9578321;0,2168455;-0,1878584;0,01565379;1;1;110;349,7647;-0,2815266;0,7710912;-1,521836;-0,2789934;0,766403;-1,719623;0,12144;0,7707924;-1,753606;
00001;019;63733712480,134;-0,2128829;0,7647715;-1,412211;0,9649942;0,2298526;-0,126196;0,005344394;4;1;111;352,1226;-0,1899301;0,7721127;-1,461966;-0,2789934;0,766403;-1,719623;0,12144;0,7707924;-1,753606;
00001;019;63733712483,5043;-0,3151793;0,763883;-1,389348;0,9755706;0,2170659;0,02718303;-0,02014199;3;1;112;355,4932;-0,283406;0,7710068;-1,371848;-0,2789934;0,766403;-1,719623;0,12144;0,7707924;-1,753606;
00001;019;63733712486,2882;-0,3168723;0,764579;-1,381132;0,9655929;0,1943178;-0,1709975;0,02511714;3;1;113;358,277;-0,283406;0,7710068;-1,371848;-0,2789934;0,766403;-1,719623;0,12144;0,7707924;-1,753606;
00001;019;63733712488,8648;-0,1252434;0,7658056;-1,463931;0,9711709;0,2366438;-0,02836223;-0,004742569;5;1;114;360,854;-0,1081472;0,7730663;-1,507829;-0,2789934;0,766403;-1,719623;0,12144;0,7707924;-1,753606;
00001;019;63733712491,8087;-0,3129157;0,7639264;-1,429044;0,9744685;0,2162294;-0,06032972;-0,004038462;2;1;115;363,7979;-0,2824663;0,7710491;-1,446842;-0,2789934;0,766403;-1,719623;0,12144;0,7707924;-1,753606;
00001;019;63733712494,6906;-0,2968177;0,7656608;-1,505041;0,9648538;0,1954273;-0,1719748;0,03591838;1;1;116;366,6798;-0,2815266;0,7710912;-1,521836;-0,2789934;0,766403;-1,719623;0,12144;0,7707924;-1,753606;
00001;019;63733712497,3934;-0,2170229;0,7646001;-1,443012;0,9645761;0,2275976;-0,1332509;0,006039353;4;1;117;369,3827;-0,1899301;0,7721127;-1,461966;-0,2789934;0,766403;-1,719623;0,12144;0,7707924;-1,753606;
00001;019;63733712500,0603;-0,08123142;0,7669702;-1,560105;0,9739127;0,2212291;-0,05012064;-0,006298307;6;1;118;372,0499;-0,04698157;0,7737951;-1,5789;-0,2789934;0,766403;-1,719623;0,12144;0,7707924;-1,753606;
00001;019;63733712502,6874;-0,3017246;0,7652014;-1,588498;0,9217153;0,2162636;-0,3174696;0,05370411;0;1;119;374,6764;-0,2805868;0,7711335;-1,59683;-0,2789934;0,766403;-1,719623;0,12144;0,7707924;-1,753606;
00001;019;63733712505,2422;-0,1491859;0,7658639;-1,47101;0,9664593;0,2192926;-0,1335809;0,004834259;5;1;120;377,2314;-0,1081472;0,7730663;-1,507829;-0,2789934;0,766403;-1,719623;0,12144;0,7707924;-1,753606;
00001;019;63733712507,9557;-0,2282232;0,7652267;-1,452124;0,9550213;0,2406016;-0,1726445;0,01546619;4;1;121;379,9448;-0,1899301;0,7721127;-1,461966;-0,2789934;0,766403;-1,719623;0,12144;0,7707924;-1,753606;
00001;019;63733712510,423;-0,303569;0,7651221;-1,533278;0,9138302;0,2188783;-0,3382125;0,05117685;1;1;122;382,4122;-0,2815266;0,7710912;-1,521836;-0,2789934;0,766403;-1,719623;0,12144;0,7707924;-1,753606;
00001;019;63733712512,6704;-0,2955781;0,7663957;-1,603277;0,899821;0,2027164;-0,3816815;0,05956071;0;1;123;384,6595;-0,2805868;0,7711335;-1,59683;-0,2789934;0,766403;-1,719623;0,12144;0,7707924;-1,753606;
00001;019;63733712516,0341;-0,08014116;0,7669542;-1,572304;0,9756466;0,2183411;0,0002587342;-0,0209977;6;1;124;388,023;-0,04698157;0,7737951;-1,5789;-0,2789934;0,766403;-1,719623;0,12144;0,7707924;-1,753606;
00001;019;63733712518,6691;-0,318426;0,7644681;-1,458794;0,9507626;0,2207622;-0,2162174;0,02376254;2;1;125;390,6577;-0,2824663;0,7710491;-1,446842;-0,2789934;0,766403;-1,719623;0,12144;0,7707924;-1,753606;
00001;019;63733712522,1062;-0,320317;0,7642387;-1,387831;0,97292;0,2217623;0,06167938;-0,02106797;3;1;126;394,0951;-0,283406;0,7710068;-1,371848;-0,2789934;0,766403;-1,719623;0,12144;0,7707924;-1,753606;
00001;019;63733712524,8776;-0,2342026;0,7648069;-1,443026;0,9603386;0,2285617;-0,1593069;0,01142854;4;1;127;396,8666;-0,1899301;0,7721127;-1,461966;-0,2789934;0,766403;-1,719623;0,12144;0,7707924;-1,753606;
00001;019;63733712527,5617;-0,1328541;0,7654106;-1,495863;0,9641771;0,2245481;-0,1409475;0,008631189;5;1;128;399,5506;-0,1081472;0,7730663;-1,507829;-0,2789934;0,766403;-1,719623;0,12144;0,7707924;-1,753606;
00001;019;63733712529,915;-0,3096536;0,76529;-1,515651;0,9466324;0,2298128;-0,2246582;0,02453103;1;1;129;401,9038;-0,2815266;0,7710912;-1,521836;-0,2789934;0,766403;-1,719623;0,12144;0,7707924;-1,753606;
00001;019;63733712532,1927;-0,3218895;0,7648126;-1,481941;0,9343424;0,2121538;-0,282588;0,04625207;2;1;130;404,1819;-0,2824663;0,7710491;-1,446842;-0,2789934;0,766403;-1,719623;0,12144;0,7707924;-1,753606;
00001;019;63733712534,4205;-0,3000358;0,7662128;-1,605571;0,8911527;0,2138707;-0,3945722;0,06647489;0;1;131;406,4092;-0,2805868;0,7711335;-1,59683;-0,2789934;0,766403;-1,719623;0,12144;0,7707924;-1,753606;
00001;019;63733712537,0674;-0,07643224;0,7669756;-1,586567;0,9758189;0,2124117;0,04089715;-0,03140349;6;1;132;409,056;-0,04698157;0,7737951;-1,5789;-0,2789934;0,766403;-1,719623;0,12144;0,7707924;-1,753606;
00001;019;63733712540,1071;-0,326659;0,7638631;-1,414058;0,9761376;0,2143213;0,03012749;-0,01772393;3;1;133;412,0958;-0,283406;0,7710068;-1,371848;-0,2789934;0,766403;-1,719623;0,12144;0,7707924;-1,753606;
00001;019;63733712542,8502;-0,2279429;0,7650651;-1,436821;0,9724588;0,2251173;-0,05876061;-0,01390837;4;1;134;414,8395;-0,1899301;0,7721127;-1,461966;-0,2789934;0,766403;-1,719623;0,12144;0,7707924;-1,753606;
00001;019;63733712545,7247;-0,3080409;0,7647024;-1,452504;0,959718;0,2329471;-0,1570382;0,004017116;2;1;135;417,7133;-0,2824663;0,7710491;-1,446842;-0,2789934;0,766403;-1,719623;0,12144;0,7707924;-1,753606;
00001;019;63733712548,4861;-0,1380963;0,7656147;-1,502986;0,9653;0,2239224;-0,1341297;0,007997462;5;1;136;420,4751;-0,1081472;0,7730663;-1,507829;-0,2789934;0,766403;-1,719623;0,12144;0,7707924;-1,753606;
00001;019;63733712550,8019;-0,3077114;0,7657843;-1,610007;0,9137492;0,2142736;-0,3412441;0,05197924;0;1;137;422,7912;-0,2805868;0,7711335;-1,59683;-0,2789934;0,766403;-1,719623;0,12144;0,7707924;-1,753606;
00001;019;63733712553,4561;-0,3156234;0,7645831;-1,523535;0,9115021;0,2156178;-0,3454718;0,05763976;1;1;138;425,4454;-0,2815266;0,7710912;-1,521836;-0,2789934;0,766403;-1,719623;0,12144;0,7707924;-1,753606;
00001;019;63733712557,5144;-0,3289635;0,7635981;-1,39303;0,9776446;0,2059322;0,03533509;-0,02354626;3;1;139;429,5034;-0,283406;0,7710068;-1,371848;-0,2789934;0,766403;-1,719623;0,12144;0,7707924;-1,753606;
00001;019;63733712561,1676;-0,07392359;0,7669804;-1,59402;0,9743912;0,2080529;0,08112773;-0,02634691;6;1;140;433,1566;-0,04698157;0,7737951;-1,5789;-0,2789934;0,766403;-1,719623;0,12144;0,7707924;-1,753606;
