Experience 1 passage  19/08/2020 17:10 Sujet : 017
0,25;1,7404;-0,811;0
0,65;1,7402;-0,85;0
ExperimentID;participantID;date;PosRx;PosRy;PosRz;QuaternionRotw;QuaternionRotx;QuaternionRoty;QuaternionRotz;targetNumber;condition;aim_number;PosTargetx;PosTargety;PosTargetz;StartingPositionx;StartingPositiony;StartingPositionz;CalibrationCubex;CalibrationCubey;CalibrationCubez
00002;004;63733454142,5093;-0,07163893;0,7687875;-1,530219;-0,9814697;-0,1568911;-0,0675091;-0,08686235;5;1;1;17,21396;-0,09768261;0,7714786;-1,527609;-0,2642666;0,7676223;-1,742839;0,1367802;0,7709679;-1,768748;
00002;004;63733454146,8979;-0,252981;0,7667959;-1,541741;-0,9742284;-0,1875904;0,1032874;-0,07085631;1;1;2;21,60275;-0,2707517;0,7702552;-1,545104;-0,2642666;0,7676223;-1,742839;0,1367802;0,7709679;-1,768748;
00002;004;63733454151,3923;-0,2572819;0,7662073;-1,598841;-0,9652715;-0,2485278;0,08033077;0,005656895;0;1;3;26,09739;-0,2683075;0,7710767;-1,62006;-0,2642666;0,7676223;-1,742839;0,1367802;0,7709679;-1,768748;
00002;004;63733454156,5962;-0,2592477;0,7644653;-1,343853;0,9645246;0,242584;-0,1034391;0,01206965;3;1;4;31,30103;-0,2756399;0,7686122;-1,395193;-0,2642666;0,7676223;-1,742839;0,1367802;0,7709679;-1,768748;
00002;004;63733454167,6065;-0,2674132;0,7647758;-1,444733;0,9705835;0,2233535;-0,08717711;0,02193457;2;1;5;42,31094;-0,2731957;0,7694337;-1,470149;-0,2642666;0,7676223;-1,742839;0,1367802;0,7709679;-1,768748;
00002;004;63733454171,3369;-0,1483322;0,7661451;-1,464529;0,9768091;0,2124355;-0,00936287;0,02504816;4;1;6;46,04109;-0,1803718;0,770332;-1,483405;-0,2642666;0,7676223;-1,742839;0,1367802;0,7709679;-1,768748;
00002;004;63733454174,331;-0,007461235;0,7686408;-1,584005;0,9758288;0,2074454;0,0667128;0,01655476;6;1;7;49,03514;-0,03510149;0,7727354;-1,597429;-0,2642666;0,7676223;-1,742839;0,1367802;0,7709679;-1,768748;
00002;004;63733454176,9537;0,007158073;0,7691486;-1,575566;0,9719954;0,2177776;0,08817606;0,00478323;6;1;8;51,65846;-0,03510149;0,7727354;-1,597429;-0,2642666;0,7676223;-1,742839;0,1367802;0,7709679;-1,768748;
00002;004;63733454181,2572;-0,2558116;0,7638773;-1,436999;0,9698789;0,2343334;-0,06557451;0,01108082;2;1;9;55,96193;-0,2731957;0,7694337;-1,470149;-0,2642666;0,7676223;-1,742839;0,1367802;0,7709679;-1,768748;
00002;004;63733454187,179;-0,2570598;0,7663439;-1,595633;0,9764805;0,188648;-0,09077575;0,05155142;0;1;10;61,88317;-0,2683075;0,7710767;-1,62006;-0,2642666;0,7676223;-1,742839;0,1367802;0,7709679;-1,768748;
00002;004;63733454192,0539;-0,1532388;0,7655672;-1,473021;0,9757969;0,2129614;0,04555185;0,01982041;4;1;11;66,75841;-0,1803718;0,770332;-1,483405;-0,2642666;0,7676223;-1,742839;0,1367802;0,7709679;-1,768748;
00002;004;63733454195,9541;-0,247696;0,7651775;-1,374983;0,978686;0,1984563;0,04574178;0,02639186;3;1;12;70,65823;-0,2756399;0,7686122;-1,395193;-0,2642666;0,7676223;-1,742839;0,1367802;0,7709679;-1,768748;
00002;004;63733454199,6167;-0,2545901;0,7656617;-1,501928;0,9819799;0,1820154;-0,01943402;0,04699262;1;1;13;74,32153;-0,2707517;0,7702552;-1,545104;-0,2642666;0,7676223;-1,742839;0,1367802;0,7709679;-1,768748;
00002;004;63733454203,7727;-0,06025124;0,767104;-1,48447;0,9752964;0,1965792;0,09802888;0,02332389;5;1;14;78,47692;-0,09768261;0,7714786;-1,527609;-0,2642666;0,7676223;-1,742839;0,1367802;0,7709679;-1,768748;
00002;004;63733454207,7034;-0,2549582;0,7647405;-1,41397;0,9763729;0,2053707;-0,06064595;0,02899932;2;1;15;82,40816;-0,2731957;0,7694337;-1,470149;-0,2642666;0,7676223;-1,742839;0,1367802;0,7709679;-1,768748;
00002;004;63733454215,6858;-0,1403332;0,7656609;-1,432844;0,9767073;0,204218;0,06051917;0,02598925;4;1;16;90,39021;-0,1803718;0,770332;-1,483405;-0,2642666;0,7676223;-1,742839;0,1367802;0,7709679;-1,768748;
00002;004;63733454222,292;-0,07105022;0,7669495;-1,492178;0,972473;0,2200348;0,0763882;0,006776639;5;1;17;96,99635;-0,09768261;0,7714786;-1,527609;-0,2642666;0,7676223;-1,742839;0,1367802;0,7709679;-1,768748;
00002;004;63733454225,9236;-0,2580376;0,76533;-1,518884;0,9768806;0,2033751;-0,05834978;0,03063121;1;1;18;100,628;-0,2707517;0,7702552;-1,545104;-0,2642666;0,7676223;-1,742839;0,1367802;0,7709679;-1,768748;
00002;004;63733454229,0798;-0,2734743;0,7668145;-1,611315;0,9662364;0,2072626;-0,1448109;0,04959228;0;1;19;103,784;-0,2683075;0,7710767;-1,62006;-0,2642666;0,7676223;-1,742839;0,1367802;0,7709679;-1,768748;
00002;004;63733454232,1331;0,02216207;0,769111;-1,57496;0,9693589;0,2068903;0,1323039;0,00594798;6;1;20;106,838;-0,03510149;0,7727354;-1,597429;-0,2642666;0,7676223;-1,742839;0,1367802;0,7709679;-1,768748;
00002;004;63733454236,7137;-0,2578591;0,7654926;-1,364049;0,983035;0,1726746;0,03483168;0,05111072;3;1;21;111,4183;-0,2756399;0,7686122;-1,395193;-0,2642666;0,7676223;-1,742839;0,1367802;0,7709679;-1,768748;
00002;004;63733454241,4124;-0,1431451;0,766273;-1,4192;0,9773486;0,1995811;0,06596197;0,02462258;4;1;22;116,1168;-0,1803718;0,770332;-1,483405;-0,2642666;0,7676223;-1,742839;0,1367802;0,7709679;-1,768748;
00002;004;63733454247,3007;-0,2582106;0,7652327;-1,495363;0,9785417;0,1971339;-0,04529619;0,03927898;1;1;23;122,0051;-0,2707517;0,7702552;-1,545104;-0,2642666;0,7676223;-1,742839;0,1367802;0,7709679;-1,768748;
00002;004;63733454251,1551;-0,2653533;0,7650197;-1,344887;0,9830826;0,1747717;0,002140994;0,05476279;3;1;24;125,8593;-0,2756399;0,7686122;-1,395193;-0,2642666;0,7676223;-1,742839;0,1367802;0,7709679;-1,768748;
00002;004;63733454254,5504;-0,05131225;0,7671551;-1,474929;0,974099;0,2032559;0,09636431;0,02306902;5;1;25;129,2553;-0,09768261;0,7714786;-1,527609;-0,2642666;0,7676223;-1,742839;0,1367802;0,7709679;-1,768748;
00002;004;63733454257,5548;-0,2662323;0,7663605;-1,594676;0,9572633;0,2311472;-0,1713703;0,02915728;0;1;26;132,2594;-0,2683075;0,7710767;-1,62006;-0,2642666;0,7676223;-1,742839;0,1367802;0,7709679;-1,768748;
00002;004;63733454260,6493;0,02420328;0,7694066;-1,565554;0,9712805;0,2243247;0,07928636;-0,002516828;6;1;27;135,354;-0,03510149;0,7727354;-1,597429;-0,2642666;0,7676223;-1,742839;0,1367802;0,7709679;-1,768748;
00002;004;63733454263,8888;-0,266883;0,7644918;-1,418886;0,9768786;0,2089713;-0,03471272;0,02888329;2;1;28;138,593;-0,2731957;0,7694337;-1,470149;-0,2642666;0,7676223;-1,742839;0,1367802;0,7709679;-1,768748;
00002;004;63733454268,2676;-0,159429;0,7648045;-1,413081;-0,9705212;-0,2409198;0,005456985;-0,004068631;4;1;29;142,9717;-0,1803718;0,770332;-1,483405;-0,2642666;0,7676223;-1,742839;0,1367802;0,7709679;-1,768748;
00002;004;63733454272,0282;-0,2661096;0,7668437;-1,58989;-0,9572223;-0,2406851;0,1544926;-0,04391184;0;1;30;146,7325;-0,2683075;0,7710767;-1,62006;-0,2642666;0,7676223;-1,742839;0,1367802;0,7709679;-1,768748;
00002;004;63733454275,6822;0,003962926;0,7686753;-1,571463;-0,970207;-0,2294884;-0,07707038;0,009675878;6;1;31;150,3868;-0,03510149;0,7727354;-1,597429;-0,2642666;0,7676223;-1,742839;0,1367802;0,7709679;-1,768748;
00002;004;63733454278,8445;-0,05864001;0,7662876;-1,480996;-0,9722319;-0,2296616;-0,04470588;0,004710824;5;1;32;153,5496;-0,09768261;0,7714786;-1,527609;-0,2642666;0,7676223;-1,742839;0,1367802;0,7709679;-1,768748;
00002;004;63733454283,4656;-0,2485374;0,7642235;-1,41089;0,9723361;0,2303564;-0,03692834;0,0116143;2;1;33;158,17;-0,2731957;0,7694337;-1,470149;-0,2642666;0,7676223;-1,742839;0,1367802;0,7709679;-1,768748;
00002;004;63733454286,8519;-0,2585623;0,7649207;-1,468142;0,9729707;0,2196637;-0,0680784;0,02100849;1;1;34;161,5567;-0,2707517;0,7702552;-1,545104;-0,2642666;0,7676223;-1,742839;0,1367802;0,7709679;-1,768748;
00002;004;63733454291,847;-0,2540611;0,7653243;-1,299708;0,9801622;0,1958909;0,01287185;0,02726059;3;1;35;166,5515;-0,2756399;0,7686122;-1,395193;-0,2642666;0,7676223;-1,742839;0,1367802;0,7709679;-1,768748;
00002;004;63733454295,9419;-0,2611659;0,7650701;-1,384214;0,979284;0,1920167;-0,04706827;0,04378354;2;1;36;170,6468;-0,2731957;0,7694337;-1,470149;-0,2642666;0,7676223;-1,742839;0,1367802;0,7709679;-1,768748;
00002;004;63733454299,3722;-0,1536169;0,7655962;-1,418762;0,9741972;0,2221519;0,03623622;0,01659428;4;1;37;174,0766;-0,1803718;0,770332;-1,483405;-0,2642666;0,7676223;-1,742839;0,1367802;0,7709679;-1,768748;
00002;004;63733454302,4653;-0,2650934;0,7659227;-1,487051;0,9704772;0,210481;-0,1082434;0,0464248;1;1;38;177,17;-0,2707517;0,7702552;-1,545104;-0,2642666;0,7676223;-1,742839;0,1367802;0,7709679;-1,768748;
00002;004;63733454305,7151;-0,2753598;0,766651;-1,585579;0,9434893;0,2424912;-0,2200689;0,05094852;0;1;39;180,4194;-0,2683075;0,7710767;-1,62006;-0,2642666;0,7676223;-1,742839;0,1367802;0,7709679;-1,768748;
00002;004;63733454308,9231;0,006418901;0,7687777;-1,556948;0,9730419;0,225093;0,05020557;0,001428919;6;1;40;183,6278;-0,03510149;0,7727354;-1,597429;-0,2642666;0,7676223;-1,742839;0,1367802;0,7709679;-1,768748;
00002;004;63733454312,965;-0,2613329;0,7645859;-1,318333;0,9732369;0,2296333;0,00856086;0,002266978;3;1;41;187,6692;-0,2756399;0,7686122;-1,395193;-0,2642666;0,7676223;-1,742839;0,1367802;0,7709679;-1,768748;
00002;004;63733454316,4391;-0,06043065;0,7675572;-1,465242;0,975141;0,2203149;0,02016229;0,01244645;5;1;42;191,1439;-0,09768261;0,7714786;-1,527609;-0,2642666;0,7676223;-1,742839;0,1367802;0,7709679;-1,768748;
00002;004;63733454319,9349;-0,1618376;0,7652864;-1,434072;0,9706615;0,2392612;-0,02171126;0,009953702;4;1;43;194,6393;-0,1803718;0,770332;-1,483405;-0,2642666;0,7676223;-1,742839;0,1367802;0,7709679;-1,768748;
00002;004;63733454323,7791;-0,2560797;0,7650566;-1,300662;0,974961;0,2173523;-0,03898956;0,02624549;3;1;44;198,4836;-0,2756399;0,7686122;-1,395193;-0,2642666;0,7676223;-1,742839;0,1367802;0,7709679;-1,768748;
00002;004;63733454328,6203;-0,2607833;0,7648066;-1,412647;0,9682596;0,2191802;-0,1162792;0,03020945;2;1;45;203,3245;-0,2731957;0,7694337;-1,470149;-0,2642666;0,7676223;-1,742839;0,1367802;0,7709679;-1,768748;
00002;004;63733454332,1667;-0,06484824;0,7668133;-1,461287;0,9724625;0,2322256;-0,0004004008;0,01969487;5;1;46;206,871;-0,09768261;0,7714786;-1,527609;-0,2642666;0,7676223;-1,742839;0,1367802;0,7709679;-1,768748;
00002;004;63733454335,9101;-0,2720652;0,7661284;-1,586955;-0,925577;-0,2408393;0,2866646;-0,05592035;0;1;47;210,6146;-0,2683075;0,7710767;-1,62006;-0,2642666;0,7676223;-1,742839;0,1367802;0,7709679;-1,768748;
00002;004;63733454339,9178;-0,2731729;0,7651018;-1,496608;-0,9533;-0,2252606;0,1974931;-0,03838372;1;1;48;214,6228;-0,2707517;0,7702552;-1,545104;-0,2642666;0,7676223;-1,742839;0,1367802;0,7709679;-1,768748;
00002;004;63733454343,3253;-0,002877816;0,7682356;-1,552069;-0,9657558;-0,2593971;0,0001724482;0,005387999;6;1;49;218,03;-0,03510149;0,7727354;-1,597429;-0,2642666;0,7676223;-1,742839;0,1367802;0,7709679;-1,768748;
00002;004;63733454347,2218;-0,168923;0,765875;-1,430403;-0,9622007;-0,2528769;0,1006535;-0,00959454;4;1;50;221,9266;-0,1803718;0,770332;-1,483405;-0,2642666;0,7676223;-1,742839;0,1367802;0,7709679;-1,768748;
00002;004;63733454353,1927;-0,2645786;0,7656292;-1,338583;-0,9526946;-0,2744552;0,130535;-0,002849809;3;1;51;227,8976;-0,2756399;0,7686122;-1,395193;-0,2642666;0,7676223;-1,742839;0,1367802;0,7709679;-1,768748;
00002;004;63733454356,6543;-0,2906435;0,7668651;-1,615834;-0,9131595;-0,2434266;0,3216283;-0,05863854;0;1;52;231,359;-0,2683075;0,7710767;-1,62006;-0,2642666;0,7676223;-1,742839;0,1367802;0,7709679;-1,768748;
00002;004;63733454360,1781;-0,2845325;0,7650288;-1,493312;-0,9358546;-0,2528803;0,2432904;-0,03221232;1;1;53;234,883;-0,2707517;0,7702552;-1,545104;-0,2642666;0,7676223;-1,742839;0,1367802;0,7709679;-1,768748;
00002;004;63733454364,5634;-0,2655399;0,7649943;-1,389236;-0,95566;-0,2633048;0,1315313;-0,009175095;2;1;54;239,2681;-0,2731957;0,7694337;-1,470149;-0,2642666;0,7676223;-1,742839;0,1367802;0,7709679;-1,768748;
00002;004;63733454368,6981;-0,07734773;0,7661512;-1,463045;-0,9641774;-0,2604074;0,0501948;-0,005522294;5;1;55;243,4025;-0,09768261;0,7714786;-1,527609;-0,2642666;0,7676223;-1,742839;0,1367802;0,7709679;-1,768748;
00002;004;63733454372,6239;-0,01188278;0,7689788;-1,581142;-0,9683563;-0,2417456;0,05841295;-0,0208158;6;1;56;247,3287;-0,03510149;0,7727354;-1,597429;-0,2642666;0,7676223;-1,742839;0,1367802;0,7709679;-1,768748;
00002;004;63733454376,0792;-0,2801457;0,7649935;-1,502779;-0,93867;-0,2490561;0,235985;-0,03436181;1;1;57;250,7839;-0,2707517;0,7702552;-1,545104;-0,2642666;0,7676223;-1,742839;0,1367802;0,7709679;-1,768748;
00002;004;63733454379,6831;-0,2837249;0,7663584;-1,592116;-0,9265932;-0,2375442;0,2856223;-0,05846255;0;1;58;254,3879;-0,2683075;0,7710767;-1,62006;-0,2642666;0,7676223;-1,742839;0,1367802;0,7709679;-1,768748;
00002;004;63733454383,4568;-0,07911007;0,7665188;-1,474939;-0,9661633;-0,2578131;-0,004695639;0,00622527;5;1;59;258,1615;-0,09768261;0,7714786;-1,527609;-0,2642666;0,7676223;-1,742839;0,1367802;0,7709679;-1,768748;
00002;004;63733454389,6231;-0,2704533;0,7645146;-1,403301;-0,9548728;-0,2511926;0,1584673;-0,002875164;2;1;60;264,3281;-0,2731957;0,7694337;-1,470149;-0,2642666;0,7676223;-1,742839;0,1367802;0,7709679;-1,768748;
00002;004;63733454394,3604;-0,1736919;0,7649174;-1,427905;-0,9666499;-0,2501805;0,05420865;-0,007688082;4;1;61;269,0648;-0,1803718;0,770332;-1,483405;-0,2642666;0,7676223;-1,742839;0,1367802;0,7709679;-1,768748;
00002;004;63733454397,6558;0,0008390083;0,7688402;-1,58415;-0,969527;-0,2448189;0,00470328;-0,007685636;6;1;62;272,3606;-0,03510149;0,7727354;-1,597429;-0,2642666;0,7676223;-1,742839;0,1367802;0,7709679;-1,768748;
00002;004;63733454402,3349;-0,2620124;0,7647719;-1,339994;-0,9744728;-0,2189023;0,04268238;-0,02574769;3;1;63;277,0391;-0,2756399;0,7686122;-1,395193;-0,2642666;0,7676223;-1,742839;0,1367802;0,7709679;-1,768748;
00002;004;63733454408,7738;-0,1518318;0,7651504;-1,420776;-0,9737761;-0,2269132;0,002327924;-0,01628207;4;1;64;283,4785;-0,1803718;0,770332;-1,483405;-0,2642666;0,7676223;-1,742839;0,1367802;0,7709679;-1,768748;
00002;004;63733454413,2062;-0,2586983;0,7643402;-1,333595;-0,9700763;-0,2392695;0,03996857;-0,01023541;3;1;65;287,9106;-0,2756399;0,7686122;-1,395193;-0,2642666;0,7676223;-1,742839;0,1367802;0,7709679;-1,768748;
00002;004;63733454416,3025;-0,2736811;0,7649217;-1,493862;-0,9472965;-0,2572615;0,1894074;-0,02389238;1;1;66;291,0068;-0,2707517;0,7702552;-1,545104;-0,2642666;0,7676223;-1,742839;0,1367802;0,7709679;-1,768748;
00002;004;63733454420,0373;-0,260915;0,7645575;-1,408622;-0,9623947;-0,2443516;0,116558;-0,02242689;2;1;67;294,742;-0,2731957;0,7694337;-1,470149;-0,2642666;0,7676223;-1,742839;0,1367802;0,7709679;-1,768748;
00002;004;63733454423,7349;-0,07123286;0,7665444;-1,469591;-0,9732218;-0,229137;0,0007949253;-0,01830116;5;1;68;298,4396;-0,09768261;0,7714786;-1,527609;-0,2642666;0,7676223;-1,742839;0,1367802;0,7709679;-1,768748;
00002;004;63733454426,9301;-0,01634523;0,7684818;-1,566562;-0,9685424;-0,2479326;0,02024537;-0,006725919;6;1;69;301,6351;-0,03510149;0,7727354;-1,597429;-0,2642666;0,7676223;-1,742839;0,1367802;0,7709679;-1,768748;
00002;004;63733454430,0449;-0,2733672;0,7667608;-1,600445;-0,9153373;-0,2698762;0,2943014;-0,05206987;0;1;70;304,7494;-0,2683075;0,7710767;-1,62006;-0,2642666;0,7676223;-1,742839;0,1367802;0,7709679;-1,768748;
00002;004;63733454433,3412;-0,05755333;0,7668952;-1,480752;-0,9657521;-0,2579051;0,02828429;-0,002801355;5;1;71;308,0461;-0,09768261;0,7714786;-1,527609;-0,2642666;0,7676223;-1,742839;0,1367802;0,7709679;-1,768748;
00002;004;63733454437,0928;-0,2556271;0,7642533;-1,412406;-0,9623563;-0,2567139;0,08915375;-0,004461416;2;1;72;311,7972;-0,2731957;0,7694337;-1,470149;-0,2642666;0,7676223;-1,742839;0,1367802;0,7709679;-1,768748;
00002;004;63733454441,8458;-0,2705114;0,7649115;-1,339317;-0,9576555;-0,2573763;0,1289936;-0,003738043;3;1;73;316,5505;-0,2756399;0,7686122;-1,395193;-0,2642666;0,7676223;-1,742839;0,1367802;0,7709679;-1,768748;
00002;004;63733454445,9624;-0,2652818;0,7666208;-1,60177;-0,9261081;-0,2556374;0,2709726;-0,05955832;0;1;74;320,6674;-0,2683075;0,7710767;-1,62006;-0,2642666;0,7676223;-1,742839;0,1367802;0,7709679;-1,768748;
00002;004;63733454449,2594;-0,004062277;0,7686888;-1,56043;-0,9685778;-0,2484334;-0,01042623;0,005406377;6;1;75;323,9638;-0,03510149;0,7727354;-1,597429;-0,2642666;0,7676223;-1,742839;0,1367802;0,7709679;-1,768748;
00002;004;63733454452,9218;-0,2592059;0,765178;-1,508238;-0,9400131;-0,2360008;0,2422987;-0,04438951;1;1;76;327,6267;-0,2707517;0,7702552;-1,545104;-0,2642666;0,7676223;-1,742839;0,1367802;0,7709679;-1,768748;
00002;004;63733454456,0712;-0,1560489;0,7660096;-1,43046;-0,9540104;-0,2598749;0,1476236;-0,02316391;4;1;77;330,7758;-0,1803718;0,770332;-1,483405;-0,2642666;0,7676223;-1,742839;0,1367802;0,7709679;-1,768748;
00002;004;63733454461,1082;-0,2581959;0,7644733;-1,491066;-0,9367255;-0,2512775;0,2415008;-0,03289765;1;1;78;335,8129;-0,2707517;0,7702552;-1,545104;-0,2642666;0,7676223;-1,742839;0,1367802;0,7709679;-1,768748;
00002;004;63733454464,419;-0,07555058;0,7669443;-1,474677;-0,9587262;-0,2684503;0,09348464;-0,006277201;5;1;79;339,1235;-0,09768261;0,7714786;-1,527609;-0,2642666;0,7676223;-1,742839;0,1367802;0,7709679;-1,768748;
00002;004;63733454467,1744;-0,2712517;0,7660388;-1,585228;-0,9160521;-0,256636;0,3041608;-0,04972679;0;1;80;341,8791;-0,2683075;0,7710767;-1,62006;-0,2642666;0,7676223;-1,742839;0,1367802;0,7709679;-1,768748;
00002;004;63733454470,2798;-0,1483084;0,7660227;-1,429376;-0,9579039;-0,2567375;0,1271496;-0,01841184;4;1;81;344,984;-0,1803718;0,770332;-1,483405;-0,2642666;0,7676223;-1,742839;0,1367802;0,7709679;-1,768748;
00002;004;63733454474,4345;-0,01292327;0,7682897;-1,565178;-0,9648233;-0,2580971;0,04985659;-0,004013566;6;1;82;349,1392;-0,03510149;0,7727354;-1,597429;-0,2642666;0,7676223;-1,742839;0,1367802;0,7709679;-1,768748;
00002;004;63733454478,0348;-0,2638893;0,7645501;-1,429927;-0,9518759;-0,2445559;0,1828845;-0,02603621;2;1;83;352,7394;-0,2731957;0,7694337;-1,470149;-0,2642666;0,7676223;-1,742839;0,1367802;0,7709679;-1,768748;
00002;004;63733454480,7563;-0,2751158;0,7649392;-1,336482;-0,9537734;-0,2610868;0,1486004;-0,008247;3;1;84;355,4606;-0,2756399;0,7686122;-1,395193;-0,2642666;0,7676223;-1,742839;0,1367802;0,7709679;-1,768748;
00002;004;63733454483,821;-0,2783491;0,7664003;-1,594747;-0,8772623;-0,2592794;0,3959536;-0,08003552;0;1;85;358,5258;-0,2683075;0,7710767;-1,62006;-0,2642666;0,7676223;-1,742839;0,1367802;0,7709679;-1,768748;
00002;004;63733454486,8114;-0,272046;0,7654067;-1,489825;-0,9244506;-0,2672065;0,2679544;-0,04682202;1;1;86;361,5161;-0,2707517;0,7702552;-1,545104;-0,2642666;0,7676223;-1,742839;0,1367802;0,7709679;-1,768748;
00002;004;63733454489,7928;-0,2606265;0,7651665;-1,405244;-0,9368243;-0,2666931;0,2239709;-0,03274427;2;1;87;364,497;-0,2731957;0,7694337;-1,470149;-0,2642666;0,7676223;-1,742839;0,1367802;0,7709679;-1,768748;
00002;004;63733454492,9314;-0,2585933;0,7652513;-1,325571;-0,944774;-0,2672072;0,1883446;-0,0229909;3;1;88;367,636;-0,2756399;0,7686122;-1,395193;-0,2642666;0,7676223;-1,742839;0,1367802;0,7709679;-1,768748;
00002;004;63733454496,2157;-0,07073448;0,7672223;-1,486597;-0,955358;-0,278661;0,09677548;-0,01654933;5;1;89;370,92;-0,09768261;0,7714786;-1,527609;-0,2642666;0,7676223;-1,742839;0,1367802;0,7709679;-1,768748;
00002;004;63733454499,2984;-0,1622093;0,7660069;-1,419333;-0,9420511;-0,2790246;0,1845667;-0,02490738;4;1;90;374,0026;-0,1803718;0,770332;-1,483405;-0,2642666;0,7676223;-1,742839;0,1367802;0,7709679;-1,768748;
00002;004;63733454503,0259;-0,00157872;0,7690721;-1,573456;-0,9540966;-0,2928784;0,06149436;-0,01185152;6;1;91;377,7302;-0,03510149;0,7727354;-1,597429;-0,2642666;0,7676223;-1,742839;0,1367802;0,7709679;-1,768748;
00002;004;63733454506,0328;-0,2572236;0,7657161;-1,506076;-0,9184942;-0,2718353;0,2826468;-0,05084168;1;1;92;380,7376;-0,2707517;0,7702552;-1,545104;-0,2642666;0,7676223;-1,742839;0,1367802;0,7709679;-1,768748;
00002;004;63733454510,7479;-0,06826104;0,7675793;-1,478247;-0,9524606;-0,2828209;0,1130683;-0,006839984;5;1;93;385,4522;-0,09768261;0,7714786;-1,527609;-0,2642666;0,7676223;-1,742839;0,1367802;0,7709679;-1,768748;
00002;004;63733454514,3432;-0,2631055;0,7658293;-1,349136;-0,947898;-0,2798905;0,1521016;-0,003970031;3;1;94;389,0476;-0,2756399;0,7686122;-1,395193;-0,2642666;0,7676223;-1,742839;0,1367802;0,7709679;-1,768748;
00002;004;63733454517,2148;-0,2747782;0,7664598;-1,602317;-0,8826782;-0,2548469;0,3872325;-0,07735247;0;1;95;391,9194;-0,2683075;0,7710767;-1,62006;-0,2642666;0,7676223;-1,742839;0,1367802;0,7709679;-1,768748;
00002;004;63733454522,2901;-0,273789;0,7645355;-1,421361;-0,9361172;-0,2590466;0,2357393;-0,03172346;2;1;96;396,9944;-0,2731957;0,7694337;-1,470149;-0,2642666;0,7676223;-1,742839;0,1367802;0,7709679;-1,768748;
00002;004;63733454526,5901;-0,1610143;0,7658551;-1,430259;-0,9525219;-0,2767828;0,1262745;-0,01216599;4;1;97;401,2947;-0,1803718;0,770332;-1,483405;-0,2642666;0,7676223;-1,742839;0,1367802;0,7709679;-1,768748;
00002;004;63733454532,528;-0,01430195;0,7690403;-1,580087;-0,9542432;-0,2756364;0,1152958;-0,01230623;6;1;98;407,2321;-0,03510149;0,7727354;-1,597429;-0,2642666;0,7676223;-1,742839;0,1367802;0,7709679;-1,768748;
00002;004;63733454537,2633;-0,2543527;0,7644451;-1,351635;-0,9607596;-0,2601144;0,09566404;-0,01140105;3;1;99;411,9682;-0,2756399;0,7686122;-1,395193;-0,2642666;0,7676223;-1,742839;0,1367802;0,7709679;-1,768748;
00002;004;63733454540,9655;-0,2731406;0,764753;-1,454306;-0,9407287;-0,2665214;0,2077243;-0,02909576;2;1;100;415,6696;-0,2731957;0,7694337;-1,470149;-0,2642666;0,7676223;-1,742839;0,1367802;0,7709679;-1,768748;
00002;004;63733454544,4558;-0,1724963;0,7658527;-1,439236;-0,9361772;-0,2713629;0,2206972;-0,03503336;4;1;101;419,1609;-0,1803718;0,770332;-1,483405;-0,2642666;0,7676223;-1,742839;0,1367802;0,7709679;-1,768748;
00002;004;63733454548,1991;-0,01084762;0,7691784;-1,575805;-0,9607115;-0,2651779;0,08143247;-0,009112228;6;1;102;422,9039;-0,03510149;0,7727354;-1,597429;-0,2642666;0,7676223;-1,742839;0,1367802;0,7709679;-1,768748;
00002;004;63733454550,7954;-0,2727071;0,7665304;-1,614524;-0,897419;-0,2478715;0,3577878;-0,07201958;0;1;103;425,4995;-0,2683075;0,7710767;-1,62006;-0,2642666;0,7676223;-1,742839;0,1367802;0,7709679;-1,768748;
00002;004;63733454553,4487;-0,2767875;0,7652032;-1,520252;-0,9124898;-0,2618797;0,3092302;-0,05619752;1;1;104;428,1529;-0,2707517;0,7702552;-1,545104;-0,2642666;0,7676223;-1,742839;0,1367802;0,7709679;-1,768748;
00002;004;63733454557,9784;-0,06913878;0,7665374;-1,482743;-0,956452;-0,2751392;0,09490865;-0,02214606;5;1;105;432,683;-0,09768261;0,7714786;-1,527609;-0,2642666;0,7676223;-1,742839;0,1367802;0,7709679;-1,768748;
00002;004;63733454561,6918;-0,2647956;0,7650966;-1,350174;-0,9497448;-0,2670298;0,1631906;-0,006981434;3;1;106;436,396;-0,2756399;0,7686122;-1,395193;-0,2642666;0,7676223;-1,742839;0,1367802;0,7709679;-1,768748;
00002;004;63733454565,2532;-0,172752;0,766098;-1,442577;-0,9415752;-0,2530839;0,216671;-0,04938019;4;1;107;439,9576;-0,1803718;0,770332;-1,483405;-0,2642666;0,7676223;-1,742839;0,1367802;0,7709679;-1,768748;
00002;004;63733454569,7669;-0,2713428;0,7643924;-1,450053;-0,9251881;-0,2558047;0,2774405;-0,04022112;2;1;108;444,4718;-0,2731957;0,7694337;-1,470149;-0,2642666;0,7676223;-1,742839;0,1367802;0,7709679;-1,768748;
00002;004;63733454574,236;-0,01512428;0,768414;-1,577038;-0,9673553;-0,2511749;0,03123068;-0,01263225;6;1;109;448,9405;-0,03510149;0,7727354;-1,597429;-0,2642666;0,7676223;-1,742839;0,1367802;0,7709679;-1,768748;
00002;004;63733454578,3116;-0,2661639;0,7653074;-1,530596;-0,9294819;-0,2632291;0,2556238;-0,03782197;1;1;110;453,0164;-0,2707517;0,7702552;-1,545104;-0,2642666;0,7676223;-1,742839;0,1367802;0,7709679;-1,768748;
00002;004;63733454583,1827;-0,08826074;0,7665384;-1,482723;-0,9629768;-0,2502044;0,0956238;-0,03049207;5;1;111;457,8875;-0,09768261;0,7714786;-1,527609;-0,2642666;0,7676223;-1,742839;0,1367802;0,7709679;-1,768748;
00002;004;63733454592,1116;-0,2668457;0,7661316;-1,603816;-0,8945654;-0,2514019;0,3629846;-0,06922419;0;1;112;466,8159;-0,2683075;0,7710767;-1,62006;-0,2642666;0,7676223;-1,742839;0,1367802;0,7709679;-1,768748;
00002;004;63733454596,9477;-0,2644781;0,7649344;-1,455559;-0,9306533;-0,258628;0,2561211;-0,03738783;2;1;113;471,6526;-0,2731957;0,7694337;-1,470149;-0,2642666;0,7676223;-1,742839;0,1367802;0,7709679;-1,768748;
00002;004;63733454601,4874;-0,02302732;0,768889;-1,593223;-0,9573064;-0,2666905;0,1104201;-0,01575134;6;1;114;476,1925;-0,03510149;0,7727354;-1,597429;-0,2642666;0,7676223;-1,742839;0,1367802;0,7709679;-1,768748;
00002;004;63733454605,6;-0,2708555;0,7647361;-1,37592;-0,9468297;-0,2587975;0,1899355;-0,02149343;3;1;115;480,305;-0,2756399;0,7686122;-1,395193;-0,2642666;0,7676223;-1,742839;0,1367802;0,7709679;-1,768748;
00002;004;63733454608,9615;-0,07378063;0,7676278;-1,513804;-0,9526759;-0,276246;0,1259421;-0,01534124;5;1;116;483,6664;-0,09768261;0,7714786;-1,527609;-0,2642666;0,7676223;-1,742839;0,1367802;0,7709679;-1,768748;
00002;004;63733454611,7976;-0,2731866;0,7666474;-1,614112;-0,8986122;-0,2518207;0,3524432;-0,06975842;0;1;117;486,5023;-0,2683075;0,7710767;-1,62006;-0,2642666;0,7676223;-1,742839;0,1367802;0,7709679;-1,768748;
00002;004;63733454615,0943;-0,1563812;0,7655267;-1,455137;-0,9532;-0,2651078;0,1442592;-0,01780381;4;1;118;489,7993;-0,1803718;0,770332;-1,483405;-0,2642666;0,7676223;-1,742839;0,1367802;0,7709679;-1,768748;
00002;004;63733454619,0683;-0,2667101;0,765732;-1,50511;-0,9194608;-0,2685132;0,2828812;-0,04970828;1;1;119;493,773;-0,2707517;0,7702552;-1,545104;-0,2642666;0,7676223;-1,742839;0,1367802;0,7709679;-1,768748;
00002;004;63733454622,2086;-0,2778465;0,7665985;-1,62014;-0,8737665;-0,2485857;0,4101489;-0,08071687;0;1;120;496,9134;-0,2683075;0,7710767;-1,62006;-0,2642666;0,7676223;-1,742839;0,1367802;0,7709679;-1,768748;
00002;004;63733454628,2933;-0,08069848;0,766417;-1,488237;-0,9667042;-0,2472274;-0,06392846;0,01657693;5;1;121;502,9979;-0,09768261;0,7714786;-1,527609;-0,2642666;0,7676223;-1,742839;0,1367802;0,7709679;-1,768748;
00002;004;63733454632,0091;-0,2646798;0,7656083;-1,511919;-0,9437243;-0,2712704;0,1878456;-0,02260056;1;1;122;506,7138;-0,2707517;0,7702552;-1,545104;-0,2642666;0,7676223;-1,742839;0,1367802;0,7709679;-1,768748;
00002;004;63733454635,7916;-0,1642789;0,7653156;-1,438746;-0,9610273;-0,2709961;0,05449256;-0,004265252;4;1;123;510,4963;-0,1803718;0,770332;-1,483405;-0,2642666;0,7676223;-1,742839;0,1367802;0,7709679;-1,768748;
00002;004;63733454640,0813;0,01174326;0,7686657;-1,607699;-0,9674195;-0,2488612;-0,04419929;0,01462932;6;1;124;514,7863;-0,03510149;0,7727354;-1,597429;-0,2642666;0,7676223;-1,742839;0,1367802;0,7709679;-1,768748;
00002;004;63733454644,1394;-0,2696386;0,7650233;-1,443689;-0,9541106;-0,227398;0,1894846;-0,04537269;2;1;125;518,8442;-0,2731957;0,7694337;-1,470149;-0,2642666;0,7676223;-1,742839;0,1367802;0,7709679;-1,768748;
00002;004;63733454647,5085;-0,2837832;0,7640557;-1,336645;-0,9569544;-0,2535197;0,1394504;-0,02279777;3;1;126;522,2127;-0,2756399;0,7686122;-1,395193;-0,2642666;0,7676223;-1,742839;0,1367802;0,7709679;-1,768748;
00002;004;63733454652,9407;-0,2656716;0,7652867;-1,410466;-0,9701931;-0,2078532;0,1207105;0,03084403;2;1;127;527,6452;-0,2731957;0,7694337;-1,470149;-0,2642666;0,7676223;-1,742839;0,1367802;0,7709679;-1,768748;
00002;004;63733454659,1019;-0,06488788;0,7664698;-1,465817;-0,9764316;-0,2079051;-0,02742637;0,0510367;5;1;128;533,8064;-0,09768261;0,7714786;-1,527609;-0,2642666;0,7676223;-1,742839;0,1367802;0,7709679;-1,768748;
00002;004;63733454662,8455;-0,1676936;0,7644938;-1,435549;-0,9692205;-0,2206568;0,109186;-0,0008459376;4;1;129;537,5497;-0,1803718;0,770332;-1,483405;-0,2642666;0,7676223;-1,742839;0,1367802;0,7709679;-1,768748;
00002;004;63733454666,6903;-0,2762148;0,7659845;-1,599643;-0,9027839;-0,2043578;0,3702418;-0,07836025;0;1;130;541,3951;-0,2683075;0,7710767;-1,62006;-0,2642666;0,7676223;-1,742839;0,1367802;0,7709679;-1,768748;
00002;004;63733454669,6676;-0,2783133;0,7648018;-1,517805;-0,9230934;-0,2324343;0,3022661;-0,05008108;1;1;131;544,3724;-0,2707517;0,7702552;-1,545104;-0,2642666;0,7676223;-1,742839;0,1367802;0,7709679;-1,768748;
00002;004;63733454672,8868;-0,002865509;0,7683665;-1,583057;-0,9660898;-0,2433442;-0,0846598;0,01693836;6;1;132;547,5909;-0,03510149;0,7727354;-1,597429;-0,2642666;0,7676223;-1,742839;0,1367802;0,7709679;-1,768748;
00002;004;63733454676,4958;-0,2538121;0,7639308;-1,348238;-0,9625205;-0,2591294;0,07962371;-0,008134594;3;1;133;551,2005;-0,2756399;0,7686122;-1,395193;-0,2642666;0,7676223;-1,742839;0,1367802;0,7709679;-1,768748;
00002;004;63733454679,8559;-0,2790032;0,7642321;-1,342231;-0,9660833;-0,243925;0,08292831;-0,01751198;3;1;134;554,5603;-0,2756399;0,7686122;-1,395193;-0,2642666;0,7676223;-1,742839;0,1367802;0,7709679;-1,768748;
00002;004;63733454683,3958;-0,2613357;0,7646696;-1,508782;-0,9459564;-0,2473302;0,2081617;-0,02574737;1;1;135;558,1004;-0,2707517;0,7702552;-1,545104;-0,2642666;0,7676223;-1,742839;0,1367802;0,7709679;-1,768748;
00002;004;63733454686,3959;-0,2788734;0,7658243;-1,608723;-0,8651685;-0,2362913;0,4340622;-0,08508815;0;1;136;561,1003;-0,2683075;0,7710767;-1,62006;-0,2642666;0,7676223;-1,742839;0,1367802;0,7709679;-1,768748;
00002;004;63733454689,6452;-0,1569563;0,764355;-1,448861;-0,9642507;-0,2542556;0,07419193;-0,008383523;4;1;137;564,3499;-0,1803718;0,770332;-1,483405;-0,2642666;0,7676223;-1,742839;0,1367802;0,7709679;-1,768748;
00002;004;63733454693,2274;-0,05546861;0,7675303;-1,497106;-0,9656352;-0,250355;0,06310525;-0,02980954;5;1;138;567,9323;-0,09768261;0,7714786;-1,527609;-0,2642666;0,7676223;-1,742839;0,1367802;0,7709679;-1,768748;
00002;004;63733454697,1903;-0,2604428;0,7648731;-1,436469;-0,9434528;-0,2606739;0,2038717;-0,01955559;2;1;139;571,8952;-0,2731957;0,7694337;-1,470149;-0,2642666;0,7676223;-1,742839;0,1367802;0,7709679;-1,768748;
00002;004;63733454702,2925;0,004095304;0,768171;-1,563442;-0,9697327;-0,2428641;-0,02520004;-0,0007895914;6;1;140;576,9967;-0,03510149;0,7727354;-1,597429;-0,2642666;0,7676223;-1,742839;0,1367802;0,7709679;-1,768748;
