Experience 1 passage  19/08/2020 17:10 Sujet : 017
0,25;1,7404;-0,811;0
0,65;1,7402;-0,85;0
ExperimentID;participantID;date;PosRx;PosRy;PosRz;QuaternionRotw;QuaternionRotx;QuaternionRoty;QuaternionRotz;targetNumber;condition;aim_number;PosTargetx;PosTargety;PosTargetz;StartingPositionx;StartingPositiony;StartingPositionz;CalibrationCubex;CalibrationCubey;CalibrationCubez
00001;018;63733542101,9144;-0,2530324;0,76679;-1,550728;-0,9612547;-0,1717608;-0,2128699;-0,03426676;1;3;1;19,87827;-0,2826035;0,7719972;-1,574373;-0,280548;0,7688462;-1,772196;0,1198287;0,7707339;-1,807066;
00001;018;63733542111,0718;-0,1602432;0,7660456;-1,511147;-0,9609824;-0,1792696;-0,2102879;0,01242242;4;3;2;29,03567;-0,1908676;0,7719147;-1,514708;-0,280548;0,7688462;-1,772196;0,1198287;0,7707339;-1,807066;
00001;018;63733542120,4438;-0,267693;0,7672725;-1,626009;-0,9753659;-0,1847773;-0,118716;-0,0206247;0;3;3;38,40834;-0,2818323;0,7726223;-1,649366;-0,280548;0,7688462;-1,772196;0,1198287;0,7707339;-1,807066;
00001;018;63733542133,8818;-0,2626573;0,7650874;-1,47266;-0,9716114;-0,1421797;-0,182446;-0,0496942;2;3;4;51,84617;-0,2833747;0,771372;-1,499379;-0,280548;0,7688462;-1,772196;0,1198287;0,7707339;-1,807066;
00001;018;63733542149,9668;-0,05957694;0,7675982;-1,536399;-0,9419258;-0,1572557;-0,2962396;-0,01698685;5;3;5;67,93117;-0,1091835;0,7726633;-1,560751;-0,280548;0,7688462;-1,772196;0,1198287;0,7707339;-1,807066;
00001;018;63733542160,3881;-0,272292;0,7650605;-1,390119;-0,9815817;-0,1399488;-0,1168045;-0,05716981;3;3;6;78,35205;-0,2841459;0,7707469;-1,424386;-0,280548;0,7688462;-1,772196;0,1198287;0,7707339;-1,807066;
00001;018;63733542169,1333;-0,02936923;0,7693337;-1,631804;-0,9337505;-0,1449822;-0,3248104;-0,03985643;6;3;7;87,09733;-0,0481744;0,7735277;-1,631955;-0,280548;0,7688462;-1,772196;0,1198287;0,7707339;-1,807066;
00001;018;63733542181,2629;-0,2771568;0,7665642;-1,553207;-0,9815726;-0,1470257;-0,1017848;-0,06736789;1;3;8;99,22726;-0,2826035;0,7719972;-1,574373;-0,280548;0,7688462;-1,772196;0,1198287;0,7707339;-1,807066;
00001;018;63733542188,9325;-0,004543986;0,7697662;-1,642195;-0,9174146;-0,1457155;-0,3682288;-0,03905233;6;3;9;106,8967;-0,0481744;0,7735277;-1,631955;-0,280548;0,7688462;-1,772196;0,1198287;0,7707339;-1,807066;
00001;018;63733542197,5278;-0,282212;0,7648102;-1,384612;-0,9790375;-0,1749187;-0,1033206;-0,0146248;3;3;10;115,4918;-0,2841459;0,7707469;-1,424386;-0,280548;0,7688462;-1,772196;0,1198287;0,7707339;-1,807066;
00001;018;63733542207,6301;-0,289349;0,767323;-1,639989;-0,977484;-0,1621717;-0,1279814;-0,04296698;0;3;11;125,594;-0,2818323;0,7726223;-1,649366;-0,280548;0,7688462;-1,772196;0,1198287;0,7707339;-1,807066;
00001;018;63733542219,7995;-0,07782011;0,7681987;-1,542977;-0,9396393;-0,1506568;-0,3043945;-0,04152785;5;3;12;137,7632;-0,1091835;0,7726633;-1,560751;-0,280548;0,7688462;-1,772196;0,1198287;0,7707339;-1,807066;
00001;018;63733542233,1471;-0,1553512;0,765887;-1,514775;0,9700117;0,1783882;0,1650909;0,0003040241;4;3;13;151,1109;-0,1908676;0,7719147;-1,514708;-0,280548;0,7688462;-1,772196;0,1198287;0,7707339;-1,807066;
00001;018;63733542244,322;-0,2750157;0,7652011;-1,502531;0,9787095;0,1720498;0,1101038;0,02009316;2;3;14;162,2867;-0,2833747;0,771372;-1,499379;-0,280548;0,7688462;-1,772196;0,1198287;0,7707339;-1,807066;
00001;018;63733542251,8653;-0,2730976;0,7667003;-1,576757;0,9857921;0,1478984;0,04924588;0,06256889;1;3;15;169,8298;-0,2826035;0,7719972;-1,574373;-0,280548;0,7688462;-1,772196;0,1198287;0,7707339;-1,807066;
00001;018;63733542260,7581;-0,008032961;0,7689303;-1,647416;0,8836504;0,1775708;0,4317779;-0,03462089;6;3;16;178,7226;-0,0481744;0,7735277;-1,631955;-0,280548;0,7688462;-1,772196;0,1198287;0,7707339;-1,807066;
00001;018;63733542272,4661;-0,2811942;0,7647882;-1,486397;0,9800089;0,1758279;0,08806769;0,03018506;2;3;17;190,4302;-0,2833747;0,771372;-1,499379;-0,280548;0,7688462;-1,772196;0,1198287;0,7707339;-1,807066;
00001;018;63733542288,738;-0,07224071;0,7667621;-1,553731;0,9501362;0,1671427;0,2632534;-0,001479987;5;3;18;206,7022;-0,1091835;0,7726633;-1,560751;-0,280548;0,7688462;-1,772196;0,1198287;0,7707339;-1,807066;
00001;018;63733542298,2307;-0,2840248;0,7663686;-1,636927;0,9740173;0,2172255;0,0628297;0,01248424;0;3;19;216,1949;-0,2818323;0,7726223;-1,649366;-0,280548;0,7688462;-1,772196;0,1198287;0,7707339;-1,807066;
00001;018;63733542307,7203;-0,1729081;0,7626715;-1,488022;-0,9852443;-0,1175881;-0,1243454;0,002220358;4;3;20;225,6841;-0,1908676;0,7719147;-1,514708;-0,280548;0,7688462;-1,772196;0,1198287;0,7707339;-1,807066;
00001;018;63733542315,1968;-0,2645917;0,76403;-1,397268;-0,978671;-0,1846121;-0,09008639;-0,002476236;3;3;21;233,1605;-0,2841459;0,7707469;-1,424386;-0,280548;0,7688462;-1,772196;0,1198287;0,7707339;-1,807066;
00001;018;63733542322,6507;-0,2738223;0,7662602;-1,648324;-0,9709241;-0,1574347;-0,1776507;-0,03100016;0;3;22;240,6145;-0,2818323;0,7726223;-1,649366;-0,280548;0,7688462;-1,772196;0,1198287;0,7707339;-1,807066;
00001;018;63733542334,1579;-0,2638285;0,7651593;-1,479182;-0,9793354;-0,1789478;-0,08791208;-0,03393323;2;3;23;252,1224;-0,2833747;0,771372;-1,499379;-0,280548;0,7688462;-1,772196;0,1198287;0,7707339;-1,807066;
00001;018;63733542343,9608;-0,08994033;0,7661502;-1,558366;-0,9634626;-0,159368;-0,2151067;-0,0084099;5;3;24;261,9247;-0,1091835;0,7726633;-1,560751;-0,280548;0,7688462;-1,772196;0,1198287;0,7707339;-1,807066;
00001;018;63733542352,8173;-0,02296542;0,7682141;-1,669714;-0,9184666;-0,1821801;-0,347991;0,04617079;6;3;25;270,7817;-0,0481744;0,7735277;-1,631955;-0,280548;0,7688462;-1,772196;0,1198287;0,7707339;-1,807066;
00001;018;63733542362,4233;-0,2868263;0,7646109;-1,392589;-0,978799;-0,1622287;-0,1242747;-0,01379176;3;3;26;280,3872;-0,2841459;0,7707469;-1,424386;-0,280548;0,7688462;-1,772196;0,1198287;0,7707339;-1,807066;
00001;018;63733542376,5527;-0,1341561;0,768012;-1,490825;-0,9512711;-0,1299695;-0,267171;-0,08252829;4;3;27;294,5168;-0,1908676;0,7719147;-1,514708;-0,280548;0,7688462;-1,772196;0,1198287;0,7707339;-1,807066;
00001;018;63733542389,1404;-0,2674053;0,7654403;-1,555629;-0,9774225;-0,2036829;-0,05565558;0,007817334;1;3;28;307,1044;-0,2826035;0,7719972;-1,574373;-0,280548;0,7688462;-1,772196;0,1198287;0,7707339;-1,807066;
00001;018;63733542396,2548;-0,2766948;0,7670566;-1,634007;-0,9824234;-0,1626268;-0,07761272;-0,04871549;0;3;29;314,2185;-0,2818323;0,7726223;-1,649366;-0,280548;0,7688462;-1,772196;0,1198287;0,7707339;-1,807066;
00001;018;63733542403,3928;-0,2623334;0,7648709;-1,411249;-0,9773468;-0,1567547;-0,1382619;-0,03323806;3;3;30;321,3571;-0,2841459;0,7707469;-1,424386;-0,280548;0,7688462;-1,772196;0,1198287;0,7707339;-1,807066;
00001;018;63733542413,168;-0,04310878;0,7682235;-1,646488;0,9171112;0,1802026;0,3531008;-0,04188043;6;3;31;331,1324;-0,0481744;0,7735277;-1,631955;-0,280548;0,7688462;-1,772196;0,1198287;0,7707339;-1,807066;
00001;018;63733542423,7601;-0,2621354;0,7655545;-1,556159;0,9833301;0,136875;0,1005554;0,06492967;1;3;32;341,7247;-0,2826035;0,7719972;-1,574373;-0,280548;0,7688462;-1,772196;0,1198287;0,7707339;-1,807066;
00001;018;63733542436,4555;-0,06503869;0,7671599;-1,557353;0,9449386;0,1697643;0,2797679;0,001099703;5;3;33;354,4192;-0,1091835;0,7726633;-1,560751;-0,280548;0,7688462;-1,772196;0,1198287;0,7707339;-1,807066;
00001;018;63733542446,787;-0,1797606;0,765377;-1,501419;0,9644411;0,1809662;0,1924882;-0,007275523;4;3;34;364,7508;-0,1908676;0,7719147;-1,514708;-0,280548;0,7688462;-1,772196;0,1198287;0,7707339;-1,807066;
00001;018;63733542454,4561;-0,2850015;0,7650514;-1,496946;0,9790955;0,1618403;0,1207216;0,02461447;2;3;35;372,4199;-0,2833747;0,771372;-1,499379;-0,280548;0,7688462;-1,772196;0,1198287;0,7707339;-1,807066;
00001;018;63733542462,0345;-0,2691831;0,7659917;-1,570705;0,9728805;0,172598;0,1498183;0,03561;1;3;36;379,9985;-0,2826035;0,7719972;-1,574373;-0,280548;0,7688462;-1,772196;0,1198287;0,7707339;-1,807066;
00001;018;63733542471,9857;-0,06662841;0,767513;-1,572075;0,9605805;0,1575536;0,2276515;0,02523462;5;3;37;389,9503;-0,1091835;0,7726633;-1,560751;-0,280548;0,7688462;-1,772196;0,1198287;0,7707339;-1,807066;
00001;018;63733542483,5262;-0,1763614;0,7658035;-1,512632;0,9562065;0,2122927;0,1947758;-0,05160713;4;3;38;401,4907;-0,1908676;0,7719147;-1,514708;-0,280548;0,7688462;-1,772196;0,1198287;0,7707339;-1,807066;
00001;018;63733542490,4983;-0,2902187;0,7650744;-1,475364;0,9649067;0,2037708;0,1640363;-0,02290469;2;3;39;408,4626;-0,2833747;0,771372;-1,499379;-0,280548;0,7688462;-1,772196;0,1198287;0,7707339;-1,807066;
00001;018;63733542498,1559;-0,2766756;0,763482;-1,412993;0,9719422;0,1751093;0,1558183;-0,01964019;3;3;40;416,1205;-0,2841459;0,7707469;-1,424386;-0,280548;0,7688462;-1,772196;0,1198287;0,7707339;-1,807066;
00001;018;63733542504,7028;-0,2865271;0,7663872;-1,646521;0,9708664;0,2022963;0,1281682;0,008216949;0;3;41;422,6667;-0,2818323;0,7726223;-1,649366;-0,280548;0,7688462;-1,772196;0,1198287;0,7707339;-1,807066;
00001;018;63733542511,7172;-0,01349758;0,7688505;-1,640511;0,8433961;0,166134;0,5100218;-0,03098811;6;3;42;429,6819;-0,0481744;0,7735277;-1,631955;-0,280548;0,7688462;-1,772196;0,1198287;0,7707339;-1,807066;
00001;018;63733542518,9878;-0,2687656;0,7666848;-1,570533;0,975055;0,1624677;0,1431973;0,04864711;1;3;43;436,9519;-0,2826035;0,7719972;-1,574373;-0,280548;0,7688462;-1,772196;0,1198287;0,7707339;-1,807066;
00001;018;63733542526,9639;-0,2661501;0,7640034;-1,481624;0,9679513;0,1902893;0,159925;-0,0358386;2;3;44;444,9278;-0,2833747;0,771372;-1,499379;-0,280548;0,7688462;-1,772196;0,1198287;0,7707339;-1,807066;
00001;018;63733542533,7768;-0,01102441;0,7691241;-1,658451;0,8357422;0,1811033;0,5149047;-0,06008089;6;3;45;451,7407;-0,0481744;0,7735277;-1,631955;-0,280548;0,7688462;-1,772196;0,1198287;0,7707339;-1,807066;
00001;018;63733542540,2773;-0,2825598;0,7640824;-1,433568;0,9654861;0,2282579;0,1138458;-0,05266916;3;3;46;458,2416;-0,2841459;0,7707469;-1,424386;-0,280548;0,7688462;-1,772196;0,1198287;0,7707339;-1,807066;
00001;018;63733542549,4922;-0,2857938;0,7657528;-1,656943;0,965582;0,1574982;0,2067037;0,01092528;0;3;47;467,4566;-0,2818323;0,7726223;-1,649366;-0,280548;0,7688462;-1,772196;0,1198287;0,7707339;-1,807066;
00001;018;63733542560,7847;-0,1794608;0,7656016;-1,516245;-0,9452636;-0,183888;-0,2686536;0,02207439;4;3;48;478,7484;-0,1908676;0,7719147;-1,514708;-0,280548;0,7688462;-1,772196;0,1198287;0,7707339;-1,807066;
00001;018;63733542573,4404;-0,08176251;0,7669787;-1,579206;-0,9370261;-0,1544413;-0,3132544;-0,001231353;5;3;49;491,4042;-0,1091835;0,7726633;-1,560751;-0,280548;0,7688462;-1,772196;0,1198287;0,7707339;-1,807066;
00001;018;63733542583,3963;-0,2745767;0,7664127;-1,572441;-0,9865068;-0,1325051;-0,06914225;-0,06682991;1;3;50;501,36;-0,2826035;0,7719972;-1,574373;-0,280548;0,7688462;-1,772196;0,1198287;0,7707339;-1,807066;
00001;018;63733542590,0383;-0,03936005;0,7684946;-1,666121;-0,9182573;-0,1821175;-0,349928;0,03445724;6;3;51;508,0025;-0,0481744;0,7735277;-1,631955;-0,280548;0,7688462;-1,772196;0,1198287;0,7707339;-1,807066;
00001;018;63733542597,8004;-0,2830238;0,7643896;-1,495315;-0,9636856;-0,183669;-0,1929255;0,01885512;2;3;52;515,7645;-0,2833747;0,771372;-1,499379;-0,280548;0,7688462;-1,772196;0,1198287;0,7707339;-1,807066;
00001;018;63733542605,0048;-0,1557494;0,7661378;-1,515653;-0,9503531;-0,1590472;-0,267445;-0,002475776;4;3;53;522,9687;-0,1908676;0,7719147;-1,514708;-0,280548;0,7688462;-1,772196;0,1198287;0,7707339;-1,807066;
00001;018;63733542612,1437;-0,2926995;0,7657456;-1,652928;-0,9797184;-0,1708787;-0,1041666;-0,01007675;0;3;54;530,1074;-0,2818323;0,7726223;-1,649366;-0,280548;0,7688462;-1,772196;0,1198287;0,7707339;-1,807066;
00001;018;63733542618,7444;-0,09134158;0,76702;-1,572487;-0,8934864;-0,158023;-0,4202116;0,01152959;5;3;55;536,7082;-0,1091835;0,7726633;-1,560751;-0,280548;0,7688462;-1,772196;0,1198287;0,7707339;-1,807066;
00001;018;63733542624,9263;-0,2768147;0,7643715;-1,422296;-0,9663005;-0,1908142;-0,1712277;0,02311522;3;3;56;542,8906;-0,2841459;0,7707469;-1,424386;-0,280548;0,7688462;-1,772196;0,1198287;0,7707339;-1,807066;
00001;018;63733542632,4486;-0,1991287;0,765834;-1,50397;-0,9644486;-0,1620646;-0,2080881;-0,01652748;4;3;57;550,4125;-0,1908676;0,7719147;-1,514708;-0,280548;0,7688462;-1,772196;0,1198287;0,7707339;-1,807066;
00001;018;63733542641,3957;-0,2878108;0,7659776;-1,56347;-0,9771757;-0,1900589;-0,09310923;-0,01832834;1;3;58;559,3597;-0,2826035;0,7719972;-1,574373;-0,280548;0,7688462;-1,772196;0,1198287;0,7707339;-1,807066;
00001;018;63733542651,0126;-0,2748005;0,7642146;-1,413386;-0,9696074;-0,1736229;-0,1702719;0,02691239;3;3;59;568,9766;-0,2841459;0,7707469;-1,424386;-0,280548;0,7688462;-1,772196;0,1198287;0,7707339;-1,807066;
00001;018;63733542659,558;-0,07302061;0,7673485;-1,574882;-0,9252154;-0,1727901;-0,3371682;0,02092037;5;3;60;577,5217;-0,1091835;0,7726633;-1,560751;-0,280548;0,7688462;-1,772196;0,1198287;0,7707339;-1,807066;
00001;018;63733542668,9325;-0,2828641;0,7661148;-1,663842;-0,9754196;-0,1662472;-0,1433348;-0,01932649;0;3;61;586,8971;-0,2818323;0,7726223;-1,649366;-0,280548;0,7688462;-1,772196;0,1198287;0,7707339;-1,807066;
00001;018;63733542678,3345;-0,02544235;0,768807;-1,661741;-0,8718133;-0,1602068;-0,4626131;0,01626546;6;3;62;596,2983;-0,0481744;0,7735277;-1,631955;-0,280548;0,7688462;-1,772196;0,1198287;0,7707339;-1,807066;
00001;018;63733542689,9993;-0,2809802;0,7637462;-1,482802;-0,9749127;-0,1743556;-0,1383625;-0,001148881;2;3;63;607,9634;-0,2833747;0,771372;-1,499379;-0,280548;0,7688462;-1,772196;0,1198287;0,7707339;-1,807066;
00001;018;63733542697,4824;-0,2839517;0,7657793;-1,584127;-0,9746649;-0,1983368;-0,1030261;0,008751126;1;3;64;615,4465;-0,2826035;0,7719972;-1,574373;-0,280548;0,7688462;-1,772196;0,1198287;0,7707339;-1,807066;
00001;018;63733542704,8613;-0,005276083;0,7691079;-1,674253;-0,9064348;-0,1414964;-0,3958063;0,04113406;6;3;65;622,8257;-0,0481744;0,7735277;-1,631955;-0,280548;0,7688462;-1,772196;0,1198287;0,7707339;-1,807066;
00001;018;63733542713,1158;-0,07920986;0,7676643;-1,592019;-0,8939156;-0,1698766;-0,4145248;0,01503688;5;3;66;631,0803;-0,1091835;0,7726633;-1,560751;-0,280548;0,7688462;-1,772196;0,1198287;0,7707339;-1,807066;
00001;018;63733542720,186;-0,2763461;0,7652054;-1,495955;-0,9740342;-0,1491936;-0,1670814;-0,03290205;2;3;67;638,1501;-0,2833747;0,771372;-1,499379;-0,280548;0,7688462;-1,772196;0,1198287;0,7707339;-1,807066;
00001;018;63733542727,7264;-0,1651959;0,7651258;-1,522329;-0,9291981;-0,1774906;-0,3229594;0,02801974;4;3;68;645,6906;-0,1908676;0,7719147;-1,514708;-0,280548;0,7688462;-1,772196;0,1198287;0,7707339;-1,807066;
00001;018;63733542735,035;-0,2922286;0,7659124;-1,65156;-0,9783639;-0,1912648;-0,07884349;0,002342304;0;3;69;652,9988;-0,2818323;0,7726223;-1,649366;-0,280548;0,7688462;-1,772196;0,1198287;0,7707339;-1,807066;
00001;018;63733542742,8882;-0,2895097;0,7639287;-1,438427;-0,9736308;-0,181995;-0,1372851;0,008581757;3;3;70;660,8525;-0,2841459;0,7707469;-1,424386;-0,280548;0,7688462;-1,772196;0,1198287;0,7707339;-1,807066;
00001;018;63733542752,1712;-0,3034732;0,7631556;-1,415391;-0,9774854;-0,1756691;-0,1167472;-0,005735198;3;3;71;670,135;-0,2841459;0,7707469;-1,424386;-0,280548;0,7688462;-1,772196;0,1198287;0,7707339;-1,807066;
00001;018;63733542761,1117;-0,2980072;0,7637868;-1,504183;-0,9771785;-0,1696152;-0,1278771;0,000525595;2;3;72;679,0763;-0,2833747;0,771372;-1,499379;-0,280548;0,7688462;-1,772196;0,1198287;0,7707339;-1,807066;
00001;018;63733542770,7684;-0,1798092;0,7662106;-1,530314;-0,9477196;-0,1493977;-0,2809998;-0,02338954;4;3;73;688,7324;-0,1908676;0,7719147;-1,514708;-0,280548;0,7688462;-1,772196;0,1198287;0,7707339;-1,807066;
00001;018;63733542779,0512;-0,2713306;0,7655892;-1,603034;-0,9532262;-0,1814453;-0,2410663;0,0180152;1;3;74;697,0151;-0,2826035;0,7719972;-1,574373;-0,280548;0,7688462;-1,772196;0,1198287;0,7707339;-1,807066;
00001;018;63733542788,4922;-0,04970897;0,7685838;-1,673468;-0,9233613;-0,1632748;-0,347479;-0,00191286;6;3;75;706,4561;-0,0481744;0,7735277;-1,631955;-0,280548;0,7688462;-1,772196;0,1198287;0,7707339;-1,807066;
00001;018;63733542796,1697;-0,2761421;0,7669748;-1,682994;-0,9709817;-0,1486996;-0,1824925;-0,04218423;0;3;76;714,1341;-0,2818323;0,7726223;-1,649366;-0,280548;0,7688462;-1,772196;0,1198287;0,7707339;-1,807066;
00001;018;63733542805,7012;-0,1050064;0,7668915;-1,586316;-0,9164343;-0,1656692;-0,3642786;-0,001742433;5;3;77;723,6652;-0,1091835;0,7726633;-1,560751;-0,280548;0,7688462;-1,772196;0,1198287;0,7707339;-1,807066;
00001;018;63733542813,5753;-0,01798953;0,7695752;-1,686517;-0,8772277;-0,1676962;-0,4498327;0,0003045706;6;3;78;731,5396;-0,0481744;0,7735277;-1,631955;-0,280548;0,7688462;-1,772196;0,1198287;0,7707339;-1,807066;
00001;018;63733542823,2151;-0,2913243;0,7641371;-1,426756;-0,9778286;-0,1720006;-0,1193578;-0,004565842;3;3;79;741,1793;-0,2841459;0,7707469;-1,424386;-0,280548;0,7688462;-1,772196;0,1198287;0,7707339;-1,807066;
00001;018;63733542833,9054;-0,2943273;0,7661481;-1,56815;0,9767954;0,1521961;0,1459147;0,03763194;1;3;80;751,8695;-0,2826035;0,7719972;-1,574373;-0,280548;0,7688462;-1,772196;0,1198287;0,7707339;-1,807066;
00001;018;63733542845,0094;-0,1658798;0,7662253;-1,51587;0,950269;0,1627307;0,2647124;0,0208571;4;3;81;762,9738;-0,1908676;0,7719147;-1,514708;-0,280548;0,7688462;-1,772196;0,1198287;0,7707339;-1,807066;
00001;018;63733542865,0798;-0,2940522;0,7658309;-1,668294;0,9781222;0,1863343;0,0924335;-0,003553115;0;3;82;783,0438;-0,2818323;0,7726223;-1,649366;-0,280548;0,7688462;-1,772196;0,1198287;0,7707339;-1,807066;
00001;018;63733542873,2691;-0,09831572;0,767497;-1,576583;0,9358839;0,1656104;0,3109465;0,002626212;5;3;83;791,233;-0,1091835;0,7726633;-1,560751;-0,280548;0,7688462;-1,772196;0,1198287;0,7707339;-1,807066;
00001;018;63733542881,0516;-0,2784943;0,7642359;-1,491398;-0,9739342;-0,1703829;-0,149684;0,004058698;2;3;84;799,0154;-0,2833747;0,771372;-1,499379;-0,280548;0,7688462;-1,772196;0,1198287;0,7707339;-1,807066;
00001;018;63733542888,759;-0,1752707;0,7657257;-1,506943;-0,950859;-0,1556956;-0,2673795;-0,01158787;4;3;85;806,7231;-0,1908676;0,7719147;-1,514708;-0,280548;0,7688462;-1,772196;0,1198287;0,7707339;-1,807066;
00001;018;63733542895,3325;-0,2937998;0,7636078;-1,411645;-0,9791349;-0,1659972;-0,1171101;-0,005008745;3;3;86;813,2968;-0,2841459;0,7707469;-1,424386;-0,280548;0,7688462;-1,772196;0,1198287;0,7707339;-1,807066;
00001;018;63733542902,6591;-0,02909967;0,7689472;-1,680577;-0,9100592;-0,171975;-0,3768495;0,01419416;6;3;87;820,6232;-0,0481744;0,7735277;-1,631955;-0,280548;0,7688462;-1,772196;0,1198287;0,7707339;-1,807066;
00001;018;63733542908,7812;-0,2992767;0,7670611;-1,656171;-0,9826111;-0,17136;-0,0654734;-0,02871493;0;3;88;826,7449;-0,2818323;0,7726223;-1,649366;-0,280548;0,7688462;-1,772196;0,1198287;0,7707339;-1,807066;
00001;018;63733542916,7549;-0,3012203;0,7655492;-1,506038;-0,9847201;-0,1388414;-0,09130573;-0,0520832;2;3;89;834,7186;-0,2833747;0,771372;-1,499379;-0,280548;0,7688462;-1,772196;0,1198287;0,7707339;-1,807066;
00001;018;63733542927,8877;-0,06546499;0,7677538;-1,580423;-0,951569;-0,139469;-0,2711405;-0,03933951;5;3;90;845,8516;-0,1091835;0,7726633;-1,560751;-0,280548;0,7688462;-1,772196;0,1198287;0,7707339;-1,807066;
00001;018;63733542934,7844;-0,2821256;0,7655624;-1,586649;-0,9802032;-0,1781336;-0,08375558;-0,02133538;1;3;91;852,7487;-0,2826035;0,7719972;-1,574373;-0,280548;0,7688462;-1,772196;0,1198287;0,7707339;-1,807066;
00001;018;63733542942,6637;-0,2978419;0,7653182;-1,428318;-0,9649061;-0,1600698;-0,206633;-0,02523458;3;3;92;860,6277;-0,2841459;0,7707469;-1,424386;-0,280548;0,7688462;-1,772196;0,1198287;0,7707339;-1,807066;
00001;018;63733542948,8789;-0,3043196;0,7662855;-1,653551;-0,9782724;-0,2006841;-0,04537953;-0,02549054;0;3;93;866,8429;-0,2818323;0,7726223;-1,649366;-0,280548;0,7688462;-1,772196;0,1198287;0,7707339;-1,807066;
00001;018;63733542956,6267;-0,1933185;0,765711;-1,520629;-0,9598147;-0,1611984;-0,2293882;-0,0123262;4;3;94;874,5905;-0,1908676;0,7719147;-1,514708;-0,280548;0,7688462;-1,772196;0,1198287;0,7707339;-1,807066;
00001;018;63733542965,6502;-0,2925799;0,7644889;-1,486766;-0,9800255;-0,1635216;-0,1106002;-0,0240504;2;3;95;883,6146;-0,2833747;0,771372;-1,499379;-0,280548;0,7688462;-1,772196;0,1198287;0,7707339;-1,807066;
00001;018;63733542973,8411;-0,2973522;0,7654716;-1,570455;-0,9799353;-0,1397767;-0,1263121;-0,06507491;1;3;96;891,805;-0,2826035;0,7719972;-1,574373;-0,280548;0,7688462;-1,772196;0,1198287;0,7707339;-1,807066;
00001;018;63733542983,1879;-0,06276213;0,7674319;-1,568951;-0,9280462;-0,1691459;-0,3317951;0,00565036;5;3;97;901,1517;-0,1091835;0,7726633;-1,560751;-0,280548;0,7688462;-1,772196;0,1198287;0,7707339;-1,807066;
00001;018;63733542996,012;-0,019937;0,7683209;-1,659495;-0,893185;-0,1772883;-0,411133;0,04194184;6;3;98;913,9757;-0,0481744;0,7735277;-1,631955;-0,280548;0,7688462;-1,772196;0,1198287;0,7707339;-1,807066;
00001;018;63733543004,0747;-0,2983937;0,7647489;-1,565308;-0,9696951;-0,1999181;-0,1377084;0,02758161;1;3;99;922,0384;-0,2826035;0,7719972;-1,574373;-0,280548;0,7688462;-1,772196;0,1198287;0,7707339;-1,807066;
00001;018;63733543013,0365;-0,2928159;0,7684274;-1,678641;-0,9780613;-0,1999312;-0,03927374;-0,04337522;0;3;100;931,0003;-0,2818323;0,7726223;-1,649366;-0,280548;0,7688462;-1,772196;0,1198287;0,7707339;-1,807066;
00001;018;63733543025,3477;-0,2959254;0,764174;-1,50645;0,9733191;0,2125534;0,07957245;-0,03375368;2;3;101;943,3115;-0,2833747;0,771372;-1,499379;-0,280548;0,7688462;-1,772196;0,1198287;0,7707339;-1,807066;
00001;018;63733543034,5567;-0,1885692;0,7650331;-1,510602;0,9524428;0,2110966;0,2138491;-0,05059139;4;3;102;952,5207;-0,1908676;0,7719147;-1,514708;-0,280548;0,7688462;-1,772196;0,1198287;0,7707339;-1,807066;
00001;018;63733543042,1084;-0,05248016;0,7681176;-1,658491;0,9404678;0,1895903;0,2798105;-0,03580253;6;3;103;960,0727;-0,0481744;0,7735277;-1,631955;-0,280548;0,7688462;-1,772196;0,1198287;0,7707339;-1,807066;
00001;018;63733543050,7351;-0,1059185;0,7661183;-1,57105;0,9183319;0,2099205;0,326465;-0,07759183;5;3;104;968,6995;-0,1091835;0,7726633;-1,560751;-0,280548;0,7688462;-1,772196;0,1198287;0,7707339;-1,807066;
00001;018;63733543059,3415;-0,2826494;0,7639494;-1,396727;0,9743885;0,1457098;0,1695327;0,02437977;3;3;105;977,3058;-0,2841459;0,7707469;-1,424386;-0,280548;0,7688462;-1,772196;0,1198287;0,7707339;-1,807066;
00001;018;63733543067,8123;-0,1864168;0,7658913;-1,506197;0,952468;0,1591504;0,259391;0,01385763;4;3;106;985,7762;-0,1908676;0,7719147;-1,514708;-0,280548;0,7688462;-1,772196;0,1198287;0,7707339;-1,807066;
00001;018;63733543075,3386;-0,1219439;0,7667035;-1,571948;0,9381446;0,1545856;0,30963;0,01083551;5;3;107;993,3025;-0,1091835;0,7726633;-1,560751;-0,280548;0,7688462;-1,772196;0,1198287;0,7707339;-1,807066;
00001;018;63733543083,3046;-0,3027738;0,7646468;-1,498576;0,9698444;0,1642637;0,1798504;0,008548355;2;3;108;1001,269;-0,2833747;0,771372;-1,499379;-0,280548;0,7688462;-1,772196;0,1198287;0,7707339;-1,807066;
00001;018;63733543089,285;-0,3029461;0,7657373;-1,660079;0,9708044;0,223556;0,08531489;-0,01682156;0;3;109;1007,249;-0,2818323;0,7726223;-1,649366;-0,280548;0,7688462;-1,772196;0,1198287;0,7707339;-1,807066;
00001;018;63733543096,2907;-0,01873519;0,7689087;-1,666751;0,9107937;0,1544174;0,382607;0,01490197;6;3;110;1014,255;-0,0481744;0,7735277;-1,631955;-0,280548;0,7688462;-1,772196;0,1198287;0,7707339;-1,807066;
00001;018;63733543102,9716;-0,3066981;0,7654052;-1,583564;0,9777996;0,1633627;0,1296421;0,02033612;1;3;111;1020,936;-0,2826035;0,7719972;-1,574373;-0,280548;0,7688462;-1,772196;0,1198287;0,7707339;-1,807066;
00001;018;63733543111,9509;-0,3174833;0,762435;-1,438254;0,9745148;0,1541267;0,1629878;-0,0009888173;3;3;112;1029,915;-0,2841459;0,7707469;-1,424386;-0,280548;0,7688462;-1,772196;0,1198287;0,7707339;-1,807066;
00001;018;63733543119,6907;-0,3168522;0,7641896;-1,51047;0,9675352;0,2217497;0,1143136;-0,04043823;2;3;113;1037,655;-0,2833747;0,771372;-1,499379;-0,280548;0,7688462;-1,772196;0,1198287;0,7707339;-1,807066;
00001;018;63733543132,4958;-0,08480857;0,7677098;-1,605183;0,9340806;0,138879;0,3267957;0,03755803;5;3;114;1050,46;-0,1091835;0,7726633;-1,560751;-0,280548;0,7688462;-1,772196;0,1198287;0,7707339;-1,807066;
00001;018;63733543142,4562;-0,2004264;0,7654564;-1,517818;0,956118;0,1628938;0,2435236;0,0003789351;4;3;115;1060,42;-0,1908676;0,7719147;-1,514708;-0,280548;0,7688462;-1,772196;0,1198287;0,7707339;-1,807066;
00001;018;63733543149,44;-0,3044842;0,7666624;-1,65941;0,9729173;0,2039017;0,1055283;0,02683129;0;3;116;1067,404;-0,2818323;0,7726223;-1,649366;-0,280548;0,7688462;-1,772196;0,1198287;0,7707339;-1,807066;
00001;018;63733543155,8028;-0,309791;0,7637966;-1,441812;0,9749616;0,1634296;0,1506751;0,006130072;3;3;117;1073,767;-0,2841459;0,7707469;-1,424386;-0,280548;0,7688462;-1,772196;0,1198287;0,7707339;-1,807066;
00001;018;63733543165,0406;-0,3023869;0,7651917;-1,594278;0,9647537;0,2211607;0,1346829;-0,04689285;1;3;118;1083,005;-0,2826035;0,7719972;-1,574373;-0,280548;0,7688462;-1,772196;0,1198287;0,7707339;-1,807066;
00001;018;63733543178,6867;-0,03243438;0,7690995;-1,655758;0,8922695;0,1535766;0,4240622;0,02099125;6;3;119;1096,651;-0,0481744;0,7735277;-1,631955;-0,280548;0,7688462;-1,772196;0,1198287;0,7707339;-1,807066;
00001;018;63733543185,6821;-0,3084095;0,7659208;-1,67241;0,972922;0,2189228;0,07386155;-0,006329936;0;3;120;1103,646;-0,2818323;0,7726223;-1,649366;-0,280548;0,7688462;-1,772196;0,1198287;0,7707339;-1,807066;
00001;018;63733543192,1794;-0,307218;0,7641004;-1,514206;0,9694766;0,2061303;0,1298111;-0,02783326;2;3;121;1110,143;-0,2833747;0,771372;-1,499379;-0,280548;0,7688462;-1,772196;0,1198287;0,7707339;-1,807066;
00001;018;63733543205,7533;-0,05522442;0,7681327;-1,658134;-0,9297004;-0,1647729;-0,3292569;0,009845424;6;3;122;1123,718;-0,0481744;0,7735277;-1,631955;-0,280548;0,7688462;-1,772196;0,1198287;0,7707339;-1,807066;
00001;018;63733543212,1982;-0,3113772;0,7644259;-1,430652;-0,9786389;-0,16712;-0,1192293;-0,01100994;3;3;123;1130,162;-0,2841459;0,7707469;-1,424386;-0,280548;0,7688462;-1,772196;0,1198287;0,7707339;-1,807066;
00001;018;63733543220,6194;-0,3026816;0,7656875;-1,590395;-0,9724032;-0,2129834;-0,09519274;0,002901799;1;3;124;1138,584;-0,2826035;0,7719972;-1,574373;-0,280548;0,7688462;-1,772196;0,1198287;0,7707339;-1,807066;
00001;018;63733543228,0375;-0,2053633;0,7655622;-1,527677;-0,9670979;-0,1885877;-0,1704891;0,009479732;4;3;125;1146,002;-0,1908676;0,7719147;-1,514708;-0,280548;0,7688462;-1,772196;0,1198287;0,7707339;-1,807066;
00001;018;63733543234,9173;-0,1222929;0,7662747;-1,587166;-0,9213942;-0,1814217;-0,340848;0,04406457;5;3;126;1152,881;-0,1091835;0,7726633;-1,560751;-0,280548;0,7688462;-1,772196;0,1198287;0,7707339;-1,807066;
00001;018;63733543241,7668;-0,3049241;0,7657533;-1,590079;0,9683848;0,2220565;0,1130605;-0,01179681;1;3;127;1159,731;-0,2826035;0,7719972;-1,574373;-0,280548;0,7688462;-1,772196;0,1198287;0,7707339;-1,807066;
00001;018;63733543248,9312;-0,105273;0,7664258;-1,589488;0,9266429;0,2026375;0,3093143;-0,06779217;5;3;128;1166,896;-0,1091835;0,7726633;-1,560751;-0,280548;0,7688462;-1,772196;0,1198287;0,7707339;-1,807066;
00001;018;63733543256,6198;-0,3066927;0,7660108;-1,664851;0,963327;0,2438854;0,1095711;-0,02269772;0;3;129;1174,584;-0,2818323;0,7726223;-1,649366;-0,280548;0,7688462;-1,772196;0,1198287;0,7707339;-1,807066;
00001;018;63733543263,6756;-0,2064501;0,7655846;-1,519183;0,9481086;0,1856702;0,2573889;-0,01917294;4;3;130;1181,639;-0,1908676;0,7719147;-1,514708;-0,280548;0,7688462;-1,772196;0,1198287;0,7707339;-1,807066;
00001;018;63733543271,7608;-0,05572325;0,7683574;-1,651616;0,9526576;0,1623439;0,2567752;0,01242465;6;3;131;1189,725;-0,0481744;0,7735277;-1,631955;-0,280548;0,7688462;-1,772196;0,1198287;0,7707339;-1,807066;
00001;018;63733543280,3235;-0,3240263;0,7652477;-1,523556;0,9761539;0,2085688;0,05963692;-0,008138369;2;3;132;1198,288;-0,2833747;0,771372;-1,499379;-0,280548;0,7688462;-1,772196;0,1198287;0,7707339;-1,807066;
00001;018;63733543286,9859;-0,3164627;0,7640273;-1,420543;0,9805561;0,1633633;0,1060626;0,02393385;3;3;133;1204,95;-0,2841459;0,7707469;-1,424386;-0,280548;0,7688462;-1,772196;0,1198287;0,7707339;-1,807066;
00001;018;63733543293,1669;-0,3236238;0,7643273;-1,432539;-0,9734395;-0,2091884;-0,09291359;-0,004785387;3;3;134;1211,131;-0,2841459;0,7707469;-1,424386;-0,280548;0,7688462;-1,772196;0,1198287;0,7707339;-1,807066;
00001;018;63733543300,026;-0,2039182;0,7654853;-1,520815;-0,9575371;-0,1904074;-0,2157264;0,01816671;4;3;135;1217,99;-0,1908676;0,7719147;-1,514708;-0,280548;0,7688462;-1,772196;0,1198287;0,7707339;-1,807066;
00001;018;63733543307,2751;-0,3105793;0,7662745;-1,661206;-0,9762151;-0,2146138;-0,02826261;-0,01209966;0;3;136;1225,24;-0,2818323;0,7726223;-1,649366;-0,280548;0,7688462;-1,772196;0,1198287;0,7707339;-1,807066;
00001;018;63733543316,6453;-0,3198895;0,7643421;-1,500558;-0,9698334;-0,2163987;-0,1102223;0,02111207;2;3;137;1234,61;-0,2833747;0,771372;-1,499379;-0,280548;0,7688462;-1,772196;0,1198287;0,7707339;-1,807066;
00001;018;63733543324,0746;-0,06283616;0,7674624;-1,671208;-0,9315452;-0,1672329;-0,3217529;0,02704948;6;3;138;1242,039;-0,0481744;0,7735277;-1,631955;-0,280548;0,7688462;-1,772196;0,1198287;0,7707339;-1,807066;
00001;018;63733543334,1927;-0,3088982;0,7658385;-1,59299;-0,9826366;-0,1841941;-0,01170055;-0,01900126;1;3;139;1252,157;-0,2826035;0,7719972;-1,574373;-0,280548;0,7688462;-1,772196;0,1198287;0,7707339;-1,807066;
00001;018;63733543341,8127;-0,1154911;0,7658237;-1,570338;-0,9677191;-0,1799203;-0,1759169;0,0141996;5;3;140;1259,776;-0,1091835;0,7726633;-1,560751;-0,280548;0,7688462;-1,772196;0,1198287;0,7707339;-1,807066;
