0,25;1,7404;-0,8081996;0
0,65;1,7402;-0,85;0
ExperimentID;participantID;date;PosRx;PosRy;PosRz;QuaternionRotw;QuaternionRotx;QuaternionRoty;QuaternionRotz;targetNumber;condition;aim_number;PosTargetx;PosTargety;PosTargetz
00001;003;63715803837,9198;-0,3054263;0,7826371;-0,7281871;-0,9864191;-0,1263149;3,984291E-05;-0,1049849;3;1;1;75,68132;-0,28245;0,7800863;-0,7791045;-0,2841436;0,7809413;-1,169129;0,1156527;0,7771947;-1,212674;
00001;003;63715803840,472;-0,3032581;0,7827072;-0,8268383;-0,987957;-0,1195019;0,02803569;-0,09420308;2;1;2;78,23374;-0,2828293;0,7813911;-0,8690941;-0,2841436;0,7809413;-1,169129;0,1156527;0,7771947;-1,212674;
00001;003;63715803843,4882;-0,08610208;0,7832245;-0,9016735;-0,9670537;-0,1765855;-0,1636154;-0,08279308;5;1;3;81,24973;-0,09030108;0,7804067;-0,9401146;-0,2841436;0,7809413;-1,169129;0,1156527;0,7771947;-1,212674;
00001;003;63715803846,2468;-0,02752096;0,7852464;-0,9916523;-0,9584616;-0,157234;-0,2156382;-0,1006428;6;1;4;84,00878;-0,02367026;0,7808685;-1,020211;-0,2841436;0,7809413;-1,169129;0,1156527;0,7771947;-1,212674;
00001;003;63715803848,313;-0,2962759;0,785458;-1,071164;-0,9652269;-0,1353972;0,1721958;-0,1426651;0;1;5;86,07514;-0,2835878;0,7840008;-1,049074;-0,2841436;0,7809413;-1,169129;0,1156527;0,7771947;-1,212674;
00001;003;63715803850,8277;-0,2813026;0,7832544;-0,9230134;-0,9794672;-0,1394674;0,05693815;-0,1339818;1;1;6;88,58897;-0,2832085;0,7826959;-0,9590839;-0,2841436;0,7809413;-1,169129;0,1156527;0,7771947;-1,212674;
00001;003;63715803853,2888;-0,1710475;0,7815408;-0,8494309;-0,9811372;-0,1535685;-0,09174787;-0,07327293;4;1;7;91,05028;-0,180306;0,7805882;-0,887632;-0,2841436;0,7809413;-1,169129;0,1156527;0,7771947;-1,212674;
00001;003;63715803856,0918;-0,0803282;0,7829446;-0,9051148;-0,9705099;-0,1616732;-0,1648278;-0,06931067;5;1;8;93,85316;-0,09030108;0,7804067;-0,9401146;-0,2841436;0,7809413;-1,169129;0,1156527;0,7771947;-1,212674;
00001;003;63715803858,3599;-0,295968;0,7846369;-1,058365;-0,9654977;-0,1328228;0,1863934;-0,1242168;0;1;9;96,12177;-0,2835878;0,7840008;-1,049074;-0,2841436;0,7809413;-1,169129;0,1156527;0,7771947;-1,212674;
00001;003;63715803861,0192;-0,2819279;0,7903427;-0,8130045;0,1373004;-0,7267103;0,2641246;-0,6190953;2;1;10;98,78149;-0,2828293;0,7813911;-0,8690941;-0,2841436;0,7809413;-1,169129;0,1156527;0,7771947;-1,212674;
00001;003;63715803864,1447;-0,169982;0,7816609;-0,8308527;0,9820946;0,1497862;0,09171076;0,06814303;4;1;11;101,9066;-0,180306;0,7805882;-0,887632;-0,2841436;0,7809413;-1,169129;0,1156527;0,7771947;-1,212674;
00001;003;63715803872,3436;-0,2731997;0,7827134;-0,9169444;0,9812551;0,1319409;0,01054594;0,1400673;1;1;12;110,1055;-0,2832085;0,7826959;-0,9590839;-0,2841436;0,7809413;-1,169129;0,1156527;0,7771947;-1,212674;
00001;003;63715803875,2762;-0,01935399;0,7852881;-1,003548;0,9510762;0,1743449;0,243735;0,07517383;6;1;13;113,0383;-0,02367026;0,7808685;-1,020211;-0,2841436;0,7809413;-1,169129;0,1156527;0,7771947;-1,212674;
00001;003;63715803881,0447;-0,2814049;0,7808999;-0,7153801;0,9825762;0,1574329;0,05058759;0,08485295;3;1;14;118,8068;-0,28245;0,7800863;-0,7791045;-0,2841436;0,7809413;-1,169129;0,1156527;0,7771947;-1,212674;
00001;003;63715803884,3067;-0,02317331;0,7852755;-0,9897832;0,9588091;0,1695317;0,2219461;0,05180873;6;1;15;122,0682;-0,02367026;0,7808685;-1,020211;-0,2841436;0,7809413;-1,169129;0,1156527;0,7771947;-1,212674;
00001;003;63715803886,9378;-0,2901616;0,7852855;-1,044466;0,9740742;0,1437346;-0,1035064;0,1407344;0;1;16;124,6996;-0,2835878;0,7840008;-1,049074;-0,2841436;0,7809413;-1,169129;0,1156527;0,7771947;-1,212674;
00001;003;63715803890,8746;-0,2932899;0,7812794;-0,6992088;0,983629;0,1512876;0,04256148;0,08817369;3;1;17;128,6359;-0,28245;0,7800863;-0,7791045;-0,2841436;0,7809413;-1,169129;0,1156527;0,7771947;-1,212674;
00001;003;63715803894,1917;-0,1754177;0,782074;-0,8281152;0,9777952;0,1504778;0,1154005;0,08919522;4;1;18;131,9536;-0,180306;0,7805882;-0,887632;-0,2841436;0,7809413;-1,169129;0,1156527;0,7771947;-1,212674;
00001;003;63715803897,3029;-0,285264;0,7837401;-0,9152609;0,9795244;0,138854;-0,03090317;0,142466;1;1;19;135,0651;-0,2832085;0,7826959;-0,9590839;-0,2841436;0,7809413;-1,169129;0,1156527;0,7771947;-1,212674;
00001;003;63715803901,0235;-0,2854972;0,7810583;-0,8145434;0,9846144;0,1648071;0,009678964;0,05726675;2;1;20;138,7849;-0,2828293;0,7813911;-0,8690941;-0,2841436;0,7809413;-1,169129;0,1156527;0,7771947;-1,212674;
00001;003;63715803904,5304;-0,07762085;0,7832149;-0,8897356;-0,9704499;-0,1574045;-0,1679485;-0,07241667;5;1;21;142,2918;-0,09030108;0,7804067;-0,9401146;-0,2841436;0,7809413;-1,169129;0,1156527;0,7771947;-1,212674;
00001;003;63715803907,5912;-0,02210809;0,7854918;-0,9953122;-0,9656473;-0,1550811;-0,1968587;-0,06871432;6;1;22;145,3527;-0,02367026;0,7808685;-1,020211;-0,2841436;0,7809413;-1,169129;0,1156527;0,7771947;-1,212674;
00001;003;63715803910,8687;-0,09302285;0,7834731;-0,8995102;-0,9733928;-0,156922;-0,1319333;-0,1023505;5;1;23;148,63;-0,09030108;0,7804067;-0,9401146;-0,2841436;0,7809413;-1,169129;0,1156527;0,7771947;-1,212674;
00001;003;63715803913,3334;-0,3006742;0,7855193;-1,057111;-0,9601587;-0,1048237;0,2086273;-0,1535642;0;1;24;151,095;-0,2835878;0,7840008;-1,049074;-0,2841436;0,7809413;-1,169129;0,1156527;0,7771947;-1,212674;
00001;003;63715803916,5654;-0,3003933;0,7818189;-0,7130355;0,9873897;0,1192145;0,01179052;0,1034923;3;1;25;154,3275;-0,28245;0,7800863;-0,7791045;-0,2841436;0,7809413;-1,169129;0,1156527;0,7771947;-1,212674;
00001;003;63715803919,8822;-0,1686339;0,7830493;-0,8319105;-0,9819477;-0,1196943;-0,0774504;-0,1243116;4;1;26;157,6445;-0,180306;0,7805882;-0,887632;-0,2841436;0,7809413;-1,169129;0,1156527;0,7771947;-1,212674;
00001;003;63715803923,1849;-0,295813;0,7815324;-0,8080791;-0,9816957;-0,1447848;-0,0004261808;-0,1237364;2;1;27;160,9467;-0,2828293;0,7813911;-0,8690941;-0,2841436;0,7809413;-1,169129;0,1156527;0,7771947;-1,212674;
00001;003;63715803926,2607;-0,2933569;0,784071;-0,9292141;-0,9805541;-0,1050052;0,07066224;-0,1499819;1;1;28;164,0221;-0,2832085;0,7826959;-0,9590839;-0,2841436;0,7809413;-1,169129;0,1156527;0,7771947;-1,212674;
00001;003;63715803928,5227;-0,3002135;0,7854556;-1,064464;-0,9592803;-0,1256529;0,2178834;-0,1285282;0;1;29;166,2842;-0,2835878;0,7840008;-1,049074;-0,2841436;0,7809413;-1,169129;0,1156527;0,7771947;-1,212674;
00001;003;63715803930,9956;-0,283863;0,7836066;-0,9220251;-0,980687;-0,1121205;0,08300777;-0,1370829;1;1;30;168,7577;-0,2832085;0,7826959;-0,9590839;-0,2841436;0,7809413;-1,169129;0,1156527;0,7771947;-1,212674;
00001;003;63715803934,844;-0,2932718;0,7817661;-0,703739;-0,9883584;-0,1340216;-0,03030438;-0,0653275;3;1;31;172,6061;-0,28245;0,7800863;-0,7791045;-0,2841436;0,7809413;-1,169129;0,1156527;0,7771947;-1,212674;
00001;003;63715803938,0618;-0,2808935;0,7826347;-0,8339818;-0,9850319;-0,1247601;0,01045502;-0,118481;2;1;32;175,8233;-0,2828293;0,7813911;-0,8690941;-0,2841436;0,7809413;-1,169129;0,1156527;0,7771947;-1,212674;
00001;003;63715803940,8997;-0,08035254;0,7830888;-0,9034458;-0,9691266;-0,1634984;-0,1650857;-0,08251478;5;1;33;178,661;-0,09030108;0,7804067;-0,9401146;-0,2841436;0,7809413;-1,169129;0,1156527;0,7771947;-1,212674;
00001;003;63715803943,5844;-0,0268238;0,7852465;-1,007271;-0,9563679;-0,1657111;-0,2362718;-0,04556279;6;1;34;181,3465;-0,02367026;0,7808685;-1,020211;-0,2841436;0,7809413;-1,169129;0,1156527;0,7771947;-1,212674;
00001;003;63715803946,689;-0,1698588;0,7818524;-0,8274031;-0,9802899;-0,1530391;-0,09691351;-0,07885835;4;1;35;184,4511;-0,180306;0,7805882;-0,887632;-0,2841436;0,7809413;-1,169129;0,1156527;0,7771947;-1,212674;
00001;003;63715803949,6712;-0,2988122;0,781571;-0,7283652;-0,9862041;-0,138118;-0,04122109;-0,08139823;3;1;36;187,4332;-0,28245;0,7800863;-0,7791045;-0,2841436;0,7809413;-1,169129;0,1156527;0,7771947;-1,212674;
00001;003;63715803952,719;-0,01379947;0,784407;-0,9832228;-0,9593168;-0,1663711;-0,2224945;-0,05028083;6;1;37;190,4804;-0,02367026;0,7808685;-1,020211;-0,2841436;0,7809413;-1,169129;0,1156527;0,7771947;-1,212674;
00001;003;63715803954,9748;-0,2925796;0,7849728;-1,065466;-0,9679632;-0,145576;0,1511394;-0,1378831;0;1;38;192,7364;-0,2835878;0,7840008;-1,049074;-0,2841436;0,7809413;-1,169129;0,1156527;0,7771947;-1,212674;
00001;003;63715803957,4236;-0,2836718;0,7825128;-0,918834;-0,9823616;-0,136644;0,06941478;-0,1071258;1;1;39;195,1851;-0,2832085;0,7826959;-0,9590839;-0,2841436;0,7809413;-1,169129;0,1156527;0,7771947;-1,212674;
00001;003;63715803959,9523;-0,1740308;0,7813985;-0,8380765;-0,980905;-0,1460306;-0,09581411;-0,08555821;4;1;40;197,714;-0,180306;0,7805882;-0,887632;-0,2841436;0,7809413;-1,169129;0,1156527;0,7771947;-1,212674;
00001;003;63715803962,9416;-0,07695381;0,7827091;-0,8975547;-0,9708727;-0,1709464;-0,1603733;-0,04963866;5;1;41;200,703;-0,09030108;0,7804067;-0,9401146;-0,2841436;0,7809413;-1,169129;0,1156527;0,7771947;-1,212674;
00001;003;63715803965,6343;-0,2954567;0,7820525;-0,8034982;-0,9917139;-0,1187055;-0,001354154;-0,04909917;2;1;42;203,3958;-0,2828293;0,7813911;-0,8690941;-0,2841436;0,7809413;-1,169129;0,1156527;0,7771947;-1,212674;
00001;003;63715803968,6936;-0,07882079;0,7829323;-0,8820314;0,9745588;0,1458115;0,1447571;0,08955316;5;1;43;206,4556;-0,09030108;0,7804067;-0,9401146;-0,2841436;0,7809413;-1,169129;0,1156527;0,7771947;-1,212674;
00001;003;63715803972,2183;-0,3007488;0,7808945;-0,7083213;0,9865416;0,1550024;0,04398596;0,02784221;3;1;44;209,9803;-0,28245;0,7800863;-0,7791045;-0,2841436;0,7809413;-1,169129;0,1156527;0,7771947;-1,212674;
00001;003;63715803975,3618;-0,2918822;0,7841461;-1,074967;0,9691576;0,1936402;-0,1420113;0,05540585;0;1;45;213,1235;-0,2835878;0,7840008;-1,049074;-0,2841436;0,7809413;-1,169129;0,1156527;0,7771947;-1,212674;
00001;003;63715803978,3786;-0,02030579;0,7847546;-0,9871978;0,9587082;0,1559936;0,2377868;-0,001501052;6;1;46;216,1399;-0,02367026;0,7808685;-1,020211;-0,2841436;0,7809413;-1,169129;0,1156527;0,7771947;-1,212674;
00001;003;63715803980,9471;-0,2863826;0,7833284;-0,9259474;0,9847458;0,1283226;-0,06394577;0,09859009;1;1;47;218,7085;-0,2832085;0,7826959;-0,9590839;-0,2841436;0,7809413;-1,169129;0,1156527;0,7771947;-1,212674;
00001;003;63715803984,0021;-0,2895275;0,7914557;-0,8060929;-0,1633089;0,710072;-0,2384696;0,642075;2;1;48;221,7641;-0,2828293;0,7813911;-0,8690941;-0,2841436;0,7809413;-1,169129;0,1156527;0,7771947;-1,212674;
00001;003;63715803986,8891;-0,1878008;0,7814863;-0,8367446;-0,9837855;-0,1563222;-0,06169835;-0,06263357;4;1;49;224,6513;-0,180306;0,7805882;-0,887632;-0,2841436;0,7809413;-1,169129;0,1156527;0,7771947;-1,212674;
00001;003;63715803989,9394;-0,07804476;0,7827052;-0,8912746;-0,9697176;-0,1834922;-0,143768;-0,07286523;5;1;50;227,7007;-0,09030108;0,7804067;-0,9401146;-0,2841436;0,7809413;-1,169129;0,1156527;0,7771947;-1,212674;
00001;003;63715803992,6084;-0,2923728;0,7847533;-1,059259;-0,964112;-0,1522098;0,18729;-0,1106475;0;1;51;230,3697;-0,2835878;0,7840008;-1,049074;-0,2841436;0,7809413;-1,169129;0,1156527;0,7771947;-1,212674;
00001;003;63715803996,2146;-0,2841255;0,7814566;-0,9197176;-0,9775222;-0,1776896;0,0797865;-0,08069056;1;1;52;233,9764;-0,2832085;0,7826959;-0,9590839;-0,2841436;0,7809413;-1,169129;0,1156527;0,7771947;-1,212674;
00001;003;63715803999,9561;-0,2963153;0,7804061;-0,7070155;-0,9759394;-0,2062435;-0,07010546;-0,009548068;3;1;53;237,7178;-0,28245;0,7800863;-0,7791045;-0,2841436;0,7809413;-1,169129;0,1156527;0,7771947;-1,212674;
00001;003;63715804002,9178;-0,1635183;0,7812389;-0,8352858;-0,9798995;-0,1761316;-0,07266275;-0,05911793;4;1;54;240,6791;-0,180306;0,7805882;-0,887632;-0,2841436;0,7809413;-1,169129;0,1156527;0,7771947;-1,212674;
00001;003;63715804007,6828;-0,2906843;0,7820551;-0,8339372;-0,9817123;-0,1538525;0,03019435;-0,1079761;2;1;55;245,4441;-0,2828293;0,7813911;-0,8690941;-0,2841436;0,7809413;-1,169129;0,1156527;0,7771947;-1,212674;
00001;003;63715804010,5688;-0,01677301;0,784257;-0,9913369;-0,9550434;-0,1827523;-0,2303489;-0,03785833;6;1;56;248,3308;-0,02367026;0,7808685;-1,020211;-0,2841436;0,7809413;-1,169129;0,1156527;0,7771947;-1,212674;
00001;003;63715804012,9659;-0,2903941;0,7830057;-0,9339138;-0,9747154;-0,1598956;0,0832828;-0,1320127;1;1;57;250,7274;-0,2832085;0,7826959;-0,9590839;-0,2841436;0,7809413;-1,169129;0,1156527;0,7771947;-1,212674;
00001;003;63715804015,5066;-0,08666408;0,7826229;-0,897189;-0,9707861;-0,1835071;-0,1404151;-0,06467698;5;1;58;253,268;-0,09030108;0,7804067;-0,9401146;-0,2841436;0,7809413;-1,169129;0,1156527;0,7771947;-1,212674;
00001;003;63715804018,9791;-0,3054488;0,7809137;-0,7208953;-0,987184;-0,1437879;0,004779077;-0,06906579;3;1;59;256,7411;-0,28245;0,7800863;-0,7791045;-0,2841436;0,7809413;-1,169129;0,1156527;0,7771947;-1,212674;
00001;003;63715804021,7722;-0,04352092;0,8019068;-0,9934745;-0,8086649;0,1102294;0,5707647;-0,09021162;6;1;60;259,5343;-0,02367026;0,7808685;-1,020211;-0,2841436;0,7809413;-1,169129;0,1156527;0,7771947;-1,212674;
00001;003;63715804025,2962;-0,2710221;0,7909384;-0,8211432;0,1726897;-0,7064067;0,2279567;-0,6474594;2;1;61;263,0581;-0,2828293;0,7813911;-0,8690941;-0,2841436;0,7809413;-1,169129;0,1156527;0,7771947;-1,212674;
00001;003;63715804027,8265;-0,1825349;0,7814535;-0,835031;0,9831564;0,1571167;0,05707732;0,07389254;4;1;62;265,5884;-0,180306;0,7805882;-0,887632;-0,2841436;0,7809413;-1,169129;0,1156527;0,7771947;-1,212674;
00001;003;63715804030,3842;-0,2966239;0,7842336;-1,063954;0,9610655;0,1724967;-0,1914396;0,09974443;0;1;63;268,1457;-0,2835878;0,7840008;-1,049074;-0,2841436;0,7809413;-1,169129;0,1156527;0,7771947;-1,212674;
00001;003;63715804034,0659;-0,0793172;0,7833631;-0,8980351;0,9781539;0,1521303;0,1261318;0,06451485;5;1;64;271,8275;-0,09030108;0,7804067;-0,9401146;-0,2841436;0,7809413;-1,169129;0,1156527;0,7771947;-1,212674;
00001;003;63715804037,8673;-0,2943709;0,7820901;-0,7087525;0,9837983;0,1258067;0,03389411;0,1231456;3;1;65;275,6291;-0,28245;0,7800863;-0,7791045;-0,2841436;0,7809413;-1,169129;0,1156527;0,7771947;-1,212674;
00001;003;63715804040,5042;-0,2954301;0,7807384;-0,8235711;0,9844456;0,162209;-0,02786354;0,06147152;2;1;66;278,2656;-0,2828293;0,7813911;-0,8690941;-0,2841436;0,7809413;-1,169129;0,1156527;0,7771947;-1,212674;
00001;003;63715804043,2477;-0,02462373;0,7852653;-0,9869699;0,9655358;0,1531301;0,2058387;0,04384331;6;1;67;281,009;-0,02367026;0,7808685;-1,020211;-0,2841436;0,7809413;-1,169129;0,1156527;0,7771947;-1,212674;
00001;003;63715804045,7985;-0,2848702;0,7824427;-0,9269429;0,9794093;0,1662128;-0,03782106;0,1081676;1;1;68;283,5599;-0,2832085;0,7826959;-0,9590839;-0,2841436;0,7809413;-1,169129;0,1156527;0,7771947;-1,212674;
00001;003;63715804048,7585;-0,1825245;0,7807285;-0,8211573;0,9788821;0,1891286;0,06335437;0,04479235;4;1;69;286,5203;-0,180306;0,7805882;-0,887632;-0,2841436;0,7809413;-1,169129;0,1156527;0,7771947;-1,212674;
00001;003;63715804051,1947;-0,2982558;0,7830486;-1,048728;0,9505923;0,1853986;-0,2375999;0,07448464;0;1;70;288,9564;-0,2835878;0,7840008;-1,049074;-0,2841436;0,7809413;-1,169129;0,1156527;0,7771947;-1,212674;
00001;003;63715804054,4102;-0,2976162;0,7799304;-0,6913343;0,982389;0,1784832;0,04854304;-0,02644293;3;1;71;292,1717;-0,28245;0,7800863;-0,7791045;-0,2841436;0,7809413;-1,169129;0,1156527;0,7771947;-1,212674;
00001;003;63715804057,7831;-0,07513876;0,7823809;-0,8862647;0,972618;0,1858422;0,1305479;0,0493378;5;1;72;295,5453;-0,09030108;0,7804067;-0,9401146;-0,2841436;0,7809413;-1,169129;0,1156527;0,7771947;-1,212674;
00001;003;63715804060,9106;-0,2894837;0,780697;-0,8126324;0,9828237;0,1730804;-0,02115507;0,06044103;2;1;73;298,6725;-0,2828293;0,7813911;-0,8690941;-0,2841436;0,7809413;-1,169129;0,1156527;0,7771947;-1,212674;
00001;003;63715804063,8488;-0,02020927;0,7847273;-0,9797558;0,9632696;0,170302;0,2015517;0,04985875;6;1;74;301,6105;-0,02367026;0,7808685;-1,020211;-0,2841436;0,7809413;-1,169129;0,1156527;0,7771947;-1,212674;
00001;003;63715804066,4505;-0,2884685;0,783563;-1,036464;0,9639872;0,1562411;-0,1895985;0,1018321;0;1;75;304,2129;-0,2835878;0,7840008;-1,049074;-0,2841436;0,7809413;-1,169129;0,1156527;0,7771947;-1,212674;
00001;003;63715804069,734;-0,1853507;0,7816287;-0,8444461;0,981957;0,1683504;0,04269014;0,07480779;4;1;76;307,4959;-0,180306;0,7805882;-0,887632;-0,2841436;0,7809413;-1,169129;0,1156527;0,7771947;-1,212674;
00001;003;63715804072,4599;-0,2858385;0,7818888;-0,9192721;0,9755208;0,1721112;-0,08538208;0,1069906;1;1;77;310,2216;-0,2832085;0,7826959;-0,9590839;-0,2841436;0,7809413;-1,169129;0,1156527;0,7771947;-1,212674;
00001;003;63715804075,3868;-0,008324095;0,7848678;-0,9800289;0,9624949;0,1698449;0,202843;0,06009155;6;1;78;313,1486;-0,02367026;0,7808685;-1,020211;-0,2841436;0,7809413;-1,169129;0,1156527;0,7771947;-1,212674;
00001;003;63715804078,1227;-0,1787769;0,7809987;-0,8304992;0,9806949;0,1764682;0,04800829;0,0692213;4;1;79;315,8849;-0,180306;0,7805882;-0,887632;-0,2841436;0,7809413;-1,169129;0,1156527;0,7771947;-1,212674;
00001;003;63715804081,6416;-0,2908125;0,7815855;-0,7007881;0,9831823;0,1343261;0,04122423;0,1166602;3;1;80;319,4032;-0,28245;0,7800863;-0,7791045;-0,2841436;0,7809413;-1,169129;0,1156527;0,7771947;-1,212674;
00001;003;63715804085,8193;-0,08686806;0,783029;-0,8971324;0,9722873;0,150498;0,1366048;0,1155288;5;1;81;323,581;-0,09030108;0,7804067;-0,9401146;-0,2841436;0,7809413;-1,169129;0,1156527;0,7771947;-1,212674;
00001;003;63715804089,0471;-0,275763;0,8069241;-0,8320243;0,158385;-0,9169629;0,1161703;-0,347272;2;1;82;326,8088;-0,2828293;0,7813911;-0,8690941;-0,2841436;0,7809413;-1,169129;0,1156527;0,7771947;-1,212674;
00001;003;63715804091,5562;-0,3029197;0,7842961;-1,043112;0,9765869;0,1413164;-0,1107302;0,1185176;0;1;83;329,3185;-0,2835878;0,7840008;-1,049074;-0,2841436;0,7809413;-1,169129;0,1156527;0,7771947;-1,212674;
00001;003;63715804094,1152;-0,2978047;0,7818115;-0,9175273;0,9776089;0,1679613;-0,0575234;0,1129648;1;1;84;331,8766;-0,2832085;0,7826959;-0,9590839;-0,2841436;0,7809413;-1,169129;0,1156527;0,7771947;-1,212674;
00001;003;63715804097,8219;-0,2927008;0,7814827;-0,7084709;0,9852067;0,131962;0,02441354;0,1065725;3;1;85;335,5838;-0,28245;0,7800863;-0,7791045;-0,2841436;0,7809413;-1,169129;0,1156527;0,7771947;-1,212674;
00001;003;63715804100,5531;-0,2875325;0,7823523;-0,9188027;0,9820787;0,1565962;-0,04765658;0,09342387;1;1;86;338,3148;-0,2832085;0,7826959;-0,9590839;-0,2841436;0,7809413;-1,169129;0,1156527;0,7771947;-1,212674;
00001;003;63715804103,288;-0,2854022;0,7807053;-0,8159189;0,9825731;0,1678153;-0,007289646;0,07959366;2;1;87;341,0502;-0,2828293;0,7813911;-0,8690941;-0,2841436;0,7809413;-1,169129;0,1156527;0,7771947;-1,212674;
00001;003;63715804106,3706;-0,07160234;0,7827272;-0,8711238;0,9719393;0,1624577;0,1615296;0,05338231;5;1;88;344,132;-0,09030108;0,7804067;-0,9401146;-0,2841436;0,7809413;-1,169129;0,1156527;0,7771947;-1,212674;
00001;003;63715804108,7293;-0,2913515;0,7848344;-1,037548;0,9709772;0,1147287;-0,1699363;0,1231355;0;1;89;346,4912;-0,2835878;0,7840008;-1,049074;-0,2841436;0,7809413;-1,169129;0,1156527;0,7771947;-1,212674;
00001;003;63715804111,0824;-0,01898135;0,7845651;-0,9837474;0,9629459;0,172892;0,1972636;0,06269667;6;1;90;348,8443;-0,02367026;0,7808685;-1,020211;-0,2841436;0,7809413;-1,169129;0,1156527;0,7771947;-1,212674;
00001;003;63715804113,8389;-0,1840107;0,7818844;-0,8020113;0,9816712;0,1522058;0,05649319;0,09981827;4;1;91;351,6002;-0,180306;0,7805882;-0,887632;-0,2841436;0,7809413;-1,169129;0,1156527;0,7771947;-1,212674;
00001;003;63715804117,4757;-0,07273723;0,7834918;-0,8801352;0,9724827;0,1605321;0,1334218;0,1034682;5;1;92;355,2373;-0,09030108;0,7804067;-0,9401146;-0,2841436;0,7809413;-1,169129;0,1156527;0,7771947;-1,212674;
00001;003;63715804121,1938;-0,2657145;0,7825041;-0,8032278;0,9877248;0,1418321;0,03288077;0,0565881;2;1;93;358,9558;-0,2828293;0,7813911;-0,8690941;-0,2841436;0,7809413;-1,169129;0,1156527;0,7771947;-1,212674;
00001;003;63715804124,1991;-0,2812566;0,7821814;-0,9116713;0,9797006;0,1651075;-0,03616951;0,1077872;1;1;94;361,961;-0,2832085;0,7826959;-0,9590839;-0,2841436;0,7809413;-1,169129;0,1156527;0,7771947;-1,212674;
00001;003;63715804127,1922;-0,005950226;0,7849507;-0,9870536;0,9546271;0,170704;0,2379995;0,05388426;6;1;95;364,9537;-0,02367026;0,7808685;-1,020211;-0,2841436;0,7809413;-1,169129;0,1156527;0,7771947;-1,212674;
00001;003;63715804130,8548;-0,2896111;0,7845327;-1,026438;0,974848;0,138948;-0,09563996;0,1456633;0;1;96;368,6163;-0,2835878;0,7840008;-1,049074;-0,2841436;0,7809413;-1,169129;0,1156527;0,7771947;-1,212674;
00001;003;63715804133,8484;-0,299768;0,7812368;-0,6919221;0,9844025;0,1444231;0,0501987;0,08702724;3;1;97;371,6104;-0,28245;0,7800863;-0,7791045;-0,2841436;0,7809413;-1,169129;0,1156527;0,7771947;-1,212674;
00001;003;63715804136,7728;-0,1710263;0,7808589;-0,8138093;0,9786786;0,1651335;0,09563998;0,07597449;4;1;98;374,5342;-0,180306;0,7805882;-0,887632;-0,2841436;0,7809413;-1,169129;0,1156527;0,7771947;-1,212674;
00001;003;63715804139,3617;-0,2825685;0,8054143;-0,8067914;0,1480563;-0,9037102;0,1538269;-0,3711128;2;1;99;377,1235;-0,2828293;0,7813911;-0,8690941;-0,2841436;0,7809413;-1,169129;0,1156527;0,7771947;-1,212674;
00001;003;63715804142,1933;-0,177902;0,780808;-0,8059835;0,9769312;0,1892971;0,0864667;0,04791421;4;1;100;379,9549;-0,180306;0,7805882;-0,887632;-0,2841436;0,7809413;-1,169129;0,1156527;0,7771947;-1,212674;
00001;003;63715804144,5898;-0,2973201;0,7794102;-0,9081893;0,9729173;0,1983583;-0,09848141;0,06623775;1;1;101;382,3512;-0,2832085;0,7826959;-0,9590839;-0,2841436;0,7809413;-1,169129;0,1156527;0,7771947;-1,212674;
00001;003;63715804146,9737;-0,009928048;0,7847652;-0,9796875;0,9582378;0,1768318;0,2207902;0,04198501;6;1;102;384,7356;-0,02367026;0,7808685;-1,020211;-0,2841436;0,7809413;-1,169129;0,1156527;0,7771947;-1,212674;
00001;003;63715804149,8329;-0,2985663;0,7812028;-0,7030381;0,987591;0,1364896;0,02972456;0,07177091;3;1;103;387,5947;-0,28245;0,7800863;-0,7791045;-0,2841436;0,7809413;-1,169129;0,1156527;0,7771947;-1,212674;
00001;003;63715804152,4973;-0,09176339;0,7823091;-0,8959348;0,9729977;0,1765611;0,1362578;0,05946043;5;1;104;390,2592;-0,09030108;0,7804067;-0,9401146;-0,2841436;0,7809413;-1,169129;0,1156527;0,7771947;-1,212674;
00001;003;63715804155,0828;-0,2982509;0,7834362;-1,045515;0,9530369;0,1582692;-0,2307434;0,1158836;0;1;105;392,8445;-0,2835878;0,7840008;-1,049074;-0,2841436;0,7809413;-1,169129;0,1156527;0,7771947;-1,212674;
00001;003;63715804157,5726;-0,02083931;0,7850376;-0,9834049;0,9615155;0,1828189;0,198715;0,05076816;6;1;106;395,3345;-0,02367026;0,7808685;-1,020211;-0,2841436;0,7809413;-1,169129;0,1156527;0,7771947;-1,212674;
00001;003;63715804160,3955;-0,2854266;0,7912745;-0,8005153;-0,1498968;0,7080975;-0,2591652;0,6395018;2;1;107;398,1574;-0,2828293;0,7813911;-0,8690941;-0,2841436;0,7809413;-1,169129;0,1156527;0,7771947;-1,212674;
00001;003;63715804163,9024;-0,1667885;0,7813639;-0,8197276;0,9772549;0,1846166;0,09549358;0,04207857;4;1;108;401,6644;-0,180306;0,7805882;-0,887632;-0,2841436;0,7809413;-1,169129;0,1156527;0,7771947;-1,212674;
00001;003;63715804167,3347;-0,2928347;0,7819626;-0,696012;0,9853494;0,147969;0,07207932;0,04468027;3;1;109;405,0966;-0,28245;0,7800863;-0,7791045;-0,2841436;0,7809413;-1,169129;0,1156527;0,7771947;-1,212674;
00001;003;63715804171,6218;-0,2834087;0,7817971;-0,9069622;0,9813015;0,1426207;-0,03241583;0,1251238;1;1;110;409,3836;-0,2832085;0,7826959;-0,9590839;-0,2841436;0,7809413;-1,169129;0,1156527;0,7771947;-1,212674;
00001;003;63715804175,0438;-0,2892982;0,7834881;-1,017425;0,9806926;0,164939;-0,05486892;0,08959091;0;1;111;412,8054;-0,2835878;0,7840008;-1,049074;-0,2841436;0,7809413;-1,169129;0,1156527;0,7771947;-1,212674;
00001;003;63715804178,5782;-0,0781332;0,7830486;-0,893482;0,9695609;0,1563014;0,1653708;0,09041117;5;1;112;416,34;-0,09030108;0,7804067;-0,9401146;-0,2841436;0,7809413;-1,169129;0,1156527;0,7771947;-1,212674;
00001;003;63715804182,0082;-0,07882967;0,7830173;-0,8854831;0,9720505;0,156991;0,1482512;0,09215954;5;1;113;419,7697;-0,09030108;0,7804067;-0,9401146;-0,2841436;0,7809413;-1,169129;0,1156527;0,7771947;-1,212674;
00001;003;63715804185,4807;-0,1627745;0,7815889;-0,8419512;0,9813595;0,1595715;0,0934165;0,0523816;4;1;114;423,2424;-0,180306;0,7805882;-0,887632;-0,2841436;0,7809413;-1,169129;0,1156527;0,7771947;-1,212674;
00001;003;63715804188,0999;-0,2994609;0,7842236;-1,032501;0,9768019;0,1321667;-0,1220388;0,116175;0;1;115;425,8617;-0,2835878;0,7840008;-1,049074;-0,2841436;0,7809413;-1,169129;0,1156527;0,7771947;-1,212674;
00001;003;63715804191,8043;-0,2674438;0,8060265;-0,8093666;0,1480998;-0,9195877;0,07095427;-0,3569181;2;1;116;429,5665;-0,2828293;0,7813911;-0,8690941;-0,2841436;0,7809413;-1,169129;0,1156527;0,7771947;-1,212674;
00001;003;63715804195,3784;-0,2913133;0,7801424;-0,913931;-0,9739452;-0,2006803;0,05596574;-0,08958837;1;1;117;433,1403;-0,2832085;0,7826959;-0,9590839;-0,2841436;0,7809413;-1,169129;0,1156527;0,7771947;-1,212674;
00001;003;63715804198,7619;-0,3002161;0,7824196;-0,6897463;-0,9869819;-0,1313069;-0,02610373;-0,08912792;3;1;118;436,524;-0,28245;0,7800863;-0,7791045;-0,2841436;0,7809413;-1,169129;0,1156527;0,7771947;-1,212674;
00001;003;63715804201,8375;-0,012464;0,7846226;-0,9859608;-0,9582156;-0,1778778;-0,2201356;-0,04150705;6;1;119;439,5996;-0,02367026;0,7808685;-1,020211;-0,2841436;0,7809413;-1,169129;0,1156527;0,7771947;-1,212674;
00001;003;63715804205,4242;-0,2996747;0,7811216;-0,6836687;-0,984087;-0,1598851;-0,01494042;-0,07606877;3;1;120;443,1859;-0,28245;0,7800863;-0,7791045;-0,2841436;0,7809413;-1,169129;0,1156527;0,7771947;-1,212674;
00001;003;63715804208,2167;-0,2933079;0,7840701;-1,032352;-0,9678477;-0,1520486;0,1648161;-0,1139637;0;1;121;445,9781;-0,2835878;0,7840008;-1,049074;-0,2841436;0,7809413;-1,169129;0,1156527;0,7771947;-1,212674;
00001;003;63715804211,295;-0,07126211;0,7823924;-0,8586901;-0,9731764;-0,1623746;-0,1456068;-0,07321832;5;1;122;449,0573;-0,09030108;0,7804067;-0,9401146;-0,2841436;0,7809413;-1,169129;0,1156527;0,7771947;-1,212674;
00001;003;63715804214,0021;-0,1875988;0,7814738;-0,8413689;-0,9824543;-0,1644056;-0,05146482;-0,07145524;4;1;123;451,7635;-0,180306;0,7805882;-0,887632;-0,2841436;0,7809413;-1,169129;0,1156527;0,7771947;-1,212674;
00001;003;63715804216,9496;-0,02000465;0,7848576;-0,9759233;-0,9635241;-0,1597807;-0,2093565;-0,04755357;6;1;124;454,7119;-0,02367026;0,7808685;-1,020211;-0,2841436;0,7809413;-1,169129;0,1156527;0,7771947;-1,212674;
00001;003;63715804220,693;-0,2856881;0,8072989;-0,8378202;0,237646;-0,8788998;0,1161575;-0,3969471;2;1;125;458,4547;-0,2828293;0,7813911;-0,8690941;-0,2841436;0,7809413;-1,169129;0,1156527;0,7771947;-1,212674;
00001;003;63715804224,1778;-0,2947288;0,7797777;-0,9197366;-0,9708701;-0,2097176;0,09243277;-0,06989997;1;1;126;461,9393;-0,2832085;0,7826959;-0,9590839;-0,2841436;0,7809413;-1,169129;0,1156527;0,7771947;-1,212674;
00001;003;63715804228,0641;-0,1749669;0,7811013;-0,8221893;-0,9803959;-0,1687517;-0,06935327;-0,07440976;4;1;127;465,8262;-0,180306;0,7805882;-0,887632;-0,2841436;0,7809413;-1,169129;0,1156527;0,7771947;-1,212674;
00001;003;63715804231,1885;-0,01836386;0,7848695;-0,9838268;-0,9671019;-0,1559851;-0,195614;-0,04602142;6;1;128;468,9506;-0,02367026;0,7808685;-1,020211;-0,2841436;0,7809413;-1,169129;0,1156527;0,7771947;-1,212674;
00001;003;63715804234,8299;-0,2885639;0,7773921;-0,8103917;-0,9728131;-0,2007268;0,00835055;-0,1152117;2;1;129;472,5915;-0,2828293;0,7813911;-0,8690941;-0,2841436;0,7809413;-1,169129;0,1156527;0,7771947;-1,212674;
00001;003;63715804237,7382;-0,2974954;0,782363;-0,903954;0,9792908;0,1475037;-0,07444907;0,1170025;1;1;130;475,5005;-0,2832085;0,7826959;-0,9590839;-0,2841436;0,7809413;-1,169129;0,1156527;0,7771947;-1,212674;
00001;003;63715804241,1228;-0,07847073;0,7824488;-0,8570194;0,970967;0,1739793;0,1573044;0,04700711;5;1;131;478,8846;-0,09030108;0,7804067;-0,9401146;-0,2841436;0,7809413;-1,169129;0,1156527;0,7771947;-1,212674;
00001;003;63715804243,7687;-0,2969604;0,7849356;-1,041728;0,9726885;0,1336842;-0,1355437;0,1327919;0;1;132;481,5309;-0,2835878;0,7840008;-1,049074;-0,2841436;0,7809413;-1,169129;0,1156527;0,7771947;-1,212674;
00001;003;63715804247,1979;-0,2950464;0,7813215;-0,6783202;0,9842898;0,130107;0,05232605;0,1072743;3;1;133;484,9596;-0,28245;0,7800863;-0,7791045;-0,2841436;0,7809413;-1,169129;0,1156527;0,7771947;-1,212674;
00001;003;63715804250,025;-0,2956375;0,7842436;-1,032938;0,9757562;0,1386334;-0,1195579;0,1199444;0;1;134;487,7865;-0,2835878;0,7840008;-1,049074;-0,2841436;0,7809413;-1,169129;0,1156527;0,7771947;-1,212674;
00001;003;63715804252,9497;-0,07616039;0,7826643;-0,8613086;0,9726739;0,1562271;0,148109;0,08696143;5;1;135;490,7111;-0,09030108;0,7804067;-0,9401146;-0,2841436;0,7809413;-1,169129;0,1156527;0,7771947;-1,212674;
00001;003;63715804255,8057;-0,2958749;0,7809973;-0,8072492;0,9847116;0,154025;-0,01448209;0,08006008;2;1;136;493,5677;-0,2828293;0,7813911;-0,8690941;-0,2841436;0,7809413;-1,169129;0,1156527;0,7771947;-1,212674;
00001;003;63715804258,5763;-0,01682628;0,7848331;-0,9821461;0,9656476;0,1521066;0,205845;0,04490058;6;1;137;496,3385;-0,02367026;0,7808685;-1,020211;-0,2841436;0,7809413;-1,169129;0,1156527;0,7771947;-1,212674;
00001;003;63715804261,103;-0,2872449;0,7827107;-0,8934694;0,9799637;0,1462013;-0,05590596;0,1231705;1;1;138;498,8647;-0,2832085;0,7826959;-0,9590839;-0,2841436;0,7809413;-1,169129;0,1156527;0,7771947;-1,212674;
00001;003;63715804263,8493;-0,1804465;0,7809347;-0,7944629;0,9775203;0,1595367;0,1214044;0,06529206;4;1;139;501,6107;-0,180306;0,7805882;-0,887632;-0,2841436;0,7809413;-1,169129;0,1156527;0,7771947;-1,212674;
00001;003;63715804266,9478;-0,3097726;0,7803751;-0,6790078;0,9831525;0,1629473;0,07108404;0,04250078;3;1;140;504,7091;-0,28245;0,7800863;-0,7791045;-0,2841436;0,7809413;-1,169129;0,1156527;0,7771947;-1,212674;
00001;003;63715804547,2401;-0,1479418;0,7818304;-0,8431152;0,9527786;0,1184943;0,2711036;0,06837215;4;2;1;136,9526;-0,1718589;0,7876878;-0,8751943;-0,2771365;0,7856358;-1,156149;0,1223485;0,7761523;-1,201636;
00001;003;63715804552,0755;-0,2733732;0,7801218;-0,926869;-0,9594425;-0,1675843;-0,2253508;0,02454985;1;2;2;141,7876;-0,2750938;0,7901723;-0,946153;-0,2771365;0,7856358;-1,156149;0,1223485;0,7761523;-1,201636;
00001;003;63715804557,4702;-0,2800157;0,7792957;-0,6921535;-0,9837804;-0,1318996;-0,1213093;0,007908816;3;2;3;147,1829;-0,273439;0,7899476;-0,7661608;-0,2771365;0,7856358;-1,156149;0,1223485;0,7761523;-1,201636;
00001;003;63715804561,0954;-0,06757283;0,7817231;-0,8838161;-0,9262485;-0,1368501;-0,3483071;0,04492231;5;2;4;150,8083;-0,08213618;0,7856469;-0,9281186;-0,2771365;0,7856358;-1,156149;0,1223485;0,7761523;-1,201636;
00001;003;63715804563,4915;-0,2861716;0,7814425;-1,038953;-0,9329986;-0,1761501;-0,313019;0,02244923;0;2;5;153,2046;-0,2759212;0,7902847;-1,036149;-0,2771365;0,7856358;-1,156149;0,1223485;0,7761523;-1,201636;
00001;003;63715804566,1483;-0,005098942;0,7828025;-0,9904785;-0,8690386;-0,1354549;-0,4654563;0,09886552;6;2;6;155,8612;-0,01591962;0,7841834;-1,008546;-0,2771365;0,7856358;-1,156149;0,1223485;0,7761523;-1,201636;
00001;003;63715804568,9246;-0,2941644;0,7772239;-0,8012025;-0,7115001;-0,1329077;0,547847;0,419484;2;2;7;158,6376;-0,2742664;0,79006;-0,8561569;-0,2771365;0,7856358;-1,156149;0,1223485;0,7761523;-1,201636;
00001;003;63715804571,7739;-0,1502083;0,7808115;-0,799917;-0,9725224;-0,113108;-0,2001317;0,03679726;4;2;8;161,4868;-0,1718589;0,7876878;-0,8751943;-0,2771365;0,7856358;-1,156149;0,1223485;0,7761523;-1,201636;
00001;003;63715804574,0969;-0,2813119;0,7823926;-1,038141;-0,9581698;-0,1662813;-0,2326696;0,01122438;0;2;9;163,8098;-0,2759212;0,7902847;-1,036149;-0,2771365;0,7856358;-1,156149;0,1223485;0,7761523;-1,201636;
00001;003;63715804576,9494;0,01761284;0,7833186;-0,9656675;-0,8994304;-0,1186132;-0,412689;0,08150923;6;2;10;166,6623;-0,01591962;0,7841834;-1,008546;-0,2771365;0,7856358;-1,156149;0,1223485;0,7761523;-1,201636;
00001;003;63715804579,6095;-0,272404;0,7798683;-0,8984396;0,9716442;0,1610978;0,171546;-0,02295762;1;2;11;169,3217;-0,2750938;0,7901723;-0,946153;-0,2771365;0,7856358;-1,156149;0,1223485;0,7761523;-1,201636;
00001;003;63715804582,6975;-0,275535;0,7791243;-0,6569225;0,9828418;0,1372644;0,1156274;-0,04255182;3;2;12;172,4098;-0,273439;0,7899476;-0,7661608;-0,2771365;0,7856358;-1,156149;0,1223485;0,7761523;-1,201636;
00001;003;63715804585,8978;-0,2828028;0,7795773;-0,7709298;-0,9752433;-0,1537538;-0,1497435;0,05326506;2;2;13;175,6101;-0,2742664;0,79006;-0,8561569;-0,2771365;0,7856358;-1,156149;0,1223485;0,7761523;-1,201636;
00001;003;63715804588,9148;-0,05281541;0,7811634;-0,8708568;-0,914211;-0,1213191;-0,3717011;0,1064809;5;2;14;178,6273;-0,08213618;0,7856469;-0,9281186;-0,2771365;0,7856358;-1,156149;0,1223485;0,7761523;-1,201636;
00001;003;63715804592,498;-0,04456747;0,7821509;-0,8891196;0,9201907;0,122056;0,3607962;-0,09043051;5;2;15;182,2109;-0,08213618;0,7856469;-0,9281186;-0,2771365;0,7856358;-1,156149;0,1223485;0,7761523;-1,201636;
00001;003;63715804595,224;-0,2763132;0,7804828;-0,9141301;0,971288;0,1486322;0,1725551;-0,06879707;1;2;16;184,9365;-0,2750938;0,7901723;-0,946153;-0,2771365;0,7856358;-1,156149;0,1223485;0,7761523;-1,201636;
00001;003;63715804598,3139;0,008255488;0,8086677;-0,9975315;0,1461429;-0,9303659;0,07788861;-0,3271008;6;2;17;188,0261;-0,01591962;0,7841834;-1,008546;-0,2771365;0,7856358;-1,156149;0,1223485;0,7761523;-1,201636;
00001;003;63715804601,0241;-0,2736617;0,7825696;-1,03898;-0,9552361;-0,1576893;-0,2481883;0,03257013;0;2;18;190,737;-0,2759212;0,7902847;-1,036149;-0,2771365;0,7856358;-1,156149;0,1223485;0,7761523;-1,201636;
00001;003;63715804604,6627;-0,2699855;0,7799972;-0,7999881;-0,9804674;-0,1327611;-0,1337847;0,05621224;2;2;19;194,375;-0,2742664;0,79006;-0,8561569;-0,2771365;0,7856358;-1,156149;0,1223485;0,7761523;-1,201636;
00001;003;63715804608,0031;-0,2727673;0,7808568;-0,6976241;-0,9910009;-0,1076667;-0,07763906;0,01723899;3;2;20;197,7155;-0,273439;0,7899476;-0,7661608;-0,2771365;0,7856358;-1,156149;0,1223485;0,7761523;-1,201636;
00001;003;63715804611,3708;-0,1600946;0,7803619;-0,8231875;-0,9670966;-0,1334719;-0,2125903;0,04141016;4;2;21;201,083;-0,1718589;0,7876878;-0,8751943;-0,2771365;0,7856358;-1,156149;0,1223485;0,7761523;-1,201636;
00001;003;63715804614,8371;-0,275683;0,7801864;-0,7919893;-0,9830048;-0,1393995;-0,1077413;0,051587;2;2;22;204,5501;-0,2742664;0,79006;-0,8561569;-0,2771365;0,7856358;-1,156149;0,1223485;0,7761523;-1,201636;
00001;003;63715804617,8421;-0,2704806;0,7787586;-0,697883;-0,984813;-0,1368479;-0,08586907;0,06358124;3;2;23;207,5542;-0,273439;0,7899476;-0,7661608;-0,2771365;0,7856358;-1,156149;0,1223485;0,7761523;-1,201636;
00001;003;63715804621,3579;-0,05868299;0,7828013;-0,8808085;-0,938899;-0,106156;-0,3225158;0,05641969;5;2;24;211,07;-0,08213618;0,7856469;-0,9281186;-0,2771365;0,7856358;-1,156149;0,1223485;0,7761523;-1,201636;
00001;003;63715804624,9119;-0,1476239;0,7803774;-0,8406721;-0,9564618;-0,1211714;-0,2612185;0,04757366;4;2;25;214,6249;-0,1718589;0,7876878;-0,8751943;-0,2771365;0,7856358;-1,156149;0,1223485;0,7761523;-1,201636;
00001;003;63715804627,9955;-0,2661778;0,7802364;-0,9264894;-0,9666322;-0,1330484;-0,2091337;0,0646793;1;2;26;217,7086;-0,2750938;0,7901723;-0,946153;-0,2771365;0,7856358;-1,156149;0,1223485;0,7761523;-1,201636;
00001;003;63715804631,6027;0,01823021;0,8077989;-0,990405;0,125653;-0,9382897;0,1088447;-0,3032765;6;2;27;221,3157;-0,01591962;0,7841834;-1,008546;-0,2771365;0,7856358;-1,156149;0,1223485;0,7761523;-1,201636;
00001;003;63715804634,1234;-0,2674737;0,7822176;-1,042844;0,9556166;0,1714836;0,2387632;-0,01955709;0;2;28;223,8356;-0,2759212;0,7902847;-1,036149;-0,2771365;0,7856358;-1,156149;0,1223485;0,7761523;-1,201636;
00001;003;63715804637,0313;-0,1241722;0,7804556;-0,834277;0,9566763;0,1224339;0,2572072;-0,06020648;4;2;29;226,7436;-0,1718589;0,7876878;-0,8751943;-0,2771365;0,7856358;-1,156149;0,1223485;0,7761523;-1,201636;
00001;003;63715804639,6965;-0,2711184;0,7826697;-1,045319;0,9515542;0,1567717;0,2624252;-0,0331718;0;2;30;229,4096;-0,2759212;0,7902847;-1,036149;-0,2771365;0,7856358;-1,156149;0,1223485;0,7761523;-1,201636;
00001;003;63715804643,3307;0,03716222;0,8096089;-0,9993416;-0,1816937;0,9351814;-0,09345342;0,2892917;6;2;31;233,0437;-0,01591962;0,7841834;-1,008546;-0,2771365;0,7856358;-1,156149;0,1223485;0,7761523;-1,201636;
00001;003;63715804647,3064;-0,2559564;0,7797451;-0,6760203;-0,9874172;-0,1114906;-0,1007763;0,04920837;3;2;32;237,0189;-0,273439;0,7899476;-0,7661608;-0,2771365;0,7856358;-1,156149;0,1223485;0,7761523;-1,201636;
00001;003;63715804650,8372;-0,269722;0,7946377;-0,7905924;-0,484051;0,4862245;0,008600637;-0,7274657;2;2;33;240,5501;-0,2742664;0,79006;-0,8561569;-0,2771365;0,7856358;-1,156149;0,1223485;0,7761523;-1,201636;
00001;003;63715804654,0492;-0,2660198;0,7807344;-0,9165184;-0,9627791;-0,1417487;-0,2226228;0,05833345;1;2;34;243,7622;-0,2750938;0,7901723;-0,946153;-0,2771365;0,7856358;-1,156149;0,1223485;0,7761523;-1,201636;
00001;003;63715804657,4847;-0,04408918;0,7827152;-0,8749046;-0,9339702;-0,1264495;-0,3310562;0,04595662;5;2;35;247,1972;-0,08213618;0,7856469;-0,9281186;-0,2771365;0,7856358;-1,156149;0,1223485;0,7761523;-1,201636;
00001;003;63715804662,5403;-0,2438773;0,7795913;-0,676604;-0,9806224;-0,1480079;-0,115315;0,05635432;3;2;36;252,2529;-0,273439;0,7899476;-0,7661608;-0,2771365;0,7856358;-1,156149;0,1223485;0,7761523;-1,201636;
00001;003;63715804666,3365;-0,1259645;0,7813641;-0,821447;-0,9674174;-0,1194158;-0,2231863;0,005611816;4;2;37;256,0489;-0,1718589;0,7876878;-0,8751943;-0,2771365;0,7856358;-1,156149;0,1223485;0,7761523;-1,201636;
00001;003;63715804669,9169;0,02186357;0,7839618;-0,9920985;-0,8900357;-0,1364196;-0,4324921;0,04665592;6;2;38;259,6291;-0,01591962;0,7841834;-1,008546;-0,2771365;0,7856358;-1,156149;0,1223485;0,7761523;-1,201636;
00001;003;63715804673,9709;-0,2541304;0,7811581;-0,9243058;-0,963098;-0,1594265;-0,2165701;0,01108139;1;2;39;263,6833;-0,2750938;0,7901723;-0,946153;-0,2771365;0,7856358;-1,156149;0,1223485;0,7761523;-1,201636;
00001;003;63715804677,3996;-0,2578444;0,7829838;-0,8116783;-0,9801791;-0,1139428;-0,1615559;-0,01287745;2;2;40;267,1118;-0,2742664;0,79006;-0,8561569;-0,2771365;0,7856358;-1,156149;0,1223485;0,7761523;-1,201636;
00001;003;63715804680,28;-0,2585312;0,7830164;-1,066389;-0,9389882;-0,1725544;-0,2973825;0,00948006;0;2;41;269,9929;-0,2759212;0,7902847;-1,036149;-0,2771365;0,7856358;-1,156149;0,1223485;0,7761523;-1,201636;
00001;003;63715804683,7879;-0,04552478;0,7826809;-0,8932567;-0,9363372;-0,1373923;-0,3214585;0,03256299;5;2;42;273,5005;-0,08213618;0,7856469;-0,9281186;-0,2771365;0,7856358;-1,156149;0,1223485;0,7761523;-1,201636;
00001;003;63715804686,7583;-0,2556354;0,7814488;-0,7939957;-0,9813232;-0,1244751;-0,1466401;-0,002746762;2;2;43;276,4709;-0,2742664;0,79006;-0,8561569;-0,2771365;0,7856358;-1,156149;0,1223485;0,7761523;-1,201636;
00001;003;63715804688,9373;-0,2589123;0,7833825;-1,038863;0,9510026;0,1211422;0,2842294;-0,01150063;0;2;44;278,6502;-0,2759212;0,7902847;-1,036149;-0,2771365;0,7856358;-1,156149;0,1223485;0,7761523;-1,201636;
00001;003;63715804691,8927;-0,266813;0,7801858;-0,9078823;0,965722;0,1606521;0,194401;-0,06148502;1;2;45;281,6049;-0,2750938;0,7901723;-0,946153;-0,2771365;0,7856358;-1,156149;0,1223485;0,7761523;-1,201636;
00001;003;63715804694,8078;-0,05560821;0,7820518;-0,8983266;0,9302403;0,1349935;0,3357466;-0,06086098;5;2;46;284,5202;-0,08213618;0,7856469;-0,9281186;-0,2771365;0,7856358;-1,156149;0,1223485;0,7761523;-1,201636;
00001;003;63715804697,6948;0,02090681;0,8079893;-1,004061;0,1243257;-0,93524;0,1121983;-0,3118986;6;2;47;287,4072;-0,01591962;0,7841834;-1,008546;-0,2771365;0,7856358;-1,156149;0,1223485;0,7761523;-1,201636;
00001;003;63715804700,873;-0,1218112;0,7812709;-0,824127;-0,9597133;-0,1093007;-0,2500341;0,06698448;4;2;48;290,5856;-0,1718589;0,7876878;-0,8751943;-0,2771365;0,7856358;-1,156149;0,1223485;0,7761523;-1,201636;
00001;003;63715804704,0614;-0,2551961;0,7789515;-0,6958489;-0,9826657;-0,1378844;-0,1166061;0,04194253;3;2;49;293,7742;-0,273439;0,7899476;-0,7661608;-0,2771365;0,7856358;-1,156149;0,1223485;0,7761523;-1,201636;
00001;003;63715804706,996;0,02556049;0,8082423;-1,003108;-0,1592545;0,9381765;-0,1199042;0,2829945;6;2;50;296,7086;-0,01591962;0,7841834;-1,008546;-0,2771365;0,7856358;-1,156149;0,1223485;0,7761523;-1,201636;
00001;003;63715804710,2793;-0,2530603;0,7785475;-0,696163;-0,9787631;-0,147246;-0,1289161;0,06100836;3;2;51;299,9915;-0,273439;0,7899476;-0,7661608;-0,2771365;0,7856358;-1,156149;0,1223485;0,7761523;-1,201636;
00001;003;63715804713,0629;-0,2616926;0,780797;-0,9221724;-0,9558012;-0,1609303;-0,2417261;0,04597746;1;2;52;302,7758;-0,2750938;0,7901723;-0,946153;-0,2771365;0,7856358;-1,156149;0,1223485;0,7761523;-1,201636;
00001;003;63715804715,9114;-0,1413538;0,7803618;-0,8307359;-0,9528702;-0,1388691;-0,2635458;0,05742334;4;2;53;305,6244;-0,1718589;0,7876878;-0,8751943;-0,2771365;0,7856358;-1,156149;0,1223485;0,7761523;-1,201636;
00001;003;63715804718,1238;-0,2652977;0,7826737;-1,059123;-0,9347699;-0,155722;-0,3149745;0,05241254;0;2;54;307,836;-0,2759212;0,7902847;-1,036149;-0,2771365;0,7856358;-1,156149;0,1223485;0,7761523;-1,201636;
00001;003;63715804720,8443;-0,2659372;0,7798439;-0,804975;-0,9682167;-0,1275121;-0,2055897;0,06348122;2;2;55;310,5571;-0,2742664;0,79006;-0,8561569;-0,2771365;0,7856358;-1,156149;0,1223485;0,7761523;-1,201636;
00001;003;63715804723,63;-0,04579215;0,781307;-0,8842866;-0,8995752;-0,1297608;-0,4058313;0,09606017;5;2;56;313,3427;-0,08213618;0,7856469;-0,9281186;-0,2771365;0,7856358;-1,156149;0,1223485;0,7761523;-1,201636;
00001;003;63715804726,0993;-0,2564462;0,7802652;-0,9187291;-0,9541709;-0,1350243;-0,2632391;0,04507235;1;2;57;315,8115;-0,2750938;0,7901723;-0,946153;-0,2771365;0,7856358;-1,156149;0,1223485;0,7761523;-1,201636;
00001;003;63715804728,7553;-0,2563719;0,7789121;-0,8066711;-0,9557405;-0,146728;-0,2520016;0,03906922;2;2;58;318,4676;-0,2742664;0,79006;-0,8561569;-0,2771365;0,7856358;-1,156149;0,1223485;0,7761523;-1,201636;
00001;003;63715804731,2934;0,01380441;0,8078208;-0,9973516;0,1270251;-0,9523583;0,1274384;-0,2462474;6;2;59;321,0056;-0,01591962;0,7841834;-1,008546;-0,2771365;0,7856358;-1,156149;0,1223485;0,7761523;-1,201636;
00001;003;63715804735,6611;-0,2517264;0,7781626;-0,7221636;0,9757401;0,1304608;0,1610122;-0,0706149;3;2;60;325,3735;-0,273439;0,7899476;-0,7661608;-0,2771365;0,7856358;-1,156149;0,1223485;0,7761523;-1,201636;
00001;003;63715804739,4467;-0,05685453;0,7809746;-0,890384;0,9151435;0,1303534;0,3692596;-0,09574893;5;2;61;329,1593;-0,08213618;0,7856469;-0,9281186;-0,2771365;0,7856358;-1,156149;0,1223485;0,7761523;-1,201636;
00001;003;63715804743,5522;-0,2697563;0,7814921;-1,023895;0,9564105;0,1559367;0,2431919;-0,04266705;0;2;62;333,2646;-0,2759212;0,7902847;-1,036149;-0,2771365;0,7856358;-1,156149;0,1223485;0,7761523;-1,201636;
00001;003;63715804746,4903;-0,1520393;0,7796437;-0,8282117;0,9391789;0,138264;0,2978197;-0,1006457;4;2;63;336,2025;-0,1718589;0,7876878;-0,8751943;-0,2771365;0,7856358;-1,156149;0,1223485;0,7761523;-1,201636;
00001;003;63715804749,5106;0,01945734;0,808054;-0,9893626;-0,1578511;0,9370379;-0,1250122;0,2853331;6;2;64;339,2234;-0,01591962;0,7841834;-1,008546;-0,2771365;0,7856358;-1,156149;0,1223485;0,7761523;-1,201636;
00001;003;63715804751,9346;-0,2704464;0,7825232;-1,053805;-0,9357182;-0,1644904;-0,3108567;0,02724956;0;2;65;341,6475;-0,2759212;0,7902847;-1,036149;-0,2771365;0,7856358;-1,156149;0,1223485;0,7761523;-1,201636;
00001;003;63715804754,5548;-0,1318868;0,7803642;-0,8236793;-0,9370999;-0,1308705;-0,3125766;0,08374129;4;2;66;344,2677;-0,1718589;0,7876878;-0,8751943;-0,2771365;0,7856358;-1,156149;0,1223485;0,7761523;-1,201636;
00001;003;63715804757,6921;-0,04264786;0,781042;-0,8842241;0,9048472;0,1327712;0,3935364;-0,09355474;5;2;67;347,4051;-0,08213618;0,7856469;-0,9281186;-0,2771365;0,7856358;-1,156149;0,1223485;0,7761523;-1,201636;
00001;003;63715804760,5568;-0,2524243;0,7809255;-0,778103;0,9747458;0,1241621;0,1816304;-0,03827406;2;2;68;350,2695;-0,2742664;0,79006;-0,8561569;-0,2771365;0,7856358;-1,156149;0,1223485;0,7761523;-1,201636;
00001;003;63715804763,1467;-0,2644364;0,7805383;-0,925088;-0,9546228;-0,1398406;-0,2564037;0,05828548;1;2;69;352,859;-0,2750938;0,7901723;-0,946153;-0,2771365;0,7856358;-1,156149;0,1223485;0,7761523;-1,201636;
00001;003;63715804766,3506;-0,2531994;0,7780198;-0,6967078;-0,9697837;-0,1426215;-0,182962;0,07552232;3;2;70;356,0632;-0,273439;0,7899476;-0,7661608;-0,2771365;0,7856358;-1,156149;0,1223485;0,7761523;-1,201636;
00001;003;63715804769,4111;-0,270178;0,7789078;-0,8197973;-0,9665629;-0,1578382;-0,1893517;0,07063527;2;2;71;359,1239;-0,2742664;0,79006;-0,8561569;-0,2771365;0,7856358;-1,156149;0,1223485;0,7761523;-1,201636;
00001;003;63715804772,6395;-0,2747582;0,7813982;-1,040304;-0,941473;-0,1419731;-0,2967897;0,07340435;0;2;72;362,3516;-0,2759212;0,7902847;-1,036149;-0,2771365;0,7856358;-1,156149;0,1223485;0,7761523;-1,201636;
00001;003;63715804775,9603;-0,1473695;0,7803585;-0,8150316;-0,9481732;-0,1222494;-0,280299;0,08634346;4;2;73;365,6729;-0,1718589;0,7876878;-0,8751943;-0,2771365;0,7856358;-1,156149;0,1223485;0,7761523;-1,201636;
00001;003;63715804779,133;0,01436337;0,8079665;-0,994286;-0,1445016;0,9438576;-0,1256731;0,269181;6;2;74;368,8453;-0,01591962;0,7841834;-1,008546;-0,2771365;0,7856358;-1,156149;0,1223485;0,7761523;-1,201636;
00001;003;63715804783,0047;-0,2701759;0,7783616;-0,7083123;-0,9769432;-0,1322165;-0,1401751;0,09193386;3;2;75;372,7171;-0,273439;0,7899476;-0,7661608;-0,2771365;0,7856358;-1,156149;0,1223485;0,7761523;-1,201636;
00001;003;63715804785,8341;-0,2768042;0,779466;-0,9231658;0,9600505;0,1526362;0,2182606;-0,08583545;1;2;76;375,5472;-0,2750938;0,7901723;-0,946153;-0,2771365;0,7856358;-1,156149;0,1223485;0,7761523;-1,201636;
00001;003;63715804789,3763;-0,06299156;0,7805744;-0,8783469;-0,9288996;-0,1463172;-0,3308041;0,0794076;5;2;77;379,0885;-0,08213618;0,7856469;-0,9281186;-0,2771365;0,7856358;-1,156149;0,1223485;0,7761523;-1,201636;
00001;003;63715804792,3806;-0,144338;0,7793032;-0,8145763;-0,9544175;-0,1331518;-0,2483969;0,09826937;4;2;78;382,093;-0,1718589;0,7876878;-0,8751943;-0,2771365;0,7856358;-1,156149;0,1223485;0,7761523;-1,201636;
00001;003;63715804795,2612;-0,270686;0,7795012;-0,7984134;-0,9765815;-0,149424;-0,1392435;0,06762049;2;2;79;384,9743;-0,2742664;0,79006;-0,8561569;-0,2771365;0,7856358;-1,156149;0,1223485;0,7761523;-1,201636;
00001;003;63715804798,1431;-0,04777309;0,7808117;-0,870735;0,9186937;0,1322494;0,3587787;-0,09894432;5;2;80;387,8554;-0,08213618;0,7856469;-0,9281186;-0,2771365;0,7856358;-1,156149;0,1223485;0,7761523;-1,201636;
00001;003;63715804801,1699;-0,2547584;0,7786625;-0,686592;0,9793868;0,130025;0,1415414;-0,0621376;3;2;81;390,8827;-0,273439;0,7899476;-0,7661608;-0,2771365;0,7856358;-1,156149;0,1223485;0,7761523;-1,201636;
00001;003;63715804803,6387;-0,2678714;0,7819361;-1,064196;0,9320922;0,1725107;0,3142574;-0,05183091;0;2;82;393,3516;-0,2759212;0,7902847;-1,036149;-0,2771365;0,7856358;-1,156149;0,1223485;0,7761523;-1,201636;
00001;003;63715804806,843;0,0132484;0,7947023;-1,002879;0,2362084;-0,1508908;0,9010898;-0,3308696;6;2;83;396,5552;-0,01591962;0,7841834;-1,008546;-0,2771365;0,7856358;-1,156149;0,1223485;0,7761523;-1,201636;
00001;003;63715804809,9832;-0,2569698;0,7798958;-0,9026568;0,9650825;0,139941;0,2208137;-0,01654555;1;2;84;399,6961;-0,2750938;0,7901723;-0,946153;-0,2771365;0,7856358;-1,156149;0,1223485;0,7761523;-1,201636;
00001;003;63715804813,1209;-0,1345267;0,7804303;-0,8248067;0,9497073;0,1313776;0,2785162;-0,05678696;4;2;85;402,8339;-0,1718589;0,7876878;-0,8751943;-0,2771365;0,7856358;-1,156149;0,1223485;0,7761523;-1,201636;
00001;003;63715804816,3159;0,03013045;0,8103111;-0,9837241;-0,1722394;0,9260969;-0,04355913;0,3328376;6;2;86;406,0283;-0,01591962;0,7841834;-1,008546;-0,2771365;0,7856358;-1,156149;0,1223485;0,7761523;-1,201636;
00001;003;63715804819,2827;-0,03718392;0,780925;-0,8706079;0,9336011;0,1272485;0,3194092;-0,1008696;5;2;87;408,995;-0,08213618;0,7856469;-0,9281186;-0,2771365;0,7856358;-1,156149;0,1223485;0,7761523;-1,201636;
00001;003;63715804822,3812;-0,2658991;0,778679;-0,6891279;0,9798743;0,1362103;0,1419185;-0,03394538;3;2;88;412,0936;-0,273439;0,7899476;-0,7661608;-0,2771365;0,7856358;-1,156149;0,1223485;0,7761523;-1,201636;
00001;003;63715804824,9062;-0,2709326;0,7793638;-0,9273772;0,9661328;0,1561083;0,1995067;-0,04913956;1;2;89;414,6188;-0,2750938;0,7901723;-0,946153;-0,2771365;0,7856358;-1,156149;0,1223485;0,7761523;-1,201636;
00001;003;63715804827,1585;-0,2752103;0,7817132;-1,035903;0,9491534;0,1728547;0,2543401;-0,06738304;0;2;90;416,8706;-0,2759212;0,7902847;-1,036149;-0,2771365;0,7856358;-1,156149;0,1223485;0,7761523;-1,201636;
00001;003;63715804830,2852;-0,2758449;0,7798509;-0,7694821;0,976411;0,1562812;0,1479488;-0,01757979;2;2;91;419,9974;-0,2742664;0,79006;-0,8561569;-0,2771365;0,7856358;-1,156149;0,1223485;0,7761523;-1,201636;
00001;003;63715804832,636;-0,2686803;0,7824364;-1,044942;-0,9425352;-0,1697829;-0,2863629;0,02824017;0;2;92;422,3481;-0,2759212;0,7902847;-1,036149;-0,2771365;0,7856358;-1,156149;0,1223485;0,7761523;-1,201636;
00001;003;63715804835,3002;-0,03992535;0,7809724;-0,8861926;-0,9162259;-0,1480903;-0,3581301;0,1016965;5;2;93;425,013;-0,08213618;0,7856469;-0,9281186;-0,2771365;0,7856358;-1,156149;0,1223485;0,7761523;-1,201636;
00001;003;63715804838,0965;0,02570828;0,8079444;-0,9986366;-0,1392106;0,9410635;-0,1105831;0,2877352;6;2;94;427,8095;-0,01591962;0,7841834;-1,008546;-0,2771365;0,7856358;-1,156149;0,1223485;0,7761523;-1,201636;
00001;003;63715804840,7556;-0,2518339;0,7804489;-0,7877831;0,9732568;0,1397018;0,1725651;-0,05895717;2;2;95;430,4682;-0,2742664;0,79006;-0,8561569;-0,2771365;0,7856358;-1,156149;0,1223485;0,7761523;-1,201636;
00001;003;63715804843,716;-0,2583071;0,7784886;-0,6821285;0,9702051;0,1605816;0,1782977;-0,03355045;3;2;96;433,4282;-0,273439;0,7899476;-0,7661608;-0,2771365;0,7856358;-1,156149;0,1223485;0,7761523;-1,201636;
00001;003;63715804846,8473;-0,2720604;0,7795379;-0,9072256;0,9605776;0,1566195;0,2090738;-0,09512728;1;2;97;436,5598;-0,2750938;0,7901723;-0,946153;-0,2771365;0,7856358;-1,156149;0,1223485;0,7761523;-1,201636;
00001;003;63715804851,096;-0,1315912;0,7798405;-0,8101229;0,9557719;0,1352455;0,2478311;-0,08239184;4;2;98;440,8083;-0,1718589;0,7876878;-0,8751943;-0,2771365;0,7856358;-1,156149;0,1223485;0,7761523;-1,201636;
00001;003;63715804854,4922;0,02849801;0,783092;-0,9706166;0,8976249;0,1158706;0,4122061;-0,1045452;6;2;99;444,2045;-0,01591962;0,7841834;-1,008546;-0,2771365;0,7856358;-1,156149;0,1223485;0,7761523;-1,201636;
00001;003;63715804857,4889;-0,2599262;0,7789209;-0,6857113;0,9843153;0,1563904;0,07179122;-0,03887742;3;2;100;447,2013;-0,273439;0,7899476;-0,7661608;-0,2771365;0,7856358;-1,156149;0,1223485;0,7761523;-1,201636;
00001;003;63715804860,0685;-0,2750964;0,779171;-0,9034856;0,9642498;0,1981606;0,1618814;-0,06891435;1;2;101;449,7813;-0,2750938;0,7901723;-0,946153;-0,2771365;0,7856358;-1,156149;0,1223485;0,7761523;-1,201636;
00001;003;63715804862,2332;-0,2703598;0,7812742;-1,039297;0,9557227;0,1959929;0,211475;-0,05881554;0;2;102;451,9454;-0,2759212;0,7902847;-1,036149;-0,2771365;0,7856358;-1,156149;0,1223485;0,7761523;-1,201636;
00001;003;63715804865,0793;-0,1281897;0,7787749;-0,8035169;0,9493244;0,1834473;0,2422567;-0,08026256;4;2;103;454,7916;-0,1718589;0,7876878;-0,8751943;-0,2771365;0,7856358;-1,156149;0,1223485;0,7761523;-1,201636;
00001;003;63715804867,8257;-0,2577625;0,7806628;-0,7816505;0,9777237;0,1440746;0,1493912;-0,03132292;2;2;104;457,5388;-0,2742664;0,79006;-0,8561569;-0,2771365;0,7856358;-1,156149;0,1223485;0,7761523;-1,201636;
00001;003;63715804870,5122;-0,02951359;0,7808104;-0,8878998;0,9213333;0,1723429;0,3368207;-0,08941418;5;2;105;460,2244;-0,08213618;0,7856469;-0,9281186;-0,2771365;0,7856358;-1,156149;0,1223485;0,7761523;-1,201636;
00001;003;63715804873,1145;0,03431206;0,7824669;-0,9897987;0,8864554;0,1544889;0,4250079;-0,09848011;6;2;106;462,8271;-0,01591962;0,7841834;-1,008546;-0,2771365;0,7856358;-1,156149;0,1223485;0,7761523;-1,201636;
00001;003;63715804879,3346;-0,2564497;0,7785895;-0,6947575;0,9830083;0,1564139;0,09587776;-0,006072157;3;2;107;469,0468;-0,273439;0,7899476;-0,7661608;-0,2771365;0,7856358;-1,156149;0,1223485;0,7761523;-1,201636;
00001;003;63715804882,324;-0,1348463;0,7802829;-0,8221938;0,9534067;0,1289618;0,2616111;-0,0770984;4;2;108;472,0367;-0,1718589;0,7876878;-0,8751943;-0,2771365;0,7856358;-1,156149;0,1223485;0,7761523;-1,201636;
00001;003;63715804884,7296;-0,2674446;0,7819715;-1,054491;0,9493683;0,1724734;0,2572432;-0,05271366;0;2;109;474,4425;-0,2759212;0,7902847;-1,036149;-0,2771365;0,7856358;-1,156149;0,1223485;0,7761523;-1,201636;
00001;003;63715804887,4224;-0,2647413;0,7806582;-0,801474;0,9755459;0,1394989;0,1662938;-0,03459386;2;2;110;477,1346;-0,2742664;0,79006;-0,8561569;-0,2771365;0,7856358;-1,156149;0,1223485;0,7761523;-1,201636;
00001;003;63715804890,5536;-0,05213826;0,7814128;-0,8738778;0,937629;0,1342664;0,3039451;-0,1021849;5;2;111;480,2658;-0,08213618;0,7856469;-0,9281186;-0,2771365;0,7856358;-1,156149;0,1223485;0,7761523;-1,201636;
00001;003;63715804893,0744;-0,2666754;0,779967;-0,9003942;0,9730724;0,1329878;0,1516215;-0,1116038;1;2;112;482,7871;-0,2750938;0,7901723;-0,946153;-0,2771365;0,7856358;-1,156149;0,1223485;0,7761523;-1,201636;
00001;003;63715804896,8916;-0,2490296;0,7794189;-0,6786486;0,9838744;0,1234141;0,1116513;-0,06552967;3;2;113;486,6038;-0,273439;0,7899476;-0,7661608;-0,2771365;0,7856358;-1,156149;0,1223485;0,7761523;-1,201636;
00001;003;63715804899,6385;0,02118149;0,7829167;-0,9697619;0,8957921;0,1196874;0,4152745;-0,1038204;6;2;114;489,3513;-0,01591962;0,7841834;-1,008546;-0,2771365;0,7856358;-1,156149;0,1223485;0,7761523;-1,201636;
00001;003;63715804902,3342;-0,2592823;0,7792587;-0,9033736;0,9697307;0,1519926;0,1815834;-0,05956747;1;2;115;492,0465;-0,2750938;0,7901723;-0,946153;-0,2771365;0,7856358;-1,156149;0,1223485;0,7761523;-1,201636;
00001;003;63715804906,0728;-0,2600044;0,7805901;-0,7707301;0,9854814;0,1342454;0,08983656;-0,05228738;2;2;116;495,7859;-0,2742664;0,79006;-0,8561569;-0,2771365;0,7856358;-1,156149;0,1223485;0,7761523;-1,201636;
00001;003;63715804909,0573;-0,1385261;0,779583;-0,811228;0,9688514;0,1493313;0,1900579;-0,05389882;4;2;117;498,7703;-0,1718589;0,7876878;-0,8751943;-0,2771365;0,7856358;-1,156149;0,1223485;0,7761523;-1,201636;
00001;003;63715804911,7285;-0,2583629;0,7814353;-1,042398;0,9622416;0,1789012;0,1981261;-0,05321206;0;2;118;501,4408;-0,2759212;0,7902847;-1,036149;-0,2771365;0,7856358;-1,156149;0,1223485;0,7761523;-1,201636;
00001;003;63715804914,3076;-0,03272404;0,7808247;-0,8935032;0,9295866;0,1592677;0,3194446;-0,09196547;5;2;119;504,0207;-0,08213618;0,7856469;-0,9281186;-0,2771365;0,7856358;-1,156149;0,1223485;0,7761523;-1,201636;
00001;003;63715804917,1801;-0,2567487;0,7784424;-0,6777215;0,9795678;0,1448527;0,1202397;-0,07075985;3;2;120;506,8927;-0,273439;0,7899476;-0,7661608;-0,2771365;0,7856358;-1,156149;0,1223485;0,7761523;-1,201636;
00001;003;63715804919,8592;0,03583353;0,7825701;-0,975572;0,8977074;0,1469582;0,4037047;-0,09770945;6;2;121;509,5714;-0,01591962;0,7841834;-1,008546;-0,2771365;0,7856358;-1,156149;0,1223485;0,7761523;-1,201636;
00001;003;63715804922,3717;-0,2566602;0,7815786;-1,035398;0,9602542;0,1736429;0,2157669;-0,03470892;0;2;122;512,0844;-0,2759212;0,7902847;-1,036149;-0,2771365;0,7856358;-1,156149;0,1223485;0,7761523;-1,201636;
00001;003;63715804924,9412;-0,2676596;0,7797737;-0,8919591;0,971801;0,1504779;0,159738;-0,08627178;1;2;123;514,6536;-0,2750938;0,7901723;-0,946153;-0,2771365;0,7856358;-1,156149;0,1223485;0,7761523;-1,201636;
00001;003;63715804927,9562;-0,1387007;0,7795373;-0,8085251;0,951898;0,1447347;0,2583956;-0,07857426;4;2;124;517,6685;-0,1718589;0,7876878;-0,8751943;-0,2771365;0,7856358;-1,156149;0,1223485;0,7761523;-1,201636;
00001;003;63715804930,7719;-0,03625982;0,7815905;-0,8718621;0,9419171;0,1368667;0,2980573;-0,07226012;5;2;125;520,4844;-0,08213618;0,7856469;-0,9281186;-0,2771365;0,7856358;-1,156149;0,1223485;0,7761523;-1,201636;
00001;003;63715804933,7607;-0,2509944;0,7800398;-0,7654135;0,9844099;0,1611708;0,06656075;-0,0230398;2;2;126;523,4733;-0,2742664;0,79006;-0,8561569;-0,2771365;0,7856358;-1,156149;0,1223485;0,7761523;-1,201636;
00001;003;63715804936,4012;-0,1307532;0,7786453;-0,7989287;0,964349;0,1723296;0,1872158;-0,07269026;4;2;127;526,1143;-0,1718589;0,7876878;-0,8751943;-0,2771365;0,7856358;-1,156149;0,1223485;0,7761523;-1,201636;
00001;003;63715804939,0819;-0,02345919;0,7813073;-0,8664253;0,9533342;0,1474325;0,2578275;-0,05424607;5;2;128;528,7946;-0,08213618;0,7856469;-0,9281186;-0,2771365;0,7856358;-1,156149;0,1223485;0,7761523;-1,201636;
00001;003;63715804941,5622;-0,2577508;0,779553;-0,884225;-0,9774106;-0,1738987;-0,105253;0,05787604;1;2;129;531,2749;-0,2750938;0,7901723;-0,946153;-0,2771365;0,7856358;-1,156149;0,1223485;0,7761523;-1,201636;
00001;003;63715804944,2984;-0,2606758;0,7792448;-0,7596914;-0,9846935;-0,1618679;-0,05481644;0,03424509;2;2;130;534,0106;-0,2742664;0,79006;-0,8561569;-0,2771365;0,7856358;-1,156149;0,1223485;0,7761523;-1,201636;
00001;003;63715804947,1808;-0,254111;0,7783142;-0,6674797;-0,9856938;-0,1519334;-0,05127932;0,05190966;3;2;131;536,8932;-0,273439;0,7899476;-0,7661608;-0,2771365;0,7856358;-1,156149;0,1223485;0,7761523;-1,201636;
00001;003;63715804949,7803;0,02924932;0,8077296;-0,9716649;0,1398046;-0,9182695;0,08772967;-0,3599157;6;2;132;539,4927;-0,01591962;0,7841834;-1,008546;-0,2771365;0,7856358;-1,156149;0,1223485;0,7761523;-1,201636;
00001;003;63715804951,922;-0,2647543;0,7807823;-1,046467;-0,9664909;-0,2017466;-0,1545289;0,03625734;0;2;133;541,6347;-0,2759212;0,7902847;-1,036149;-0,2771365;0,7856358;-1,156149;0,1223485;0,7761523;-1,201636;
00001;003;63715804953,9833;-0,2708446;0,7814462;-1,038226;-0,970034;-0,1838173;-0,1562629;0,02876065;0;2;134;543,6956;-0,2759212;0,7902847;-1,036149;-0,2771365;0,7856358;-1,156149;0,1223485;0,7761523;-1,201636;
00001;003;63715804956,5627;0,04760606;0,8087484;-0,9813013;-0,1689612;0,9015861;-0,07901321;0,3903224;6;2;135;546,2755;-0,01591962;0,7841834;-1,008546;-0,2771365;0,7856358;-1,156149;0,1223485;0,7761523;-1,201636;
00001;003;63715804959,5186;-0,01998802;0,7814778;-0,878987;0,9314786;0,1220464;0,3257621;-0,1064483;5;2;136;549,231;-0,08213618;0,7856469;-0,9281186;-0,2771365;0,7856358;-1,156149;0,1223485;0,7761523;-1,201636;
00001;003;63715804962,4832;-0,1222401;0,7796057;-0,8174102;0,9642392;0,1558314;0,2113176;-0,03611689;4;2;137;552,1955;-0,1718589;0,7876878;-0,8751943;-0,2771365;0,7856358;-1,156149;0,1223485;0,7761523;-1,201636;
00001;003;63715804965,8105;-0,2540101;0,7788117;-0,7774461;0,9785641;0,1707371;0,0740611;-0,08818229;2;2;138;555,5234;-0,2742664;0,79006;-0,8561569;-0,2771365;0,7856358;-1,156149;0,1223485;0,7761523;-1,201636;
00001;003;63715804969,1738;-0,2547609;0,7778181;-0,6694384;0,9779226;0,1891089;0,0522882;-0,07191078;3;2;139;558,8865;-0,273439;0,7899476;-0,7661608;-0,2771365;0,7856358;-1,156149;0,1223485;0,7761523;-1,201636;
00001;003;63715804971,597;-0,2740266;0,7792038;-0,9276012;0,9719824;0,1685968;0,1355571;-0,09192216;1;2;140;561,3099;-0,2750938;0,7901723;-0,946153;-0,2771365;0,7856358;-1,156149;0,1223485;0,7761523;-1,201636;
00001;003;63715805282,8514;-0,1307438;0,7820499;-0,8435577;0,9679899;0,1441171;0,1963088;0,06073398;4;3;1;189,1962;-0,1681931;0,7885298;-0,8687465;-0,2728675;0,7846661;-1,149907;0,1267344;0,7758633;-1,194496;
00001;003;63715805288,763;-0,0508857;0,7844642;-0,9069512;0,948175;0,1215927;0,2775325;0,09568297;5;3;2;195,107;-0,07835342;0,7864038;-0,9214687;-0,2728675;0,7846661;-1,149907;0,1267344;0,7758633;-1,194496;
00001;003;63715805301,4345;-0,287075;0,7947072;-1,153926;0,96358;0,0716703;-0,1833935;0,1809527;3;3;3;207,7785;-0,2700099;0,7911596;-0,7599424;-0,2728675;0,7846661;-1,149907;0,1267344;0,7758633;-1,194496;
00001;003;63715805311,0097;0,001593655;0,7864094;-1,016411;0,9476904;0,1424071;0,2600715;0,1181787;6;3;4;217,3542;-0,01196265;0,784647;-1,001746;-0,2728675;0,7846661;-1,149907;0,1267344;0,7758633;-1,194496;
00001;003;63715805320,3823;-0,2390282;0,7851214;-1,030129;0,985658;0,1111787;-0,001064329;0,1269502;0;3;5;226,7263;-0,2719184;0,7899864;-1,029933;-0,2728675;0,7846661;-1,149907;0,1267344;0,7758633;-1,194496;
00001;003;63715805327,548;-0,2303684;0,7829992;-0,9170341;0,9801884;0,1141561;0,08702958;0,1364737;1;3;6;233,8917;-0,2712823;0,7903775;-0,9399362;-0,2728675;0,7846661;-1,149907;0,1267344;0,7758633;-1,194496;
00001;003;63715805337,9301;-0,2280851;0,7808442;-0,8187754;0,9777945;0,1404435;0,1265852;0,09038725;2;3;7;244,2741;-0,2706461;0,7907686;-0,8499392;-0,2728675;0,7846661;-1,149907;0,1267344;0,7758633;-1,194496;
00001;003;63715805344,8874;0,0398399;0,7854582;-1,014663;0,933399;0,1476363;0,3223954;0,05505421;6;3;8;251,232;-0,01196265;0,784647;-1,001746;-0,2728675;0,7846661;-1,149907;0,1267344;0,7758633;-1,194496;
00001;003;63715805354,4665;-0,2514403;0,7803003;-0,8161104;0,9828913;0,1426179;0,08220566;0,08262756;2;3;9;260,8105;-0,2706461;0,7907686;-0,8499392;-0,2728675;0,7846661;-1,149907;0,1267344;0,7758633;-1,194496;
00001;003;63715805362,0892;-0,1097087;0,7812564;-0,8597403;0,9607787;0,1613947;0,2153006;0,06709489;4;3;10;268,4335;-0,1681931;0,7885298;-0,8687465;-0,2728675;0,7846661;-1,149907;0,1267344;0,7758633;-1,194496;
00001;003;63715805369,6514;-0,2644752;0,7844843;-1,044052;0,9811319;0,1399951;-0,05204535;0,1227717;0;3;11;275,9953;-0,2719184;0,7899864;-1,029933;-0,2728675;0,7846661;-1,149907;0,1267344;0,7758633;-1,194496;
00001;003;63715805383,9371;-0,04052139;0,7835037;-0,9179277;0,9622575;0,1502548;0,2083131;0,08994338;5;3;12;290,2817;-0,07835342;0,7864038;-0,9214687;-0,2728675;0,7846661;-1,149907;0,1267344;0,7758633;-1,194496;
00001;003;63715805389,5898;-0,2477338;0,7833605;-0,9357761;0,9829911;0,1203609;0,01216661;0,13818;1;3;13;295,9336;-0,2712823;0,7903775;-0,9399362;-0,2728675;0,7846661;-1,149907;0,1267344;0,7758633;-1,194496;
00001;003;63715805403,0365;-0,2529081;0,7796807;-0,7440011;0,9825728;0,1564277;0,08022739;0,06037159;3;3;14;309,3811;-0,2700099;0,7911596;-0,7599424;-0,2728675;0,7846661;-1,149907;0,1267344;0,7758633;-1,194496;
00001;003;63715805410,1091;-0,04680976;0,7832623;-0,9204767;0,9675403;0,1508869;0,1951365;0,05496188;5;3;15;316,4531;-0,07835342;0,7864038;-0,9214687;-0,2728675;0,7846661;-1,149907;0,1267344;0,7758633;-1,194496;
00001;003;63715805427,1645;-0,2515981;0,7816373;-0,8294917;0,98676;0,1154884;0,04173512;0,1059497;2;3;16;333,5087;-0,2706461;0,7907686;-0,8499392;-0,2728675;0,7846661;-1,149907;0,1267344;0,7758633;-1,194496;
00001;003;63715805434,5806;-0,2423668;0,7796174;-0,7302886;0,9858207;0,1174973;0,04529211;0,1109084;3;3;17;340,9247;-0,2700099;0,7911596;-0,7599424;-0,2728675;0,7846661;-1,149907;0,1267344;0,7758633;-1,194496;
00001;003;63715805439,9417;-0,1245634;0,7815176;-0,8618162;0,9720653;0,1430523;0,1588717;0,09687668;4;3;18;346,2858;-0,1681931;0,7885298;-0,8687465;-0,2728675;0,7846661;-1,149907;0,1267344;0,7758633;-1,194496;
00001;003;63715805446,7777;-0,2575979;0,7849826;-1,046034;0,9804289;0,1038633;-0,07243717;0,1507463;0;3;19;353,122;-0,2719184;0,7899864;-1,029933;-0,2728675;0,7846661;-1,149907;0,1267344;0,7758633;-1,194496;
00001;003;63715805452,7491;0,008995893;0,7852401;-1,007456;0,9424395;0,1594185;0,280305;0,08844659;6;3;20;359,0934;-0,01196265;0,784647;-1,001746;-0,2728675;0,7846661;-1,149907;0,1267344;0,7758633;-1,194496;
00001;003;63715805459,6559;-0,2492063;0,7811078;-0,9182312;0,9858561;0,1147911;-0,02345886;0,1198351;1;3;21;366,0003;-0,2712823;0,7903775;-0,9399362;-0,2728675;0,7846661;-1,149907;0,1267344;0,7758633;-1,194496;
00001;003;63715805466,0762;-0,2518514;0,783004;-0,9288546;0,9847937;0,1092781;-0,02480199;0,1327576;1;3;22;372,4207;-0,2712823;0,7903775;-0,9399362;-0,2728675;0,7846661;-1,149907;0,1267344;0,7758633;-1,194496;
00001;003;63715805471,9877;0,01878173;0,7853295;-1,009326;0,9384286;0,1603755;0,2944428;0,08327615;6;3;23;378,3319;-0,01196265;0,784647;-1,001746;-0,2728675;0,7846661;-1,149907;0,1267344;0,7758633;-1,194496;
00001;003;63715805478,3874;-0,256018;0,7812823;-0,8193777;0,985577;0,1085216;0,04881696;0,1203244;2;3;24;384,7311;-0,2706461;0,7907686;-0,8499392;-0,2728675;0,7846661;-1,149907;0,1267344;0,7758633;-1,194496;
00001;003;63715805486,0377;-0,2567441;0,7842494;-1,043239;0,9802459;0,1573846;-0,02909298;0,116197;0;3;25;392,3819;-0,2719184;0,7899864;-1,029933;-0,2728675;0,7846661;-1,149907;0,1267344;0,7758633;-1,194496;
00001;003;63715805496,8856;-0,1393518;0,7807166;-0,8566595;0,9717113;0,1840747;0,1406935;0,04581483;4;3;26;403,2296;-0,1681931;0,7885298;-0,8687465;-0,2728675;0,7846661;-1,149907;0,1267344;0,7758633;-1,194496;
00001;003;63715805504,1183;-0,2288226;0,7806568;-0,7294824;0,9779288;0,1482829;0,1161279;0,09045353;3;3;27;410,4627;-0,2700099;0,7911596;-0,7599424;-0,2728675;0,7846661;-1,149907;0,1267344;0,7758633;-1,194496;
00001;003;63715805511,5574;-0,05385242;0,7839732;-0,9227583;0,9629957;0,1413999;0,2072344;0,09848442;5;3;28;417,9021;-0,07835342;0,7864038;-0,9214687;-0,2728675;0,7846661;-1,149907;0,1267344;0,7758633;-1,194496;
00001;003;63715805517,6053;-0,1357479;0,7822946;-0,8616589;0,9747144;0,1431116;0,1381601;0,1017978;4;3;29;423,9491;-0,1681931;0,7885298;-0,8687465;-0,2728675;0,7846661;-1,149907;0,1267344;0,7758633;-1,194496;
00001;003;63715805523,5582;-0,2486335;0,783229;-0,9274665;0,982288;0,1233402;-0,03813412;0,1358063;1;3;30;429,9025;-0,2712823;0,7903775;-0,9399362;-0,2728675;0,7846661;-1,149907;0,1267344;0,7758633;-1,194496;
00001;003;63715805529,9477;-0,2460073;0,7816977;-0,8287609;0,9869682;0,1279765;0,01796477;0,09588065;2;3;31;436,2923;-0,2706461;0,7907686;-0,8499392;-0,2728675;0,7846661;-1,149907;0,1267344;0,7758633;-1,194496;
00001;003;63715805536,1423;-0,2635556;0,7846698;-1,046743;0,9762502;0,161652;-0,08771193;0,1145033;0;3;32;442,4863;-0,2719184;0,7899864;-1,029933;-0,2728675;0,7846661;-1,149907;0,1267344;0,7758633;-1,194496;
00001;003;63715805541,7751;0,008026229;0,7854863;-1,00579;0,9482774;0,1660286;0,2663665;0,04747051;6;3;33;448,119;-0,01196265;0,784647;-1,001746;-0,2728675;0,7846661;-1,149907;0,1267344;0,7758633;-1,194496;
00001;003;63715805547,4836;-0,05027496;0,7832897;-0,9069866;0,9662808;0,1619881;0,1837904;0,07926263;5;3;34;453,8273;-0,07835342;0,7864038;-0,9214687;-0,2728675;0,7846661;-1,149907;0,1267344;0,7758633;-1,194496;
00001;003;63715805554,5765;-0,2357531;0,7809668;-0,7520217;0,9810914;0,1579043;0,07163583;0,08598928;3;3;35;460,9207;-0,2700099;0,7911596;-0,7599424;-0,2728675;0,7846661;-1,149907;0,1267344;0,7758633;-1,194496;
00001;003;63715805560,0945;-0,2477562;0,7818252;-0,8330813;0,9855782;0,1155787;0,01589204;0,1225758;2;3;36;466,4383;-0,2706461;0,7907686;-0,8499392;-0,2728675;0,7846661;-1,149907;0,1267344;0,7758633;-1,194496;
00001;003;63715805571,1185;-0,04275222;0,7838224;-0,918614;0,9633968;0,1563335;0,1919117;0,1029387;5;3;37;477,463;-0,07835342;0,7864038;-0,9214687;-0,2728675;0,7846661;-1,149907;0,1267344;0,7758633;-1,194496;
00001;003;63715805576,7336;-0,1375767;0,7828557;-0,8480001;0,9790284;0,1284188;0,0791663;0,1369115;4;3;38;483,0782;-0,1681931;0,7885298;-0,8687465;-0,2728675;0,7846661;-1,149907;0,1267344;0,7758633;-1,194496;
00001;003;63715805582,8639;-0,2598906;0,7822302;-0,9260767;0,9825728;0,1377334;-0,04980502;0,1144541;1;3;39;489,2085;-0,2712823;0,7903775;-0,9399362;-0,2728675;0,7846661;-1,149907;0,1267344;0,7758633;-1,194496;
00001;003;63715805588,7332;-0,2502118;0,7804562;-0,7314715;0,9800807;0,1756395;0,04694769;0,07992874;3;3;40;495,0775;-0,2700099;0,7911596;-0,7599424;-0,2728675;0,7846661;-1,149907;0,1267344;0,7758633;-1,194496;
00001;003;63715805593,6242;-0,2658398;0,7846463;-1,040226;0,9747403;0,1563628;-0,09187482;0,1303498;0;3;41;499,968;-0,2719184;0,7899864;-1,029933;-0,2728675;0,7846661;-1,149907;0,1267344;0,7758633;-1,194496;
00001;003;63715805599,9019;0,004298281;0,7852406;-1,013755;0,9531319;0,1724473;0,242756;0,05358404;6;3;42;506,2465;-0,01196265;0,784647;-1,001746;-0,2728675;0,7846661;-1,149907;0,1267344;0,7758633;-1,194496;
00001;003;63715805605,3666;-0,2636972;0,7818362;-0,8361811;0,9834843;0,1465815;0,007076909;0,1059363;2;3;43;511,7106;-0,2706461;0,7907686;-0,8499392;-0,2728675;0,7846661;-1,149907;0,1267344;0,7758633;-1,194496;
00001;003;63715805611,1495;-0,05668624;0,7835541;-0,9280958;0,9641466;0,1644694;0,1859737;0,0937284;5;3;44;517,4938;-0,07835342;0,7864038;-0,9214687;-0,2728675;0,7846661;-1,149907;0,1267344;0,7758633;-1,194496;
00001;003;63715805619,9974;-0,2502882;0,7829896;-0,926504;0,9829654;0,1364192;-0,03197442;0,1189396;1;3;45;526,342;-0,2712823;0,7903775;-0,9399362;-0,2728675;0,7846661;-1,149907;0,1267344;0,7758633;-1,194496;
00001;003;63715805624,7217;0,01871873;0,7858344;-1,018211;0,9470091;0,1632365;0,2692091;0,06367099;6;3;46;531,0658;-0,01196265;0,784647;-1,001746;-0,2728675;0,7846661;-1,149907;0,1267344;0,7758633;-1,194496;
00001;003;63715805628,6084;-0,269021;0,7838949;-1,053975;0,9788498;0,1695171;-0,06985679;0,09075826;0;3;47;534,9529;-0,2719184;0,7899864;-1,029933;-0,2728675;0,7846661;-1,149907;0,1267344;0,7758633;-1,194496;
00001;003;63715805633,2002;-0,1421549;0,7815912;-0,8665391;0,9736564;0,1612915;0,138841;0,08186255;4;3;48;539,5441;-0,1681931;0,7885298;-0,8687465;-0,2728675;0,7846661;-1,149907;0,1267344;0,7758633;-1,194496;
00001;003;63715805638,8157;-0,2386407;0,7798773;-0,7429346;-0,9809963;-0,1686714;-0,07300658;-0,06217997;3;3;49;545,1595;-0,2700099;0,7911596;-0,7599424;-0,2728675;0,7846661;-1,149907;0,1267344;0,7758633;-1,194496;
00001;003;63715805645,0957;-0,2536325;0,7833588;-0,9288086;-0,9819029;-0,1407706;-0,003623457;-0,1266381;1;3;50;551,4397;-0,2712823;0,7903775;-0,9399362;-0,2728675;0,7846661;-1,149907;0,1267344;0,7758633;-1,194496;
00001;003;63715805652,3393;-0,2587446;0,7808576;-0,7350348;-0,9841294;-0,1488012;-0,05858232;-0,07691375;3;3;51;558,6838;-0,2700099;0,7911596;-0,7599424;-0,2728675;0,7846661;-1,149907;0,1267344;0,7758633;-1,194496;
00001;003;63715805659,2365;0,008755097;0,7850907;-1,004305;-0,9551231;-0,1616507;-0,243967;-0,04570841;6;3;52;565,5804;-0,01196265;0,784647;-1,001746;-0,2728675;0,7846661;-1,149907;0,1267344;0,7758633;-1,194496;
00001;003;63715805666,035;-0,1302838;0,7818775;-0,8456368;-0,9792824;-0,1381827;-0,1066671;-0,1026335;4;3;53;572,3795;-0,1681931;0,7885298;-0,8687465;-0,2728675;0,7846661;-1,149907;0,1267344;0,7758633;-1,194496;
00001;003;63715805670,886;-0,2767452;0,7844042;-1,047262;-0,9754633;-0,1318327;0,1371339;-0,1108418;0;3;54;577,2304;-0,2719184;0,7899864;-1,029933;-0,2728675;0,7846661;-1,149907;0,1267344;0,7758633;-1,194496;
00001;003;63715805676,817;-0,2593426;0,7819307;-0,8341227;-0,9842842;-0,1032756;-0,02041346;-0,1417818;2;3;55;583,1615;-0,2706461;0,7907686;-0,8499392;-0,2728675;0,7846661;-1,149907;0,1267344;0,7758633;-1,194496;
00001;003;63715805684,3657;-0,06662806;0,7833411;-0,9199827;-0,9656601;-0,1596208;-0,1869481;-0,08409697;5;3;56;590,7094;-0,07835342;0,7864038;-0,9214687;-0,2728675;0,7846661;-1,149907;0,1267344;0,7758633;-1,194496;
00001;003;63715805690,0423;-0,04574388;0,7837901;-0,9246462;-0,968373;-0,1491626;-0,1734015;-0,09968082;5;3;57;596,3866;-0,07835342;0,7864038;-0,9214687;-0,2728675;0,7846661;-1,149907;0,1267344;0,7758633;-1,194496;
00001;003;63715805695,3262;-0,2478409;0,7853923;-1,040195;-0,9812612;-0,1390659;0,04566282;-0,125308;0;3;58;601,67;-0,2719184;0,7899864;-1,029933;-0,2728675;0,7846661;-1,149907;0,1267344;0,7758633;-1,194496;
00001;003;63715805701,0098;-0,2612774;0,7813985;-0,8209915;-0,9844214;-0,1285785;-0,01078307;-0,1194396;2;3;59;607,354;-0,2706461;0,7907686;-0,8499392;-0,2728675;0,7846661;-1,149907;0,1267344;0,7758633;-1,194496;
00001;003;63715805705,5345;-0,2543161;0,7825871;-0,930029;-0,9842879;-0,1386783;0,01699527;-0,1079669;1;3;60;611,8787;-0,2712823;0,7903775;-0,9399362;-0,2728675;0,7846661;-1,149907;0,1267344;0,7758633;-1,194496;
00001;003;63715805710,0882;-0,1316655;0,7818754;-0,8499867;-0,9765474;-0,1414026;-0,1274968;-0,1005238;4;3;61;616,4326;-0,1681931;0,7885298;-0,8687465;-0,2728675;0,7846661;-1,149907;0,1267344;0,7758633;-1,194496;
00001;003;63715805715,1756;-0,2797773;0,780662;-0,7242355;0,9851237;0,1521948;0,00752371;0,07944504;3;3;62;621,5201;-0,2700099;0,7911596;-0,7599424;-0,2728675;0,7846661;-1,149907;0,1267344;0,7758633;-1,194496;
00001;003;63715805720,0667;0,01538719;0,7855976;-1,020869;0,9475107;0,148631;0,2790466;0,04759661;6;3;63;626,4111;-0,01196265;0,784647;-1,001746;-0,2728675;0,7846661;-1,149907;0,1267344;0,7758633;-1,194496;
00001;003;63715805724,9825;0,004049577;0,7851036;-1,000107;0,9575407;0,1515523;0,2365748;0,06465444;6;3;64;631,3264;-0,01196265;0,784647;-1,001746;-0,2728675;0,7846661;-1,149907;0,1267344;0,7758633;-1,194496;
00001;003;63715805731,6943;-0,2644904;0,7819801;-0,8329061;0,9873893;0,1248276;0,00201558;0,09734704;2;3;65;638,0386;-0,2706461;0,7907686;-0,8499392;-0,2728675;0,7846661;-1,149907;0,1267344;0,7758633;-1,194496;
00001;003;63715805739,7037;-0,06132259;0,7831597;-0,9078075;0,9702972;0,1481109;0,1661256;0,09481001;5;3;66;646,0476;-0,07835342;0,7864038;-0,9214687;-0,2728675;0,7846661;-1,149907;0,1267344;0,7758633;-1,194496;
00001;003;63715805745,6674;-0,1369982;0,7814192;-0,8530922;0,9810435;0,1491116;0,08571675;0,08928696;4;3;67;652,0118;-0,1681931;0,7885298;-0,8687465;-0,2728675;0,7846661;-1,149907;0,1267344;0,7758633;-1,194496;
00001;003;63715805751,0851;-0,2517857;0,7835413;-0,9375121;0,9831818;0,1000897;-0,05089947;0,1440305;1;3;68;657,4293;-0,2712823;0,7903775;-0,9399362;-0,2728675;0,7846661;-1,149907;0,1267344;0,7758633;-1,194496;
00001;003;63715805755,0906;-0,267319;0,7846212;-1,048107;0,98215;0,1395368;-0,07729335;0,09968216;0;3;69;661,4344;-0,2719184;0,7899864;-1,029933;-0,2728675;0,7846661;-1,149907;0,1267344;0,7758633;-1,194496;
00001;003;63715805760,6677;-0,2410398;0,7812806;-0,7315788;0,983041;0,1546537;0,01489412;0,09742072;3;3;70;667,0116;-0,2700099;0,7911596;-0,7599424;-0,2728675;0,7846661;-1,149907;0,1267344;0,7758633;-1,194496;
00001;003;63715805766,4289;-0,2562324;0,7831382;-0,9366096;0,9844675;0,1174254;-0,02332843;0,1284167;1;3;71;672,7731;-0,2712823;0,7903775;-0,9399362;-0,2728675;0,7846661;-1,149907;0,1267344;0,7758633;-1,194496;
00001;003;63715805770,6662;-0,270291;0,783944;-1,049791;0,9768898;0,1660368;-0,07506832;0,1117264;0;3;72;677,01;-0,2719184;0,7899864;-1,029933;-0,2728675;0,7846661;-1,149907;0,1267344;0,7758633;-1,194496;
00001;003;63715805775,2778;-0,05075266;0,7831208;-0,9210324;0,9643982;0,1604519;0,1972787;0,07261174;5;3;73;681,6224;-0,07835342;0,7864038;-0,9214687;-0,2728675;0,7846661;-1,149907;0,1267344;0,7758633;-1,194496;
00001;003;63715805779,7753;0,006296509;0,7853023;-1,023608;0,9520023;0,1739126;0,2480027;0,04405214;6;3;74;686,1193;-0,01196265;0,784647;-1,001746;-0,2728675;0,7846661;-1,149907;0,1267344;0,7758633;-1,194496;
00001;003;63715805788,8382;-0,2470682;0,7804312;-0,7309979;0,982134;0,1546457;0,09051637;0,05748384;3;3;75;695,1828;-0,2700099;0,7911596;-0,7599424;-0,2728675;0,7846661;-1,149907;0,1267344;0,7758633;-1,194496;
00001;003;63715805794,5242;-0,117618;0,7822825;-0,8522728;0,9791733;0,1438899;0,1332054;0,05264766;4;3;76;700,8689;-0,1681931;0,7885298;-0,8687465;-0,2728675;0,7846661;-1,149907;0,1267344;0,7758633;-1,194496;
00001;003;63715805800,2429;-0,2527876;0,7822558;-0,8245155;0,9867987;0,1132689;0,02754201;0,1124273;2;3;77;706,5872;-0,2706461;0,7907686;-0,8499392;-0,2728675;0,7846661;-1,149907;0,1267344;0,7758633;-1,194496;
00001;003;63715805805,7275;-0,03884715;0,7837578;-0,9185655;0,9681273;0,1402416;0,1759173;0,1100678;5;3;78;712,0716;-0,07835342;0,7864038;-0,9214687;-0,2728675;0,7846661;-1,149907;0,1267344;0,7758633;-1,194496;
00001;003;63715805811,4098;-0,2522973;0,7816504;-0,8293497;0,9862372;0,1310189;-0,003268802;0,1007947;2;3;79;717,7541;-0,2706461;0,7907686;-0,8499392;-0,2728675;0,7846661;-1,149907;0,1267344;0,7758633;-1,194496;
00001;003;63715805816,5954;-0,2542257;0,7799504;-0,7337556;0,9848662;0,1546824;0,04691575;0,06253736;3;3;80;722,9394;-0,2700099;0,7911596;-0,7599424;-0,2728675;0,7846661;-1,149907;0,1267344;0,7758633;-1,194496;
00001;003;63715805821,6664;0,01761514;0,7854651;-1,017449;0,9504444;0,1668282;0,2528509;0,06993008;6;3;81;728,0101;-0,01196265;0,784647;-1,001746;-0,2728675;0,7846661;-1,149907;0,1267344;0,7758633;-1,194496;
00001;003;63715805827,1233;-0,2686386;0,7833803;-1,031001;0,9781796;0,1530548;-0,09684106;0,1017877;0;3;82;733,4678;-0,2719184;0,7899864;-1,029933;-0,2728675;0,7846661;-1,149907;0,1267344;0,7758633;-1,194496;
00001;003;63715805832,3436;-0,1218525;0,7831497;-0,8613592;0,9799964;0,1184626;0,09263735;0,1303536;4;3;83;738,6879;-0,1681931;0,7885298;-0,8687465;-0,2728675;0,7846661;-1,149907;0,1267344;0,7758633;-1,194496;
00001;003;63715805837,3985;-0,2609639;0,7833148;-0,9462206;0,9811283;0,1228151;-0,06495378;0,1344796;1;3;84;743,7432;-0,2712823;0,7903775;-0,9399362;-0,2728675;0,7846661;-1,149907;0,1267344;0,7758633;-1,194496;
00001;003;63715805841,5438;-0,2673757;0,7844528;-1,052492;0,9762408;0,130393;-0,1199802;0,1247256;0;3;85;747,8883;-0,2719184;0,7899864;-1,029933;-0,2728675;0,7846661;-1,149907;0,1267344;0,7758633;-1,194496;
00001;003;63715805847,0884;-0,139639;0,7833297;-0,8715582;0,9818434;0,1185966;0,07554048;0,1273268;4;3;86;753,4325;-0,1681931;0,7885298;-0,8687465;-0,2728675;0,7846661;-1,149907;0,1267344;0,7758633;-1,194496;
00001;003;63715805852,3573;-0,2581177;0,7789089;-0,7327597;-0,9838189;-0,1649594;-0,01288082;-0,06872177;3;3;87;758,702;-0,2700099;0,7911596;-0,7599424;-0,2728675;0,7846661;-1,149907;0,1267344;0,7758633;-1,194496;
00001;003;63715805857,4204;-0,2477172;0,7816271;-0,8425497;-0,9838609;-0,1503332;0,007477389;-0,09675651;2;3;88;763,7645;-0,2706461;0,7907686;-0,8499392;-0,2728675;0,7846661;-1,149907;0,1267344;0,7758633;-1,194496;
00001;003;63715805862,1406;0,005085959;0,7850214;-1,008567;-0,9547339;-0,1670083;-0,2366065;-0,06788816;6;3;89;768,4843;-0,01196265;0,784647;-1,001746;-0,2728675;0,7846661;-1,149907;0,1267344;0,7758633;-1,194496;
00001;003;63715805867,0481;-0,2627087;0,7829771;-0,9368807;-0,9820165;-0,1195662;0,06786663;-0,1293896;1;3;90;773,3926;-0,2712823;0,7903775;-0,9399362;-0,2728675;0,7846661;-1,149907;0,1267344;0,7758633;-1,194496;
00001;003;63715805872,0082;-0,05688392;0,7832568;-0,9174475;-0,9730031;-0,156487;-0,1429427;-0,09134641;5;3;91;778,3525;-0,07835342;0,7864038;-0,9214687;-0,2728675;0,7846661;-1,149907;0,1267344;0,7758633;-1,194496;
00001;003;63715805877,0658;-0,2611165;0,7846016;-1,052299;-0,9733285;-0,1250744;0,1478093;-0,123046;0;3;92;783,4099;-0,2719184;0,7899864;-1,029933;-0,2728675;0,7846661;-1,149907;0,1267344;0,7758633;-1,194496;
00001;003;63715805883,2561;-0,2516598;0,7797734;-0,7422094;-0,986275;-0,1516766;-0,01803158;-0,06269681;3;3;93;789,6001;-0,2700099;0,7911596;-0,7599424;-0,2728675;0,7846661;-1,149907;0,1267344;0,7758633;-1,194496;
00001;003;63715805889,991;-0,0372496;0,7832848;-0,9014086;-0,9630238;-0,1614212;-0,1960021;-0,09006397;5;3;94;796,3348;-0,07835342;0,7864038;-0,9214687;-0,2728675;0,7846661;-1,149907;0,1267344;0,7758633;-1,194496;
00001;003;63715805898,4125;-0,235788;0,7814789;-0,8315958;-0,9833101;-0,1412857;-0,03434809;-0,1093615;2;3;95;804,7568;-0,2706461;0,7907686;-0,8499392;-0,2728675;0,7846661;-1,149907;0,1267344;0,7758633;-1,194496;
00001;003;63715805904,5113;0,00954989;0,7851192;-1,027815;-0,9551005;-0,168486;-0,2369802;-0,05688516;6;3;96;810,855;-0,01196265;0,784647;-1,001746;-0,2728675;0,7846661;-1,149907;0,1267344;0,7758633;-1,194496;
00001;003;63715805910,2088;-0,1278014;0,7815183;-0,8476814;-0,9787401;-0,1487682;-0,1178568;-0,07775412;4;3;97;816,5527;-0,1681931;0,7885298;-0,8687465;-0,2728675;0,7846661;-1,149907;0,1267344;0,7758633;-1,194496;
00001;003;63715805915,4105;-0,2584594;0,7825191;-0,9389096;-0,9811871;-0,1451402;0,0468978;-0,1183507;1;3;98;821,7552;-0,2712823;0,7903775;-0,9399362;-0,2728675;0,7846661;-1,149907;0,1267344;0,7758633;-1,194496;
00001;003;63715805921,1386;0,01364871;0,7849449;-1,017616;-0,9530656;-0,1585576;-0,2537211;-0,04638084;6;3;99;827,4828;-0,01196265;0,784647;-1,001746;-0,2728675;0,7846661;-1,149907;0,1267344;0,7758633;-1,194496;
00001;003;63715805926,6938;-0,1398812;0,7826875;-0,8590935;-0,9808137;-0,1235486;-0,07502118;-0,1308124;4;3;100;833,0381;-0,1681931;0,7885298;-0,8687465;-0,2728675;0,7846661;-1,149907;0,1267344;0,7758633;-1,194496;
00001;003;63715805932,301;-0,2525146;0,7810754;-0,8293229;-0,9848341;-0,126705;0,01833548;-0,1170963;2;3;101;838,6449;-0,2706461;0,7907686;-0,8499392;-0,2728675;0,7846661;-1,149907;0,1267344;0,7758633;-1,194496;
00001;003;63715805936,5457;-0,2772937;0,7843153;-1,051067;-0,9752474;-0,1508076;0,1150669;-0,1136188;0;3;102;842,8904;-0,2719184;0,7899864;-1,029933;-0,2728675;0,7846661;-1,149907;0,1267344;0,7758633;-1,194496;
00001;003;63715805941,0144;-0,2664334;0,7831973;-0,9218392;-0,9826563;-0,111699;0,04872441;-0,1397706;1;3;103;847,359;-0,2712823;0,7903775;-0,9399362;-0,2728675;0,7846661;-1,149907;0,1267344;0,7758633;-1,194496;
00001;003;63715805945,8392;-0,05317514;0,782887;-0,8993383;-0,9691601;-0,1558286;-0,1677462;-0,09114506;5;3;104;852,1837;-0,07835342;0,7864038;-0,9214687;-0,2728675;0,7846661;-1,149907;0,1267344;0,7758633;-1,194496;
00001;003;63715805952,4972;-0,245823;0,7914344;-0,7487026;0,164126;-0,7213646;0,2414821;-0,6279987;3;3;105;858,8413;-0,2700099;0,7911596;-0,7599424;-0,2728675;0,7846661;-1,149907;0,1267344;0,7758633;-1,194496;
00001;003;63715805957,6014;-0,05142858;0,7832572;-0,9319105;-0,9665359;-0,169144;-0,1743806;-0,08240204;5;3;106;863,9456;-0,07835342;0,7864038;-0,9214687;-0,2728675;0,7846661;-1,149907;0,1267344;0,7758633;-1,194496;
00001;003;63715805962,7912;-0,2485213;0,7794406;-0,7328725;-0,9850835;-0,1489813;-0,02672393;-0,08186018;3;3;107;869,135;-0,2700099;0,7911596;-0,7599424;-0,2728675;0,7846661;-1,149907;0,1267344;0,7758633;-1,194496;
00001;003;63715805967,5984;-0,2470872;0,7823636;-0,9370774;-0,9823363;-0,1439584;0,03633544;-0,1138911;1;3;108;873,9427;-0,2712823;0,7903775;-0,9399362;-0,2728675;0,7846661;-1,149907;0,1267344;0,7758633;-1,194496;
00001;003;63715805972,4069;-0,2530662;0,7819694;-0,8286135;-0,9844071;-0,1335477;-0,00929679;-0,1141115;2;3;109;878,7514;-0,2706461;0,7907686;-0,8499392;-0,2728675;0,7846661;-1,149907;0,1267344;0,7758633;-1,194496;
00001;003;63715805977,1769;-0,2644726;0,7838635;-1,056167;-0,9761896;-0,1767443;0,07358657;-0,1019823;0;3;110;883,5215;-0,2719184;0,7899864;-1,029933;-0,2728675;0,7846661;-1,149907;0,1267344;0,7758633;-1,194496;
00001;003;63715805982,073;-0,1259609;0,7811931;-0,8548662;-0,9769188;-0,1646912;-0,120034;-0,06401858;4;3;111;888,4172;-0,1681931;0,7885298;-0,8687465;-0,2728675;0,7846661;-1,149907;0,1267344;0,7758633;-1,194496;
00001;003;63715805986,9167;0,005348234;0,7852551;-1,022069;-0,9462301;-0,1668481;-0,2698418;-0,06321374;6;3;112;893,2607;-0,01196265;0,784647;-1,001746;-0,2728675;0,7846661;-1,149907;0,1267344;0,7758633;-1,194496;
00001;003;63715805992,9411;-0,2479646;0,7808524;-0,8323138;-0,9842411;-0,1425095;-0,03156031;-0,09982266;2;3;113;899,2856;-0,2706461;0,7907686;-0,8499392;-0,2728675;0,7846661;-1,149907;0,1267344;0,7758633;-1,194496;
00001;003;63715805998,3814;-0,1340927;0,7811791;-0,8514234;-0,9760771;-0,1611455;-0,1319246;-0,06246183;4;3;114;904,7253;-0,1681931;0,7885298;-0,8687465;-0,2728675;0,7846661;-1,149907;0,1267344;0,7758633;-1,194496;
00001;003;63715806002,815;-0,2686863;0,7831251;-1,052296;-0,9647509;-0,2076359;0,1578479;-0,03503059;0;3;115;909,1589;-0,2719184;0,7899864;-1,029933;-0,2728675;0,7846661;-1,149907;0,1267344;0,7758633;-1,194496;
00001;003;63715806007,7934;-0,05533317;0,783127;-0,9211253;-0,968687;-0,1576212;-0,1792692;-0,06829092;5;3;116;914,1374;-0,07835342;0,7864038;-0,9214687;-0,2728675;0,7846661;-1,149907;0,1267344;0,7758633;-1,194496;
00001;003;63715806012,5617;0,004499714;0,7852601;-1,022293;-0,9539103;-0,1635361;-0,2377509;-0,08237518;6;3;117;918,9063;-0,01196265;0,784647;-1,001746;-0,2728675;0,7846661;-1,149907;0,1267344;0,7758633;-1,194496;
00001;003;63715806019,402;-0,25095;0,7794742;-0,736332;-0,9815731;-0,1717117;-0,03985011;-0,07376496;3;3;118;925,7466;-0,2700099;0,7911596;-0,7599424;-0,2728675;0,7846661;-1,149907;0,1267344;0,7758633;-1,194496;
00001;003;63715806025,2906;-0,255272;0,7825624;-0,9228289;0,9839165;0,1311212;-0,05605139;0,1075818;1;3;119;931,6348;-0,2712823;0,7903775;-0,9399362;-0,2728675;0,7846661;-1,149907;0,1267344;0,7758633;-1,194496;
00001;003;63715806031,465;-0,2465126;0,7814643;-0,8180175;0,9850513;0,1370137;0,02756264;0,1007052;2;3;120;937,8095;-0,2706461;0,7907686;-0,8499392;-0,2728675;0,7846661;-1,149907;0,1267344;0,7758633;-1,194496;
00001;003;63715806035,9674;-0,2613696;0,7824166;-0,9346841;0,984329;0,1280645;-0,03296675;0,116658;1;3;121;942,3115;-0,2712823;0,7903775;-0,9399362;-0,2728675;0,7846661;-1,149907;0,1267344;0,7758633;-1,194496;
00001;003;63715806041,5748;-0,05617102;0,7825157;-0,9229115;0,967173;0,1726266;0,1759109;0,06190207;5;3;122;947,919;-0,07835342;0,7864038;-0,9214687;-0,2728675;0,7846661;-1,149907;0,1267344;0,7758633;-1,194496;
00001;003;63715806047,2204;-0,2450757;0,7792785;-0,7442316;0,9850045;0,1545876;0,03771331;0,06668273;3;3;123;953,5649;-0,2700099;0,7911596;-0,7599424;-0,2728675;0,7846661;-1,149907;0,1267344;0,7758633;-1,194496;
00001;003;63715806051,6288;-0,2634249;0,7839013;-1,046104;0,9780301;0,1614814;-0,08247902;0,1028496;0;3;124;957,9727;-0,2719184;0,7899864;-1,029933;-0,2728675;0,7846661;-1,149907;0,1267344;0,7758633;-1,194496;
00001;003;63715806056,844;-0,1288757;0,7817439;-0,8621602;0,9780078;0,1423172;0,106177;0,1094213;4;3;125;963,1878;-0,1681931;0,7885298;-0,8687465;-0,2728675;0,7846661;-1,149907;0,1267344;0,7758633;-1,194496;
00001;003;63715806061,8918;0,0102091;0,7852653;-1,017871;0,9502563;0,1620536;0,2566265;0,06996094;6;3;126;968,2361;-0,01196265;0,784647;-1,001746;-0,2728675;0,7846661;-1,149907;0,1267344;0,7758633;-1,194496;
00001;003;63715806066,119;-0,2591497;0,7838469;-1,040719;0,9772357;0,1659286;-0,08853895;0,09817854;0;3;127;972,463;-0,2719184;0,7899864;-1,029933;-0,2728675;0,7846661;-1,149907;0,1267344;0,7758633;-1,194496;
00001;003;63715806070,4049;-0,2587477;0,7823502;-0,9297357;0,9817917;0,1366254;-0,0646105;0,1150835;1;3;128;976,7495;-0,2712823;0,7903775;-0,9399362;-0,2728675;0,7846661;-1,149907;0,1267344;0,7758633;-1,194496;
00001;003;63715806075,3299;-0,1378605;0,7818029;-0,8674423;0,9785495;0,1485829;0,1023766;0,09941296;4;3;129;981,674;-0,1681931;0,7885298;-0,8687465;-0,2728675;0,7846661;-1,149907;0,1267344;0,7758633;-1,194496;
00001;003;63715806083,1481;-0,04562502;0,7830175;-0,9165825;0,9730803;0,1494367;0,1468379;0,09603142;5;3;130;989,4926;-0,07835342;0,7864038;-0,9214687;-0,2728675;0,7846661;-1,149907;0,1267344;0,7758633;-1,194496;
00001;003;63715806088,9181;0,004401914;0,7850801;-1,016226;0,9443619;0,1637581;0,2764522;0,07027196;6;3;131;995,2624;-0,01196265;0,784647;-1,001746;-0,2728675;0,7846661;-1,149907;0,1267344;0,7758633;-1,194496;
00001;003;63715806094,6028;-0,2369706;0,7789581;-0,7379853;-0,9845632;-0,1458476;-0,06747242;-0,06936329;3;3;132;1000,947;-0,2700099;0,7911596;-0,7599424;-0,2728675;0,7846661;-1,149907;0,1267344;0,7758633;-1,194496;
00001;003;63715806099,7131;-0,2571087;0,7812632;-0,8363742;-0,9855406;-0,1319192;-0,02010869;-0,1044164;2;3;133;1006,057;-0,2706461;0,7907686;-0,8499392;-0,2728675;0,7846661;-1,149907;0,1267344;0,7758633;-1,194496;
00001;003;63715806104,5716;0,008790848;0,7848927;-1,015445;-0,9510123;-0,1555732;-0,2559501;-0,07656443;6;3;134;1010,916;-0,01196265;0,784647;-1,001746;-0,2728675;0,7846661;-1,149907;0,1267344;0,7758633;-1,194496;
00001;003;63715806110,8561;-0,2457341;0,7786099;-0,7295775;-0,9854834;-0,1543788;-0,06602778;-0,02510169;3;3;135;1017,2;-0,2700099;0,7911596;-0,7599424;-0,2728675;0,7846661;-1,149907;0,1267344;0,7758633;-1,194496;
00001;003;63715806115,6971;-0,1295097;0,7812824;-0,8584642;-0,97731;-0,1573778;-0,1335934;-0,04743603;4;3;136;1022,041;-0,1681931;0,7885298;-0,8687465;-0,2728675;0,7846661;-1,149907;0,1267344;0,7758633;-1,194496;
00001;003;63715806122,0741;-0,05262407;0,7830238;-0,9293506;-0,9697957;-0,1659093;-0,1668003;-0,06440512;5;3;137;1028,418;-0,07835342;0,7864038;-0,9214687;-0,2728675;0,7846661;-1,149907;0,1267344;0,7758633;-1,194496;
00001;003;63715806127,1116;-0,2488939;0,7815446;-0,9407511;-0,9817475;-0,1606448;0,04665659;-0,09048971;1;3;138;1033,456;-0,2712823;0,7903775;-0,9399362;-0,2728675;0,7846661;-1,149907;0,1267344;0,7758633;-1,194496;
00001;003;63715806132,7525;-0,2603059;0,7842118;-1,045534;-0,9780052;-0,1336513;0,1272449;-0,09722053;0;3;139;1039,097;-0,2719184;0,7899864;-1,029933;-0,2728675;0,7846661;-1,149907;0,1267344;0,7758633;-1,194496;
00001;003;63715806138,4958;-0,24641;0,7812999;-0,8312367;-0,9857576;-0,1294633;0,01449518;-0,1063539;2;3;140;1044,84;-0,2706461;0,7907686;-0,8499392;-0,2728675;0,7846661;-1,149907;0,1267344;0,7758633;-1,194496;