0,25;1,7404;-0,811;0
0,65;1,7402;-0,85;0
ExperimentID;participantID;date;PosRx;PosRy;PosRz;QuaternionRotw;QuaternionRotx;QuaternionRoty;QuaternionRotz;targetNumber;condition;aim_number;PosTargetx;PosTargety;PosTargetz;StartingPositionx;StartingPositiony;StartingPositionz;CalibrationCubex;CalibrationCubey;CalibrationCubez
00002;004;63732486208,9396;-0,1613657;0,7665989;-1,362946;0,9689683;0,2447454;-0,03008153;-0,01718607;1;1;2;47,50938;-0,1724415;0,7722305;-1,36622;-0,1709224;0,7683663;-1,564035;0,2293518;0,7710159;-1,600015;
00002;004;63732486206,0039;0,03296326;0,7673494;-1,345732;0,9598438;0,2317458;0,145842;-0,06102531;5;1;1;44,57388;0,001013294;0,7733309;-1,353078;-0,1709224;0,7683663;-1,564035;0,2293518;0,7710159;-1,600015;
00002;004;63732486211,6644;-0,06643817;0,7666739;-1,301417;0,9675643;0,2465898;0,0385547;-0,03906788;4;1;3;50,23359;-0,08054216;0,7725681;-1,306808;-0,1709224;0,7683663;-1,564035;0,2293518;0,7710159;-1,600015;
00002;004;63732486214,5719;-0,1656884;0,7657393;-1,295103;0,9696153;0,2359899;-0,06368293;-0,009973877;2;1;4;53,14162;-0,1730054;0,7718758;-1,291223;-0,1709224;0,7683663;-1,564035;0,2293518;0,7710159;-1,600015;
00002;004;63732486217,5984;-0,1917192;0,7651297;-1,182688;0,9718286;0,2334345;-0,01572477;-0,02846705;3;1;5;56,16796;-0,1735692;0,7715211;-1,216226;-0,1709224;0,7683663;-1,564035;0,2293518;0,7710159;-1,600015;
00002;004;63732486220,6602;0,08393449;0,7686533;-1,403088;0,9600467;0,2361846;0,1399162;-0,0543211;6;1;6;59,22999;0,06182449;0,7740722;-1,424452;-0,1709224;0,7683663;-1,564035;0,2293518;0,7710159;-1,600015;
00002;004;63732486223,4405;-0,1642587;0,7679969;-1,478003;0,9571429;0,2581001;-0,1313751;0,001539341;0;1;7;62,01033;-0,1718777;0,7725853;-1,441217;-0,1709224;0,7683663;-1,564035;0,2293518;0,7710159;-1,600015;
00002;004;63732486227,462;-0,1860402;0,7646242;-1,200836;0,9727784;0,2283441;-0,02947008;-0,02631945;3;1;8;66,03175;-0,1735692;0,7715211;-1,216226;-0,1709224;0,7683663;-1,564035;0,2293518;0,7710159;-1,600015;
00002;004;63732486229,8958;-0,1710183;0,76581;-1,328666;0,9652274;0,244583;-0,09221723;0,003368674;2;1;9;68,46525;-0,1730054;0,7718758;-1,291223;-0,1709224;0,7683663;-1,564035;0,2293518;0,7710159;-1,600015;
00002;004;63732486232,6122;-0,1630698;0,7669947;-1,445543;0,9589078;0,2335576;-0,1582805;0,0299001;0;1;10;71,18144;-0,1718777;0,7725853;-1,441217;-0,1709224;0,7683663;-1,564035;0,2293518;0,7710159;-1,600015;
00002;004;63732486235,4152;-0,0755577;0,7661821;-1,29486;0,9707533;0,2368925;0,01593625;-0,03558118;4;1;11;73,98464;-0,08054216;0,7725681;-1,306808;-0,1709224;0,7683663;-1,564035;0,2293518;0,7710159;-1,600015;
00002;004;63732486238,275;0,007637084;0,7677791;-1,340104;0,9681568;0,2439563;0,0441342;-0,03478529;5;1;12;76,84499;0,001013294;0,7733309;-1,353078;-0,1709224;0,7683663;-1,564035;0,2293518;0,7710159;-1,600015;
00002;004;63732486240,9633;0,06251848;0,7680514;-1,416482;0,969398;0,2359444;0,06337134;-0,02412195;6;1;13;79,53277;0,06182449;0,7740722;-1,424452;-0,1709224;0,7683663;-1,564035;0,2293518;0,7710159;-1,600015;
00002;004;63732486243,2108;-0,1741908;0,7662856;-1,358329;0,9666896;0,2359794;-0,09885033;-0,00731259;1;1;14;81,78075;-0,1724415;0,7722305;-1,36622;-0,1709224;0,7683663;-1,564035;0,2293518;0,7710159;-1,600015;
00002;004;63732486245,6986;-0,1843739;0,7652621;-1,186558;0,9722915;0,2270948;-0,0517398;-0,0200074;3;1;15;84,26833;-0,1735692;0,7715211;-1,216226;-0,1709224;0,7683663;-1,564035;0,2293518;0,7710159;-1,600015;
00002;004;63732486248,4714;-0,1863709;0,765312;-1,296117;0,9684051;0,2406547;-0,0623551;-0,01971732;2;1;16;87,04121;-0,1730054;0,7718758;-1,291223;-0,1709224;0,7683663;-1,564035;0,2293518;0,7710159;-1,600015;
00002;004;63732486250,999;0,05963711;0,7685774;-1,405153;0,9627389;0,2465893;0,1011127;-0,04586591;6;1;17;89,5687;0,06182449;0,7740722;-1,424452;-0,1709224;0,7683663;-1,564035;0,2293518;0,7710159;-1,600015;
00002;004;63732486253,6834;-0,178929;0,7662785;-1,357297;0,9650906;0,2451992;-0,09205186;-0,002033047;1;1;18;92,25324;-0,1724415;0,7722305;-1,36622;-0,1709224;0,7683663;-1,564035;0,2293518;0,7710159;-1,600015;
00002;004;63732486256,3672;-0,09177009;0,765781;-1,308813;0,9714431;0,2354179;-0,0008972512;-0,02959697;4;1;19;94,93726;-0,08054216;0,7725681;-1,306808;-0,1709224;0,7683663;-1,564035;0,2293518;0,7710159;-1,600015;
00002;004;63732486258,6477;-0,166764;0,7671173;-1,443074;0,9582394;0,236302;-0,1595775;0,02176745;0;1;20;97,21753;-0,1718777;0,7725853;-1,441217;-0,1709224;0,7683663;-1,564035;0,2293518;0,7710159;-1,600015;
00002;004;63732486260,8205;-0,01140109;0,7669287;-1,355505;0,9714631;0,2322599;0,03599327;-0,03192683;5;1;21;99,39044;0,001013294;0,7733309;-1,353078;-0,1709224;0,7683663;-1,564035;0,2293518;0,7710159;-1,600015;
00002;004;63732486263,5363;-0,1754727;0,7666413;-1,374469;0,9542883;0,2513702;-0,1605595;0,01917213;1;1;22;102,1058;-0,1724415;0,7722305;-1,36622;-0,1709224;0,7683663;-1,564035;0,2293518;0,7710159;-1,600015;
00002;004;63732486266,3062;-0,1843771;0,7643061;-1,191606;0,9734602;0,2211253;-0,05662598;-0,01650426;3;1;23;104,8761;-0,1735692;0,7715211;-1,216226;-0,1709224;0,7683663;-1,564035;0,2293518;0,7710159;-1,600015;
00002;004;63732486269,3491;-0,1915737;0,7652497;-1,276136;0,963454;0,2450529;-0,1081766;-0,001837549;2;1;24;107,9185;-0,1730054;0,7718758;-1,291223;-0,1709224;0,7683663;-1,564035;0,2293518;0,7710159;-1,600015;
00002;004;63732486272,051;-0,1709776;0,7680822;-1,44252;0,9491241;0,2583977;-0,1799736;-0,001902468;0;1;25;110,6206;-0,1718777;0,7725853;-1,441217;-0,1709224;0,7683663;-1,564035;0,2293518;0,7710159;-1,600015;
00002;004;63732486274,9999;-0,08303525;0,7652604;-1,289948;0,9703288;0,235262;-0,0542805;-0,01294258;4;1;26;113,5698;-0,08054216;0,7725681;-1,306808;-0,1709224;0,7683663;-1,564035;0,2293518;0,7710159;-1,600015;
00002;004;63732486277,7934;0,06168649;0,7676265;-1,397938;0,9723217;0,2196615;0,07641876;-0,02234922;6;1;27;116,3627;0,06182449;0,7740722;-1,424452;-0,1709224;0,7683663;-1,564035;0,2293518;0,7710159;-1,600015;
00002;004;63732486280,7487;0,001764427;0,7671826;-1,334088;0,9715781;0,2267624;0,06116916;-0,02955119;5;1;28;119,3185;0,001013294;0,7733309;-1,353078;-0,1709224;0,7683663;-1,564035;0,2293518;0,7710159;-1,600015;
00002;004;63732486283,5159;0,003167733;0,7670494;-1,33763;0,9667797;0,2413806;0,07321311;-0,04137985;5;1;29;122,086;0,001013294;0,7733309;-1,353078;-0,1709224;0,7683663;-1,564035;0,2293518;0,7710159;-1,600015;
00002;004;63732486286,6022;-0,1887665;0,7642375;-1,197494;0,9748045;0,2158916;-0,05480289;-0,01199005;3;1;30;125,1715;-0,1735692;0,7715211;-1,216226;-0,1709224;0,7683663;-1,564035;0,2293518;0,7710159;-1,600015;
00002;004;63732486289,6733;-0,07784797;0,7660498;-1,305537;0,9759515;0,2172163;-0,0148927;-0,01067444;4;1;31;128,2433;-0,08054216;0,7725681;-1,306808;-0,1709224;0,7683663;-1,564035;0,2293518;0,7710159;-1,600015;
00002;004;63732486292,9608;-0,1838946;0,7647809;-1,27913;0,9664885;0,2421364;-0,08525362;-0,001374242;2;1;32;131,5303;-0,1730054;0,7718758;-1,291223;-0,1709224;0,7683663;-1,564035;0,2293518;0,7710159;-1,600015;
00002;004;63732486296,0991;0,04985521;0,7685035;-1,403901;0,9676539;0,2471911;0,036715;-0,03456363;6;1;33;134,6689;0,06182449;0,7740722;-1,424452;-0,1709224;0,7683663;-1,564035;0,2293518;0,7710159;-1,600015;
00002;004;63732486298,7021;-0,1734096;0,7663296;-1,432579;0,9457228;0,2496295;-0,2051794;0,03457023;0;1;34;137,2715;-0,1718777;0,7725853;-1,441217;-0,1709224;0,7683663;-1,564035;0,2293518;0,7710159;-1,600015;
00002;004;63732486301,3943;-0,1850698;0,7667469;-1,34808;0,9470973;0,2279598;-0,2201778;0,05062509;1;1;35;139,9641;-0,1724415;0,7722305;-1,36622;-0,1709224;0,7683663;-1,564035;0,2293518;0,7710159;-1,600015;
00002;004;63732486304,2599;-0,1823914;0,7656683;-1,359386;-0,964187;-0,2189818;0,1475188;-0,02507013;1;1;36;142,8301;-0,1724415;0,7722305;-1,36622;-0,1709224;0,7683663;-1,564035;0,2293518;0,7710159;-1,600015;
00002;004;63732486307,245;0,05776792;0,7685927;-1,40044;-0,9659407;-0,2550051;-0,02783671;0,03400253;6;1;37;145,8147;0,06182449;0,7740722;-1,424452;-0,1709224;0,7683663;-1,564035;0,2293518;0,7710159;-1,600015;
00002;004;63732486309,9623;-0,009710548;0,766992;-1,327871;-0,9681907;-0,2482324;0,02761318;0,01499516;5;1;38;148,5316;0,001013294;0,7733309;-1,353078;-0,1709224;0,7683663;-1,564035;0,2293518;0,7710159;-1,600015;
00002;004;63732486312,8375;-0,1711313;0,7668218;-1,428111;-0,9423687;-0,2528542;0,217513;-0,02634693;0;1;39;151,4071;-0,1718777;0,7725853;-1,441217;-0,1709224;0,7683663;-1,564035;0,2293518;0,7710159;-1,600015;
00002;004;63732486315,5005;-0,1903698;0,7653646;-1,284807;-0,9607892;-0,2548976;0,1091211;0,00201021;2;1;40;154,0703;-0,1730054;0,7718758;-1,291223;-0,1709224;0,7683663;-1,564035;0,2293518;0,7710159;-1,600015;
00002;004;63732486318,5487;-0,2000953;0,7648519;-1,177437;-0,9703627;-0,2297371;0,07456186;0,00759796;3;1;41;157,1184;-0,1735692;0,7715211;-1,216226;-0,1709224;0,7683663;-1,564035;0,2293518;0,7710159;-1,600015;
00002;004;63732486321,4409;-0,09149645;0,7658901;-1,297588;-0,9673333;-0,2474808;0,0531164;0,01407707;4;1;42;160,0105;-0,08054216;0,7725681;-1,306808;-0,1709224;0,7683663;-1,564035;0,2293518;0,7710159;-1,600015;
00002;004;63732486324,7236;-0,1946658;0,7652372;-1,285167;-0,9587963;-0,2548928;0,1254355;-0,002288008;2;1;43;163,2934;-0,1730054;0,7718758;-1,291223;-0,1709224;0,7683663;-1,564035;0,2293518;0,7710159;-1,600015;
00002;004;63732486327,308;-0,1753846;0,767487;-1,434785;-0,9460661;-0,2385103;0,2147076;-0,04441202;0;1;44;165,8779;-0,1718777;0,7725853;-1,441217;-0,1709224;0,7683663;-1,564035;0,2293518;0,7710159;-1,600015;
00002;004;63732486330,6402;-0,1980812;0,7649206;-1,175448;-0,9693367;-0,2361728;0,06747897;0,007436876;3;1;45;169,2099;-0,1735692;0,7715211;-1,216226;-0,1709224;0,7683663;-1,564035;0,2293518;0,7710159;-1,600015;
00002;004;63732486333,4318;-0,1822271;0,7661387;-1,36798;-0,9459119;-0,2603189;0,1924682;-0,02099768;1;1;46;172,0017;-0,1724415;0,7722305;-1,36622;-0,1709224;0,7683663;-1,564035;0,2293518;0,7710159;-1,600015;
00002;004;63732486336,1142;-0,09351844;0,7661252;-1,315112;-0,9589775;-0,2625153;0,1069934;-0,0006707943;4;1;47;174,6838;-0,08054216;0,7725681;-1,306808;-0,1709224;0,7683663;-1,564035;0,2293518;0,7710159;-1,600015;
00002;004;63732486339,0061;-0,01411195;0,7671226;-1,343453;-0,9645512;-0,2554935;0,06538007;0,009464684;5;1;48;177,5761;0,001013294;0,7733309;-1,353078;-0,1709224;0,7683663;-1,564035;0,2293518;0,7710159;-1,600015;
00002;004;63732486341,804;0,06120799;0,768743;-1,409263;-0,9632884;-0,2590665;-0,05555304;0,04328729;6;1;49;180,3739;0,06182449;0,7740722;-1,424452;-0,1709224;0,7683663;-1,564035;0,2293518;0,7710159;-1,600015;
00002;004;63732486344,4737;-0,09670848;0,7653467;-1,303188;-0,9661479;-0,2406969;0,09286125;-0,0001140011;4;1;50;183,043;-0,08054216;0,7725681;-1,306808;-0,1709224;0,7683663;-1,564035;0,2293518;0,7710159;-1,600015;
00002;004;63732486347,5019;-0,01031846;0,7671857;-1,347945;0,9656916;0,2563449;-0,03851632;-0,01560678;5;1;51;186,0718;0,001013294;0,7733309;-1,353078;-0,1709224;0,7683663;-1,564035;0,2293518;0,7710159;-1,600015;
00002;004;63732486350,3264;-0,1775218;0,7658954;-1,365352;0,9540632;0,2403636;-0,1772818;0,02366385;1;1;52;188,8961;-0,1724415;0,7722305;-1,36622;-0,1709224;0,7683663;-1,564035;0,2293518;0,7710159;-1,600015;
00002;004;63732486353,5873;-0,2027067;0,7643859;-1,191178;0,965108;0,2408633;-0,1025382;0,006108068;3;1;53;192,1575;-0,1735692;0,7715211;-1,216226;-0,1709224;0,7683663;-1,564035;0,2293518;0,7710159;-1,600015;
00002;004;63732486356,2353;0,03859386;0,7677535;-1,399049;0,9710148;0,2380543;0,01907095;-0,009835464;6;1;54;194,8046;0,06182449;0,7740722;-1,424452;-0,1709224;0,7683663;-1,564035;0,2293518;0,7710159;-1,600015;
00002;004;63732486358,9551;-0,1927192;0,7656765;-1,306925;0,9522468;0,2523217;-0,1707027;0,02050169;2;1;55;197,5246;-0,1730054;0,7718758;-1,291223;-0,1709224;0,7683663;-1,564035;0,2293518;0,7710159;-1,600015;
00002;004;63732486361,4917;-0,1743664;0,767369;-1,46334;0,9358208;0,2369295;-0,2584187;0,03638182;0;1;56;200,0617;-0,1718777;0,7725853;-1,441217;-0,1709224;0,7683663;-1,564035;0,2293518;0,7710159;-1,600015;
00002;004;63732486363,8817;-0,1837151;0,7663222;-1,386927;0,9449408;0,2455333;-0,2145932;0,02738911;1;1;57;202,4518;-0,1724415;0,7722305;-1,36622;-0,1709224;0,7683663;-1,564035;0,2293518;0,7710159;-1,600015;
00002;004;63732486366,7454;-0,1936264;0,7647034;-1,187554;0,9682118;0,2345226;-0,08618458;-0,01171446;3;1;58;205,3147;-0,1735692;0,7715211;-1,216226;-0,1709224;0,7683663;-1,564035;0,2293518;0,7710159;-1,600015;
00002;004;63732486370,8948;-0,1675713;0,7674996;-1,451937;0,9426852;0,2430532;-0,2279096;0,01808424;0;1;59;209,4646;-0,1718777;0,7725853;-1,441217;-0,1709224;0,7683663;-1,564035;0,2293518;0,7710159;-1,600015;
00002;004;63732486373,4374;-0,01320204;0,7668715;-1,333165;0,9677359;0,2491528;-0,03269239;-0,01847078;5;1;60;212,0067;0,001013294;0,7733309;-1,353078;-0,1709224;0,7683663;-1,564035;0,2293518;0,7710159;-1,600015;
00002;004;63732486376,126;-0,1839125;0,7657027;-1,268596;0,9476099;0,270539;-0,1694737;0,0110856;2;1;61;214,6953;-0,1730054;0,7718758;-1,291223;-0,1709224;0,7683663;-1,564035;0,2293518;0,7710159;-1,600015;
00002;004;63732486379,9813;-0,08197911;0,7662766;-1,276561;0,957863;0,2556022;-0,1307744;0,008007805;4;1;62;218,5511;-0,08054216;0,7725681;-1,306808;-0,1709224;0,7683663;-1,564035;0,2293518;0,7710159;-1,600015;
00002;004;63732486382,9277;0,05578646;0,7688304;-1,395646;0,9665898;0,2535571;0,02395528;-0,02896855;6;1;63;221,4977;0,06182449;0,7740722;-1,424452;-0,1709224;0,7683663;-1,564035;0,2293518;0,7710159;-1,600015;
00002;004;63732486385,6226;-0,1822257;0,7657818;-1,354032;0,9544954;0,2499589;-0,1620691;0,01387913;1;1;64;224,1927;-0,1724415;0,7722305;-1,36622;-0,1709224;0,7683663;-1,564035;0,2293518;0,7710159;-1,600015;
00002;004;63732486388,2295;-0,1760242;0,767772;-1,438709;0,9438512;0,2238611;-0,2391457;0,04290113;0;1;65;226,7996;-0,1718777;0,7725853;-1,441217;-0,1709224;0,7683663;-1,564035;0,2293518;0,7710159;-1,600015;
00002;004;63732486390,878;-0,08976972;0,7659193;-1,298025;0,959546;0,2532772;-0,1229208;0,003581628;4;1;66;229,4478;-0,08054216;0,7725681;-1,306808;-0,1709224;0,7683663;-1,564035;0,2293518;0,7710159;-1,600015;
00002;004;63732486393,5704;-0,01658274;0,7670717;-1,334489;0,9616667;0,2602122;-0,08649806;-0,002202594;5;1;67;232,14;0,001013294;0,7733309;-1,353078;-0,1709224;0,7683663;-1,564035;0,2293518;0,7710159;-1,600015;
00002;004;63732486396,3292;-0,1861835;0,7652179;-1,307649;0,957413;0,2427605;-0,1559408;0,01049854;2;1;68;234,8984;-0,1730054;0,7718758;-1,291223;-0,1709224;0,7683663;-1,564035;0,2293518;0,7710159;-1,600015;
00002;004;63732486398,932;-0,1936241;0,7649313;-1,18119;0,9658667;0,2357971;-0,105827;-0,01737535;3;1;69;237,5015;-0,1735692;0,7715211;-1,216226;-0,1709224;0,7683663;-1,564035;0,2293518;0,7710159;-1,600015;
00002;004;63732486401,7631;0,05564264;0,7688934;-1,405042;0,9679229;0,2470396;0,03160759;-0,03313194;6;1;70;240,3329;0,06182449;0,7740722;-1,424452;-0,1709224;0,7683663;-1,564035;0,2293518;0,7710159;-1,600015;
00002;004;63732486404,4535;-0,1831713;0,7655692;-1,314232;0,9506341;0,2566421;-0,1738115;0,01480563;2;1;71;243,0232;-0,1730054;0,7718758;-1,291223;-0,1709224;0,7683663;-1,564035;0,2293518;0,7710159;-1,600015;
00002;004;63732486406,8781;-0,1814313;0,7660987;-1,396311;0,9370464;0,2447371;-0,2463754;0,03670199;1;1;72;245,448;-0,1724415;0,7722305;-1,36622;-0,1709224;0,7683663;-1,564035;0,2293518;0,7710159;-1,600015;
00002;004;63732486409,4014;-0,02227422;0,767447;-1,341925;0,9656698;0,2485263;-0,07559615;0,001294986;5;1;73;247,9708;0,001013294;0,7733309;-1,353078;-0,1709224;0,7683663;-1,564035;0,2293518;0,7710159;-1,600015;
00002;004;63732486411,687;-0,09830377;0,7661492;-1,300014;-0,9661937;-0,2420404;0,08876389;-0,002677941;4;1;74;250,2565;-0,08054216;0,7725681;-1,306808;-0,1709224;0,7683663;-1,564035;0,2293518;0,7710159;-1,600015;
00002;004;63732486414,1053;0,04633989;0,7684947;-1,40117;0,9690183;0,2434799;0,02803917;-0,03057591;6;1;75;252,6752;0,06182449;0,7740722;-1,424452;-0,1709224;0,7683663;-1,564035;0,2293518;0,7710159;-1,600015;
00002;004;63732486416,6566;-0,2016288;0,7646756;-1,159991;0,9634522;0,2400773;-0,1188033;0,002956563;3;1;76;255,2264;-0,1735692;0,7715211;-1,216226;-0,1709224;0,7683663;-1,564035;0,2293518;0,7710159;-1,600015;
00002;004;63732486419,3444;-0,1709112;0,768062;-1,437554;0,9376984;0,2254751;-0,25793;0,05792253;0;1;77;257,9138;-0,1718777;0,7725853;-1,441217;-0,1709224;0,7683663;-1,564035;0,2293518;0,7710159;-1,600015;
00002;004;63732486421,869;0,06322414;0,767808;-1,383271;0,9714938;0,2300074;0,05448953;-0,0180942;6;1;78;260,4386;0,06182449;0,7740722;-1,424452;-0,1709224;0,7683663;-1,564035;0,2293518;0,7710159;-1,600015;
00002;004;63732486424,3712;-0,2016942;0,7643108;-1,160665;0,9646267;0,2413387;-0,1059057;0,005926697;3;1;79;262,9407;-0,1735692;0,7715211;-1,216226;-0,1709224;0,7683663;-1,564035;0,2293518;0,7710159;-1,600015;
00002;004;63732486428,4242;-0,1879614;0,765256;-1,298594;0,9585624;0,2434562;-0,1475616;0,01062793;2;1;80;266,9935;-0,1730054;0,7718758;-1,291223;-0,1709224;0,7683663;-1,564035;0,2293518;0,7710159;-1,600015;
00002;004;63732486430,8852;-0,1688323;0,7659472;-1,38541;0,9419788;0,2471525;-0,2249778;0,03125121;1;1;81;269,4548;-0,1724415;0,7722305;-1,36622;-0,1709224;0,7683663;-1,564035;0,2293518;0,7710159;-1,600015;
00002;004;63732486433,3939;-0,1687481;0,7675695;-1,461502;0,9343163;0,2515448;-0,2515886;0,02194056;0;1;82;271,9634;-0,1718777;0,7725853;-1,441217;-0,1709224;0,7683663;-1,564035;0,2293518;0,7710159;-1,600015;
00002;004;63732486436,0259;-0,09097056;0,7659523;-1,282619;0,9644707;0,2407815;-0,1083746;0,008695156;4;1;83;274,5953;-0,08054216;0,7725681;-1,306808;-0,1709224;0,7683663;-1,564035;0,2293518;0,7710159;-1,600015;
00002;004;63732486438,7342;-0,01443497;0,7672413;-1,333691;0,9655543;0,2438379;-0,09062053;0,005999975;5;1;84;277,304;0,001013294;0,7733309;-1,353078;-0,1709224;0,7683663;-1,564035;0,2293518;0,7710159;-1,600015;
00002;004;63732486441,063;-0,1906873;0,7651041;-1,280584;0,9598979;0,2397474;-0,1448399;0,01177306;2;1;85;279,6326;-0,1730054;0,7718758;-1,291223;-0,1709224;0,7683663;-1,564035;0,2293518;0,7710159;-1,600015;
00002;004;63732486443,6924;0,04825542;0,7683918;-1,41038;0,9703138;0,2409726;-0,00582063;-0,01973281;6;1;86;282,2622;0,06182449;0,7740722;-1,424452;-0,1709224;0,7683663;-1,564035;0,2293518;0,7710159;-1,600015;
00002;004;63732486446,0729;-0,1744518;0,7694815;-1,45868;0,4226601;0,1956189;-0,8840089;0,04024667;0;1;87;284,6421;-0,1718777;0,7725853;-1,441217;-0,1709224;0,7683663;-1,564035;0,2293518;0,7710159;-1,600015;
00002;004;63732486448,8896;-0,1889569;0,7666646;-1,35617;0,9434569;0,2389608;-0,2270744;0,03498659;1;1;88;287,459;-0,1724415;0,7722305;-1,36622;-0,1709224;0,7683663;-1,564035;0,2293518;0,7710159;-1,600015;
00002;004;63732486451,7424;-0,01012274;0,7672148;-1,318737;0,9698321;0,2384739;-0,05055561;-0,0002094273;5;1;89;290,3117;0,001013294;0,7733309;-1,353078;-0,1709224;0,7683663;-1,564035;0,2293518;0,7710159;-1,600015;
00002;004;63732486455,266;-0,2031718;0,7645879;-1,177655;0,96042;0,2500443;-0,1227636;0,0006823241;3;1;90;293,836;-0,1735692;0,7715211;-1,216226;-0,1709224;0,7683663;-1,564035;0,2293518;0,7710159;-1,600015;
00002;004;63732486459,2203;-0,0834641;0,7654293;-1,277125;0,9662691;0,243576;-0,08346722;-0,005293042;4;1;91;297,7903;-0,08054216;0,7725681;-1,306808;-0,1709224;0,7683663;-1,564035;0,2293518;0,7710159;-1,600015;
00002;004;63732486462,4373;0,05551025;0,7683187;-1,391532;0,9685872;0,2445964;0,02894313;-0,03426174;6;1;92;301,0069;0,06182449;0,7740722;-1,424452;-0,1709224;0,7683663;-1,564035;0,2293518;0,7710159;-1,600015;
00002;004;63732486465,1006;-0,09603363;0,7655392;-1,276554;0,9656442;0,2472965;-0,07941643;-0,008301404;4;1;93;303,6701;-0,08054216;0,7725681;-1,306808;-0,1709224;0,7683663;-1,564035;0,2293518;0,7710159;-1,600015;
00002;004;63732486467,9778;-0,1986885;0,7651578;-1,260463;0,95693;0,2483442;-0,1501388;0,008271489;2;1;94;306,547;-0,1730054;0,7718758;-1,291223;-0,1709224;0,7683663;-1,564035;0,2293518;0,7710159;-1,600015;
00002;004;63732486470,5617;-0,1830729;0,7677247;-1,438803;0,9400837;0,2575664;-0,2231208;0,01092135;0;1;95;309,1318;-0,1718777;0,7725853;-1,441217;-0,1709224;0,7683663;-1,564035;0,2293518;0,7710159;-1,600015;
00002;004;63732486472,9407;-0,1860068;0,7654614;-1,347806;0,9497895;0,2396655;-0,1998706;0,0226317;1;1;96;311,5103;-0,1724415;0,7722305;-1,36622;-0,1709224;0,7683663;-1,564035;0,2293518;0,7710159;-1,600015;
00002;004;63732486475,7948;-0,1956133;0,7644659;-1,174054;0,9634057;0,2387558;-0,1218391;0,0005406144;3;1;97;314,3645;-0,1735692;0,7715211;-1,216226;-0,1709224;0,7683663;-1,564035;0,2293518;0,7710159;-1,600015;
00002;004;63732486478,2997;0,004828296;0,7668273;-1,316051;0,9692236;0,2423832;0,02461315;-0,03536182;5;1;98;316,8691;0,001013294;0,7733309;-1,353078;-0,1709224;0,7683663;-1,564035;0,2293518;0,7710159;-1,600015;
00002;004;63732486480,8562;-0,181345;0,7658283;-1,354292;0,9572107;0,2391807;-0,1621543;0,01569791;1;1;99;319,4258;-0,1724415;0,7722305;-1,36622;-0,1709224;0,7683663;-1,564035;0,2293518;0,7710159;-1,600015;
00002;004;63732486483,2672;-0,09444225;0,7654808;-1,283556;0,9655871;0,2460451;-0,08407684;-0,00588546;4;1;100;321,837;-0,08054216;0,7725681;-1,306808;-0,1709224;0,7683663;-1,564035;0,2293518;0,7710159;-1,600015;
00002;004;63732486486,1458;-0,1942609;0,7647697;-1,271923;0,9583985;0,244306;-0,147457;0,006596174;2;1;101;324,7154;-0,1730054;0,7718758;-1,291223;-0,1709224;0,7683663;-1,564035;0,2293518;0,7710159;-1,600015;
00002;004;63732486489,1773;0,05466484;0,7690836;-1,410003;0,9664094;0,2532545;0,03018537;-0,03168347;6;1;102;327,7471;0,06182449;0,7740722;-1,424452;-0,1709224;0,7683663;-1,564035;0,2293518;0,7710159;-1,600015;
00002;004;63732486491,6742;-0,02386938;0,7671373;-1,342281;0,9702282;0,2397674;0,01705739;-0,0296282;5;1;103;330,2438;0,001013294;0,7733309;-1,353078;-0,1709224;0,7683663;-1,564035;0,2293518;0,7710159;-1,600015;
00002;004;63732486494,0976;-0,1998432;0,7650656;-1,185389;-0,9710869;-0,2275841;0,07102434;0,01229495;3;1;104;332,6674;-0,1735692;0,7715211;-1,216226;-0,1709224;0,7683663;-1,564035;0,2293518;0,7710159;-1,600015;
00002;004;63732486496,4422;-0,1703638;0,7673036;-1,460769;-0,9449786;-0,2333824;0,2281519;-0,02224593;0;1;105;335,0119;-0,1718777;0,7725853;-1,441217;-0,1709224;0,7683663;-1,564035;0,2293518;0,7710159;-1,600015;
00002;004;63732486498,9226;-0,1955646;0,764228;-1,175596;-0,9711608;-0,2236116;0,08267031;0,003186092;3;1;106;337,492;-0,1735692;0,7715211;-1,216226;-0,1709224;0,7683663;-1,564035;0,2293518;0,7710159;-1,600015;
00002;004;63732486501,6972;-0,08217235;0,7659319;-1,282642;-0,9689117;-0,2378013;0,06820311;0,003000881;4;1;107;340,2668;-0,08054216;0,7725681;-1,306808;-0,1709224;0,7683663;-1,564035;0,2293518;0,7710159;-1,600015;
00002;004;63732486504,2777;0,03896194;0,7681826;-1,414837;-0,9671461;-0,2500326;0,04501926;0,009245063;6;1;108;342,847;0,06182449;0,7740722;-1,424452;-0,1709224;0,7683663;-1,564035;0,2293518;0,7710159;-1,600015;
00002;004;63732486506,6533;-0,02089785;0,7669388;-1,325852;-0,9674252;-0,2441005;0,06710286;0,0008022807;5;1;109;345,2234;0,001013294;0,7733309;-1,353078;-0,1709224;0,7683663;-1,564035;0,2293518;0,7710159;-1,600015;
00002;004;63732486509,3536;-0,1993227;0,764609;-1,25906;-0,9538994;-0,2408711;0,1783604;-0,01564066;2;1;110;347,9231;-0,1730054;0,7718758;-1,291223;-0,1709224;0,7683663;-1,564035;0,2293518;0,7710159;-1,600015;
00002;004;63732486511,8283;-0,1832171;0,7668825;-1,4412;-0,9319035;-0,2327223;0,2738339;-0,04910364;0;1;111;350,3982;-0,1718777;0,7725853;-1,441217;-0,1709224;0,7683663;-1,564035;0,2293518;0,7710159;-1,600015;
00002;004;63732486514,0151;-0,1903451;0,7662343;-1,358411;-0,9399533;-0,2659295;0,2125046;-0,02472121;1;1;112;352,5852;-0,1724415;0,7722305;-1,36622;-0,1709224;0,7683663;-1,564035;0,2293518;0,7710159;-1,600015;
00002;004;63732486516,655;-0,0245566;0,7670109;-1,321045;-0,967395;-0,2447357;0,0651685;0,00209987;5;1;113;355,2248;0,001013294;0,7733309;-1,353078;-0,1709224;0,7683663;-1,564035;0,2293518;0,7710159;-1,600015;
00002;004;63732486519,104;-0,2016518;0,764947;-1,18072;-0,9597849;-0,2388185;0,1470336;-0,01264358;3;1;114;357,674;-0,1735692;0,7715211;-1,216226;-0,1709224;0,7683663;-1,564035;0,2293518;0,7710159;-1,600015;
00002;004;63732486521,5349;0,03501647;0,7683027;-1,40342;-0,9615744;-0,2589757;0,09112769;0,001430121;6;1;115;360,1047;0,06182449;0,7740722;-1,424452;-0,1709224;0,7683663;-1,564035;0,2293518;0,7710159;-1,600015;
00002;004;63732486523,5915;-0,1766543;0,7678655;-1,460342;-0,9326397;-0,2542484;0,2530787;-0,03862876;0;1;116;362,1608;-0,1718777;0,7725853;-1,441217;-0,1709224;0,7683663;-1,564035;0,2293518;0,7710159;-1,600015;
00002;004;63732486526,1763;-0,09738916;0,7655622;-1,304219;-0,9643342;-0,2437033;0,1032629;-0,002266468;4;1;117;364,7466;-0,08054216;0,7725681;-1,306808;-0,1709224;0,7683663;-1,564035;0,2293518;0,7710159;-1,600015;
00002;004;63732486528,478;-0,1834474;0,765344;-1,361324;-0,9456982;-0,2479499;0,2086267;-0,0255079;1;1;118;367,0478;-0,1724415;0,7722305;-1,36622;-0,1709224;0,7683663;-1,564035;0,2293518;0,7710159;-1,600015;
00002;004;63732486531,0079;-0,1963807;0,7650977;-1,275303;-0,9478542;-0,2478002;0,1993381;-0,02078046;2;1;119;369,5771;-0,1730054;0,7718758;-1,291223;-0,1709224;0,7683663;-1,564035;0,2293518;0,7710159;-1,600015;
00002;004;63732486533,4308;-0,08461358;0,7661307;-1,308069;-0,9556367;-0,2542069;0,1481182;-0,01408439;4;1;120;372,0003;-0,08054216;0,7725681;-1,306808;-0,1709224;0,7683663;-1,564035;0,2293518;0,7710159;-1,600015;
00002;004;63732486535,8217;0,04946676;0,7684543;-1,406399;-0,965817;-0,2552017;0,04350606;0,0132983;6;1;121;374,3919;0,06182449;0,7740722;-1,424452;-0,1709224;0,7683663;-1,564035;0,2293518;0,7710159;-1,600015;
00002;004;63732486538,1343;-0,1750222;0,7680692;-1,45286;-0,9387765;-0,2238156;0,2555065;-0,05763507;0;1;122;376,7038;-0,1718777;0,7725853;-1,441217;-0,1709224;0,7683663;-1,564035;0,2293518;0,7710159;-1,600015;
00002;004;63732486541,0819;-0,1862906;0,7643566;-1,170307;-0,9592447;-0,2424616;0,1450164;-0,005674107;3;1;123;379,6512;-0,1735692;0,7715211;-1,216226;-0,1709224;0,7683663;-1,564035;0,2293518;0,7710159;-1,600015;
00002;004;63732486543,6409;-0,008100833;0,7668543;-1,332226;-0,9662063;-0,2537899;0,04314128;0,01323426;5;1;124;382,2106;0,001013294;0,7733309;-1,353078;-0,1709224;0,7683663;-1,564035;0,2293518;0,7710159;-1,600015;
00002;004;63732486546,0752;-0,1775307;0,7650877;-1,282742;-0,9518269;-0,2545726;0,1701586;-0,01626476;2;1;125;384,645;-0,1730054;0,7718758;-1,291223;-0,1709224;0,7683663;-1,564035;0,2293518;0,7710159;-1,600015;
00002;004;63732486548,6667;-0,1610091;0,7661309;-1,372384;-0,95121;-0,2502041;0,1794914;-0,01950248;1;1;126;387,2362;-0,1724415;0,7722305;-1,36622;-0,1709224;0,7683663;-1,564035;0,2293518;0,7710159;-1,600015;
00002;004;63732486551,1124;-0,1852515;0,7644771;-1,161186;-0,9604618;-0,2495559;0,1228146;-0,01231484;3;1;127;389,6822;-0,1735692;0,7715211;-1,216226;-0,1709224;0,7683663;-1,564035;0,2293518;0,7710159;-1,600015;
00002;004;63732486553,7941;-0,08873306;0,7660744;-1,295225;-0,9542564;-0,255338;0,1546393;-0,01685151;4;1;128;392,3636;-0,08054216;0,7725681;-1,306808;-0,1709224;0,7683663;-1,564035;0,2293518;0,7710159;-1,600015;
00002;004;63732486556,1227;-0,18221;0,7660425;-1,372267;-0,9377355;-0,2520108;0,2368713;-0,03216868;1;1;129;394,6921;-0,1724415;0,7722305;-1,36622;-0,1709224;0,7683663;-1,564035;0,2293518;0,7710159;-1,600015;
00002;004;63732486558,5517;-0,01941485;0,7672002;-1,337785;-0,962244;-0,2636044;0,06742694;0,007269116;5;1;130;397,1211;0,001013294;0,7733309;-1,353078;-0,1709224;0,7683663;-1,564035;0,2293518;0,7710159;-1,600015;
00002;004;63732486560,8801;-0,1723722;0,767434;-1,445672;-0,9265654;-0,2504644;0,2772457;-0,04334825;0;1;131;399,4495;-0,1718777;0,7725853;-1,441217;-0,1709224;0,7683663;-1,564035;0,2293518;0,7710159;-1,600015;
00002;004;63732486563,3317;-0,1905298;0,7653467;-1,282719;-0,9519474;-0,2491048;0,177749;-0,0121808;2;1;132;401,9016;-0,1730054;0,7718758;-1,291223;-0,1709224;0,7683663;-1,564035;0,2293518;0,7710159;-1,600015;
00002;004;63732486565,835;0,05545685;0,7683676;-1,389612;-0,9698153;-0,2422547;-0,006067764;0,02709584;6;1;133;404,4044;0,06182449;0,7740722;-1,424452;-0,1709224;0,7683663;-1,564035;0,2293518;0,7710159;-1,600015;
00002;004;63732486568,242;-0,02418573;0,7672101;-1,336271;-0,967483;-0,250346;0,033854;0,01255406;5;1;134;406,8116;0,001013294;0,7733309;-1,353078;-0,1709224;0,7683663;-1,564035;0,2293518;0,7710159;-1,600015;
00002;004;63732486570,7045;-0,1987515;0,7652301;-1,267189;-0,9516989;-0,2543792;0,1713561;-0,01405758;2;1;135;409,2741;-0,1730054;0,7718758;-1,291223;-0,1709224;0,7683663;-1,564035;0,2293518;0,7710159;-1,600015;
00002;004;63732486573,3547;-0,1884301;0,7643973;-1,162561;-0,9621252;-0,2460414;0,1170485;-0,008862826;3;1;136;411,9245;-0,1735692;0,7715211;-1,216226;-0,1709224;0,7683663;-1,564035;0,2293518;0,7710159;-1,600015;
00002;004;63732486575,7518;-0,1710177;0,7668476;-1,447692;-0,9303604;-0,2374273;0,2760563;-0,04302036;0;1;137;414,3214;-0,1718777;0,7725853;-1,441217;-0,1709224;0,7683663;-1,564035;0,2293518;0,7710159;-1,600015;
00002;004;63732486578,0597;0,05249786;0,7685022;-1,394106;-0,9667622;-0,2543783;0,006674781;0,02486171;6;1;138;416,6295;0,06182449;0,7740722;-1,424452;-0,1709224;0,7683663;-1,564035;0,2293518;0,7710159;-1,600015;
00002;004;63732486580,9809;-0,1744487;0,7657505;-1,352758;-0,9402077;-0,2513245;0,2273065;-0,03431274;1;1;139;419,5502;-0,1724415;0,7722305;-1,36622;-0,1709224;0,7683663;-1,564035;0,2293518;0,7710159;-1,600015;
00002;004;63732486583,6491;-0,07523826;0,7654926;-1,277512;-0,971148;-0,2297048;0,06389918;0,004938672;4;1;140;422,2187;-0,08054216;0,7725681;-1,306808;-0,1709224;0,7683663;-1,564035;0,2293518;0,7710159;-1,600015;
2;4;63732483560.569;-0.05011921;0.7641492;-1.284439;0.9429441;0.1312794;0.2989618;-0.06514658;4;2;1;16.69809;-0.08346333;0.7694253;-1.309551;-0.171148;0.7644334;-1.567695;0.2294245;0.7713189;-1.599558
2;4;63732483565.8947;0.09662361;0.7672141;-1.40037;0.8836101;0.1227917;0.4438176;-0.08474266;6;2;2;22.02355;0.0600802;0.7725016;-1.425725;-0.171148;0.7644334;-1.567695;0.2294245;0.7713189;-1.599558
2;4;63732483570.2513;-0.1570082;0.7637096;-1.261286;-0.9751568;-0.1388652;-0.1663437;0.04599497;2;2;3;26.37973;-0.1760693;0.76775;-1.294917;-0.171148;0.7644334;-1.567695;0.2294245;0.7713189;-1.599558
2;4;63732483575.2098;-0.1619085;0.7644845;-1.340183;0.9637121;0.139264;0.2213085;-0.05373279;1;2;4;31.33805;-0.1747391;0.7681575;-1.369904;-0.171148;0.7644334;-1.567695;0.2294245;0.7713189;-1.599558
2;4;63732483578.8655;0.03202803;0.7653769;-1.324593;-0.9091903;-0.1277094;-0.3876796;0.08226737;5;2;5;34.99424;-0.00144957;0.7710755;-1.35498;-0.171148;0.7644334;-1.567695;0.2294245;0.7713189;-1.599558
2;4;63732483582.6933;-0.1575535;0.7657793;-1.424594;0.9506056;0.1330607;0.2737929;-0.06067435;0;2;6;38.8217;-0.1734089;0.7685652;-1.444891;-0.171148;0.7644334;-1.567695;0.2294245;0.7713189;-1.599558
2;4;63732483589.7667;-0.1474807;0.7637706;-1.171817;0.9756912;0.1420942;0.1583856;-0.05244051;3;2;7;45.89491;-0.1773994;0.7673423;-1.21993;-0.171148;0.7644334;-1.567695;0.2294245;0.7713189;-1.599558
2;4;63732483593.3645;0.03470165;0.7652782;-1.322723;0.9216693;0.1321382;0.3568571;-0.07561893;5;2;8;49.49314;-0.00144957;0.7710755;-1.35498;-0.171148;0.7644334;-1.567695;0.2294245;0.7713189;-1.599558
2;4;63732483596.692;-0.1595626;0.7644765;-1.356988;0.9548244;0.1400202;0.2554956;-0.05853665;1;2;9;52.82015;-0.1747391;0.7681575;-1.369904;-0.171148;0.7644334;-1.567695;0.2294245;0.7713189;-1.599558
2;4;63732483599.6861;-0.1587573;0.7657367;-1.427818;0.9456795;0.131361;0.2912504;-0.06006481;0;2;10;55.81448;-0.1734089;0.7685652;-1.444891;-0.171148;0.7644334;-1.567695;0.2294245;0.7713189;-1.599558
2;4;63732483604.1842;-0.1469187;0.763474;-1.174427;0.9723466;0.1343166;0.1839238;-0.0517025;3;2;11;60.31252;-0.1773994;0.7673423;-1.21993;-0.171148;0.7644334;-1.567695;0.2294245;0.7713189;-1.599558
2;4;63732483608.8223;-0.1475573;0.7643353;-1.252784;0.9661303;0.1310333;0.2118909;-0.06726641;2;2;12;64.95076;-0.1760693;0.76775;-1.294917;-0.171148;0.7644334;-1.567695;0.2294245;0.7713189;-1.599558
2;4;63732483613.4026;0.1073214;0.7667063;-1.399437;0.8707857;0.1267814;0.465144;-0.09643598;6;2;13;69.53133;0.0600802;0.7725016;-1.425725;-0.171148;0.7644334;-1.567695;0.2294245;0.7713189;-1.599558
2;4;63732483616.7971;-0.03179997;0.763978;-1.275035;0.9353311;0.1278613;0.3224034;-0.06973713;4;2;14;72.9258;-0.08346333;0.7694253;-1.309551;-0.171148;0.7644334;-1.567695;0.2294245;0.7713189;-1.599558
2;4;63732483620.3253;0.1145603;0.7667853;-1.396181;-0.8654361;-0.1093863;-0.4818278;0.08304771;6;2;15;76.45374;0.0600802;0.7725016;-1.425725;-0.171148;0.7644334;-1.567695;0.2294245;0.7713189;-1.599558
2;4;63732483624.9069;-0.1472654;0.7640964;-1.342743;-0.955002;-0.1332095;-0.2588752;0.05665871;1;2;16;81.0358;-0.1747391;0.7681575;-1.369904;-0.171148;0.7644334;-1.567695;0.2294245;0.7713189;-1.599558
2;4;63732483627.5972;-0.1476876;0.7657213;-1.451129;0.9447068;0.1289155;0.2950844;-0.06192767;0;2;17;83.72564;-0.1734089;0.7685652;-1.444891;-0.171148;0.7644334;-1.567695;0.2294245;0.7713189;-1.599558
2;4;63732483630.2022;-0.04051744;0.7641215;-1.275289;-0.9469812;-0.1293141;-0.2876529;0.06132229;4;2;18;86.3306;-0.08346333;0.7694253;-1.309551;-0.171148;0.7644334;-1.567695;0.2294245;0.7713189;-1.599558
2;4;63732483633.1695;-0.1506357;0.764075;-1.239314;-0.9757953;-0.1186555;-0.1705362;0.06827834;2;2;19;89.29797;-0.1760693;0.76775;-1.294917;-0.171148;0.7644334;-1.567695;0.2294245;0.7713189;-1.599558
2;4;63732483641.3479;-0.1714659;0.7632062;-1.14789;-0.9786433;-0.1378115;-0.145025;0.04725609;3;2;20;97.47598;-0.1773994;0.7673423;-1.21993;-0.171148;0.7644334;-1.567695;0.2294245;0.7713189;-1.599558
2;4;63732483645.2821;0.03801071;0.764919;-1.300068;0.9306233;0.1308948;0.3342237;-0.07142451;5;2;21;101.4105;-0.00144957;0.7710755;-1.35498;-0.171148;0.7644334;-1.567695;0.2294245;0.7713189;-1.599558
2;4;63732483649.0787;0.04725277;0.7651296;-1.302881;0.9120072;0.123463;0.3840628;-0.07413225;5;2;22;105.2069;-0.00144957;0.7710755;-1.35498;-0.171148;0.7644334;-1.567695;0.2294245;0.7713189;-1.599558
2;4;63732483652.8758;-0.1531916;0.7637688;-1.321294;0.9660169;0.1396338;0.2113809;-0.05130215;1;2;23;109.0045;-0.1747391;0.7681575;-1.369904;-0.171148;0.7644334;-1.567695;0.2294245;0.7713189;-1.599558
2;4;63732483655.9818;0.09917596;0.7664199;-1.398653;0.8687531;0.1212217;0.4700891;-0.09792675;6;2;24;112.1102;0.0600802;0.7725016;-1.425725;-0.171148;0.7644334;-1.567695;0.2294245;0.7713189;-1.599558
2;4;63732483659.3424;-0.1567189;0.7630126;-1.240563;0.9804011;0.1379456;0.1340767;-0.04252383;2;2;25;115.4705;-0.1760693;0.76775;-1.294917;-0.171148;0.7644334;-1.567695;0.2294245;0.7713189;-1.599558
2;4;63732483662.9614;-0.1674654;0.7629986;-1.147533;0.9840423;0.1356089;0.1087882;-0.03789725;3;2;26;119.0901;-0.1773994;0.7673423;-1.21993;-0.171148;0.7644334;-1.567695;0.2294245;0.7713189;-1.599558
2;4;63732483665.9889;-0.168832;0.7653423;-1.426896;0.9546515;0.1362086;0.2577824;-0.0602992;0;2;27;122.1172;-0.1734089;0.7685652;-1.444891;-0.171148;0.7644334;-1.567695;0.2294245;0.7713189;-1.599558
2;4;63732483668.8605;-0.03711049;0.7637674;-1.253707;0.9553755;0.129668;0.2592061;-0.05706298;4;2;28;124.9886;-0.08346333;0.7694253;-1.309551;-0.171148;0.7644334;-1.567695;0.2294245;0.7713189;-1.599558
2;4;63732483671.8531;-0.1685337;0.7637725;-1.325097;0.9764307;0.1436138;0.1549891;-0.04400859;1;2;29;127.9817;-0.1747391;0.7681575;-1.369904;-0.171148;0.7644334;-1.567695;0.2294245;0.7713189;-1.599558
2;4;63732483674.932;-0.1641875;0.7634037;-1.154603;0.985135;0.1385812;0.09395519;-0.03842901;3;2;30;131.0606;-0.1773994;0.7673423;-1.21993;-0.171148;0.7644334;-1.567695;0.2294245;0.7713189;-1.599558
2;4;63732483678.063;0.03210869;0.7646538;-1.296943;0.9462371;0.1291855;0.2902042;-0.06105676;5;2;31;134.1918;-0.00144957;0.7710755;-1.35498;-0.171148;0.7644334;-1.567695;0.2294245;0.7713189;-1.599558
2;4;63732483681.1333;-0.1665059;0.7649025;-1.415391;0.972357;0.1445622;0.1768741;-0.04836757;0;2;32;137.2619;-0.1734089;0.7685652;-1.444891;-0.171148;0.7644334;-1.567695;0.2294245;0.7713189;-1.599558
2;4;63732483684.1106;-0.1595463;0.7630159;-1.22744;0.982679;0.1445525;0.1090629;-0.03939436;2;2;33;140.2388;-0.1760693;0.76775;-1.294917;-0.171148;0.7644334;-1.567695;0.2294245;0.7713189;-1.599558
2;4;63732483687.1655;0.1091554;0.7660444;-1.371343;0.8911065;0.1225568;0.4288979;-0.08339979;6;2;34;143.2941;0.0600802;0.7725016;-1.425725;-0.171148;0.7644334;-1.567695;0.2294245;0.7713189;-1.599558
2;4;63732483690.4604;-0.0526148;0.7637033;-1.254106;0.9598606;0.133514;0.2402669;-0.05579884;4;2;35;146.5892;-0.08346333;0.7694253;-1.309551;-0.171148;0.7644334;-1.567695;0.2294245;0.7713189;-1.599558
2;4;63732483693.5316;-0.06133315;0.7632377;-1.250177;-0.961685;-0.1265087;-0.2376368;0.05183054;4;2;36;149.66;-0.08346333;0.7694253;-1.309551;-0.171148;0.7644334;-1.567695;0.2294245;0.7713189;-1.599558
2;4;63732483696.1316;-0.1703622;0.762757;-1.151839;-0.9830111;-0.1369838;-0.1156647;0.03932548;3;2;37;152.2596;-0.1773994;0.7673423;-1.21993;-0.171148;0.7644334;-1.567695;0.2294245;0.7713189;-1.599558
2;4;63732483699.0058;0.09464639;0.7661972;-1.385678;-0.8770992;-0.1251206;-0.4531633;0.09841248;6;2;38;155.1347;0.0600802;0.7725016;-1.425725;-0.171148;0.7644334;-1.567695;0.2294245;0.7713189;-1.599558
2;4;63732483701.8648;-0.162565;0.7631724;-1.224669;-0.9728298;-0.1358225;-0.1810428;0.04876595;2;2;39;157.9931;-0.1760693;0.76775;-1.294917;-0.171148;0.7644334;-1.567695;0.2294245;0.7713189;-1.599558
2;4;63732483704.8265;-0.1578677;0.7648411;-1.410795;-0.9421935;-0.1447348;-0.2942095;0.0690229;0;2;40;160.9554;-0.1734089;0.7685652;-1.444891;-0.171148;0.7644334;-1.567695;0.2294245;0.7713189;-1.599558
2;4;63732483707.6615;-0.1676584;0.7634801;-1.299622;-0.9615417;-0.1422685;-0.228425;0.05494741;1;2;41;163.7903;-0.1747391;0.7681575;-1.369904;-0.171148;0.7644334;-1.567695;0.2294245;0.7713189;-1.599558
2;4;63732483710.5755;0.02262191;0.7646247;-1.305685;-0.9081738;-0.1232468;-0.3921823;0.07889004;5;2;42;166.7039;-0.00144957;0.7710755;-1.35498;-0.171148;0.7644334;-1.567695;0.2294245;0.7713189;-1.599558
2;4;63732483713.3741;0.03775582;0.7648096;-1.313949;-0.9181659;-0.1285467;-0.3669717;0.0760201;5;2;43;169.5022;-0.00144957;0.7710755;-1.35498;-0.171148;0.7644334;-1.567695;0.2294245;0.7713189;-1.599558
2;4;63732483716.069;-0.1596535;0.7632384;-1.302163;-0.9544376;-0.1378335;-0.2581849;0.05823626;1;2;44;172.1978;-0.1747391;0.7681575;-1.369904;-0.171148;0.7644334;-1.567695;0.2294245;0.7713189;-1.599558
2;4;63732483719.7807;-0.150148;0.7630498;-1.203912;-0.963816;-0.1358867;-0.2218894;0.05795291;2;2;45;175.9093;-0.1760693;0.76775;-1.294917;-0.171148;0.7644334;-1.567695;0.2294245;0.7713189;-1.599558
2;4;63732483723.5436;0.09467559;0.7661399;-1.391789;0.8164024;0.1022742;0.5609395;-0.09150948;6;2;46;179.6723;0.0600802;0.7725016;-1.425725;-0.171148;0.7644334;-1.567695;0.2294245;0.7713189;-1.599558
2;4;63732483726.9565;-0.1487557;0.7632986;-1.168191;0.9611065;0.134791;0.2339338;-0.05814358;3;2;47;183.0847;-0.1773994;0.7673423;-1.21993;-0.171148;0.7644334;-1.567695;0.2294245;0.7713189;-1.599558
2;4;63732483730.1072;-0.0381796;0.7638971;-1.266865;0.9355128;0.1334435;0.3193415;-0.07092056;4;2;48;186.2353;-0.08346333;0.7694253;-1.309551;-0.171148;0.7644334;-1.567695;0.2294245;0.7713189;-1.599558
2;4;63732483732.5956;-0.1600225;0.7654902;-1.435735;0.9434112;0.1412885;0.2927037;-0.06586053;0;2;49;188.7243;-0.1734089;0.7685652;-1.444891;-0.171148;0.7644334;-1.567695;0.2294245;0.7713189;-1.599558
2;4;63732483735.3508;-0.1499449;0.7633951;-1.176101;0.9713199;0.1467866;0.1793424;-0.05317532;3;2;50;191.4795;-0.1773994;0.7673423;-1.21993;-0.171148;0.7644334;-1.567695;0.2294245;0.7713189;-1.599558
2;4;63732483738.7564;-0.1581777;0.7630469;-1.227172;0.9712068;0.1383427;0.1864738;-0.05335047;2;2;51;194.8852;-0.1760693;0.76775;-1.294917;-0.171148;0.7644334;-1.567695;0.2294245;0.7713189;-1.599558
2;4;63732483741.5828;0.0229298;0.7647893;-1.304525;-0.9123207;-0.123199;-0.3834727;0.07376821;5;2;52;197.7111;-0.00144957;0.7710755;-1.35498;-0.171148;0.7644334;-1.567695;0.2294245;0.7713189;-1.599558
2;4;63732483744.834;0.1037764;0.7659605;-1.405701;-0.809643;-0.1039863;-0.5721121;0.07970423;6;2;53;200.9629;0.0600802;0.7725016;-1.425725;-0.171148;0.7644334;-1.567695;0.2294245;0.7713189;-1.599558
2;4;63732483748.8429;-0.04351898;0.763714;-1.281679;-0.9215829;-0.1342393;-0.3556648;0.07853238;4;2;54;204.9714;-0.08346333;0.7694253;-1.309551;-0.171148;0.7644334;-1.567695;0.2294245;0.7713189;-1.599558
2;4;63732483751.289;-0.1650915;0.7651196;-1.436411;-0.9272714;-0.1430159;-0.3374668;0.07635581;0;2;55;207.4174;-0.1734089;0.7685652;-1.444891;-0.171148;0.7644334;-1.567695;0.2294245;0.7713189;-1.599558
2;4;63732483754.3554;-0.157273;0.7633381;-1.324749;-0.9437156;-0.1364312;-0.2947922;0.0623296;1;2;56;210.4843;-0.1747391;0.7681575;-1.369904;-0.171148;0.7644334;-1.567695;0.2294245;0.7713189;-1.599558
2;4;63732483757.2046;-0.04172947;0.7640492;-1.274625;0.9296426;0.1410546;0.3322096;-0.07419515;4;2;57;213.3332;-0.08346333;0.7694253;-1.309551;-0.171148;0.7644334;-1.567695;0.2294245;0.7713189;-1.599558
2;4;63732483760.4267;0.08747144;0.7663483;-1.40605;0.8275818;0.1171278;0.5376036;-0.1112291;6;2;58;216.5557;0.0600802;0.7725016;-1.425725;-0.171148;0.7644334;-1.567695;0.2294245;0.7713189;-1.599558
2;4;63732483763.7053;-0.1559575;0.7631615;-1.16947;-0.9688368;-0.1386884;-0.1982253;0.05317624;3;2;59;219.8339;-0.1773994;0.7673423;-1.21993;-0.171148;0.7644334;-1.567695;0.2294245;0.7713189;-1.599558
2;4;63732483767.608;-0.1478692;0.7636156;-1.242195;-0.9599463;-0.143582;-0.2333539;0.05859505;2;2;60;223.7365;-0.1760693;0.76775;-1.294917;-0.171148;0.7644334;-1.567695;0.2294245;0.7713189;-1.599558
2;4;63732483771.1673;0.03770216;0.7648315;-1.318559;-0.8942079;-0.1290388;-0.420024;0.08556252;5;2;61;227.2962;-0.00144957;0.7710755;-1.35498;-0.171148;0.7644334;-1.567695;0.2294245;0.7713189;-1.599558
2;4;63732483774.3761;-0.1598564;0.7639293;-1.334885;-0.952288;-0.1503308;-0.2581102;0.06266847;1;2;62;230.505;-0.1747391;0.7681575;-1.369904;-0.171148;0.7644334;-1.567695;0.2294245;0.7713189;-1.599558
2;4;63732483777.0251;-0.1698892;0.7651788;-1.421206;-0.9360796;-0.1493992;-0.3107156;0.06993369;0;2;63;233.1533;-0.1734089;0.7685652;-1.444891;-0.171148;0.7644334;-1.567695;0.2294245;0.7713189;-1.599558
2;4;63732483779.2971;-0.165684;0.7637808;-1.342716;-0.9399299;-0.1449177;-0.3012937;0.06894003;1;2;64;235.4251;-0.1747391;0.7681575;-1.369904;-0.171148;0.7644334;-1.567695;0.2294245;0.7713189;-1.599558
2;4;63732483782.0158;-0.1656775;0.7648175;-1.397898;-0.9278402;-0.1429436;-0.3370372;0.07131291;0;2;65;238.1444;-0.1734089;0.7685652;-1.444891;-0.171148;0.7644334;-1.567695;0.2294245;0.7713189;-1.599558
2;4;63732483784.8979;-0.05309153;0.7636811;-1.241816;-0.9472922;-0.1350924;-0.283362;0.06398037;4;2;66;241.0263;-0.08346333;0.7694253;-1.309551;-0.171148;0.7644334;-1.567695;0.2294245;0.7713189;-1.599558
2;4;63732483787.9706;0.03126414;0.7649195;-1.317358;0.8869049;0.1272084;0.4351842;-0.08850168;5;2;67;244.099;-0.00144957;0.7710755;-1.35498;-0.171148;0.7644334;-1.567695;0.2294245;0.7713189;-1.599558
2;4;63732483791.1543;0.1029948;0.7665123;-1.393669;-0.8330204;-0.111207;-0.5341597;0.09156173;6;2;68;247.2827;0.0600802;0.7725016;-1.425725;-0.171148;0.7644334;-1.567695;0.2294245;0.7713189;-1.599558
2;4;63732483794.158;-0.1547913;0.7635798;-1.246907;-0.9655051;-0.1416027;-0.2117577;0.05391918;2;2;69;250.2867;-0.1760693;0.76775;-1.294917;-0.171148;0.7644334;-1.567695;0.2294245;0.7713189;-1.599558
2;4;63732483797.2578;-0.1670758;0.7636273;-1.177854;-0.9706382;-0.1476228;-0.1825706;0.05231757;3;2;70;253.3861;-0.1773994;0.7673423;-1.21993;-0.171148;0.7644334;-1.567695;0.2294245;0.7713189;-1.599558
2;4;63732483800.5483;0.09816279;0.7667354;-1.391042;-0.8395258;-0.1151179;-0.5219385;0.09759335;6;2;71;256.6766;0.0600802;0.7725016;-1.425725;-0.171148;0.7644334;-1.567695;0.2294245;0.7713189;-1.599558
2;4;63732483803.6545;-0.1515275;0.7635705;-1.246559;-0.9661497;-0.1469876;-0.2043866;0.05635166;2;2;72;259.7826;-0.1760693;0.76775;-1.294917;-0.171148;0.7644334;-1.567695;0.2294245;0.7713189;-1.599558
2;4;63732483806.4787;-0.1621589;0.7654213;-1.437307;-0.9342394;-0.1476175;-0.3163435;0.07302457;0;2;73;262.607;-0.1734089;0.7685652;-1.444891;-0.171148;0.7644334;-1.567695;0.2294245;0.7713189;-1.599558
2;4;63732483809.2263;0.02900777;0.765285;-1.325707;0.8995352;0.1290391;0.4095143;-0.08051892;5;2;74;265.3547;-0.00144957;0.7710755;-1.35498;-0.171148;0.7644334;-1.567695;0.2294245;0.7713189;-1.599558
2;4;63732483812.2035;-0.1710251;0.7638692;-1.336274;0.9607705;0.1470494;0.2281438;-0.0569825;1;2;75;268.3319;-0.1747391;0.7681575;-1.369904;-0.171148;0.7644334;-1.567695;0.2294245;0.7713189;-1.599558
2;4;63732483817.2855;-0.0568783;0.7638081;-1.270668;-0.932766;-0.1408394;-0.3233781;0.07442088;4;2;76;273.4144;-0.08346333;0.7694253;-1.309551;-0.171148;0.7644334;-1.567695;0.2294245;0.7713189;-1.599558
2;4;63732483820.7145;-0.16332;0.7636866;-1.180504;0.9690969;0.1526819;0.1856733;-0.05536316;3;2;77;276.8431;-0.1773994;0.7673423;-1.21993;-0.171148;0.7644334;-1.567695;0.2294245;0.7713189;-1.599558
2;4;63732483824.2001;-0.0573429;0.7637796;-1.267021;0.9323586;0.1379346;0.3263234;-0.07207461;4;2;78;280.3282;-0.08346333;0.7694253;-1.309551;-0.171148;0.7644334;-1.567695;0.2294245;0.7713189;-1.599558
2;4;63732483827.3846;-0.1718198;0.764171;-1.327771;0.9531556;0.1554205;0.2517409;-0.06297006;1;2;79;283.5134;-0.1747391;0.7681575;-1.369904;-0.171148;0.7644334;-1.567695;0.2294245;0.7713189;-1.599558
2;4;63732483830.3826;0.02992788;0.7655481;-1.318134;0.9085892;0.1366852;0.386467;-0.0801632;5;2;80;286.5108;-0.00144957;0.7710755;-1.35498;-0.171148;0.7644334;-1.567695;0.2294245;0.7713189;-1.599558
2;4;63732483833.3263;-0.1708446;0.7637401;-1.183904;0.973298;0.1533079;0.1633331;-0.05010119;3;2;81;289.4547;-0.1773994;0.7673423;-1.21993;-0.171148;0.7644334;-1.567695;0.2294245;0.7713189;-1.599558
2;4;63732483836.1842;-0.1776813;0.7639815;-1.280171;0.9642497;0.1514027;0.2099809;-0.0566374;2;2;82;292.313;-0.1760693;0.76775;-1.294917;-0.171148;0.7644334;-1.567695;0.2294245;0.7713189;-1.599558
2;4;63732483838.7308;-0.1802702;0.765474;-1.433298;0.9382557;0.1495304;0.3046317;-0.06720434;0;2;83;294.8592;-0.1734089;0.7685652;-1.444891;-0.171148;0.7644334;-1.567695;0.2294245;0.7713189;-1.599558
2;4;63732483842.3564;0.08477716;0.7665498;-1.407373;0.8387244;0.1172912;0.5226947;-0.0978497;6;2;84;298.4852;0.0600802;0.7725016;-1.425725;-0.171148;0.7644334;-1.567695;0.2294245;0.7713189;-1.599558
2;4;63732483845.7196;0.09548531;0.766767;-1.411068;0.835009;0.1043752;0.535761;-0.06946854;6;2;85;301.8478;0.0600802;0.7725016;-1.425725;-0.171148;0.7644334;-1.567695;0.2294245;0.7713189;-1.599558
2;4;63732483848.8226;0.02775705;0.765635;-1.343639;-0.8900825;-0.1325546;-0.4282551;0.08234103;5;2;86;304.9509;-0.00144957;0.7710755;-1.35498;-0.171148;0.7644334;-1.567695;0.2294245;0.7713189;-1.599558
2;4;63732483851.5604;-0.1559309;0.7637572;-1.237056;-0.9603036;-0.1480559;-0.2289517;0.05897212;2;2;87;307.6891;-0.1760693;0.76775;-1.294917;-0.171148;0.7644334;-1.567695;0.2294245;0.7713189;-1.599558
2;4;63732483854.2253;-0.173694;0.765678;-1.430541;-0.9388001;-0.1546891;-0.300391;0.06701412;0;2;88;310.3535;-0.1734089;0.7685652;-1.444891;-0.171148;0.7644334;-1.567695;0.2294245;0.7713189;-1.599558
2;4;63732483856.5141;-0.1771768;0.7646624;-1.360739;-0.9473107;-0.1497455;-0.2756805;0.06464487;1;2;89;312.6429;-0.1747391;0.7681575;-1.369904;-0.171148;0.7644334;-1.567695;0.2294245;0.7713189;-1.599558
2;4;63732483859.3215;-0.1755792;0.7639701;-1.189381;-0.9656377;-0.1545191;-0.2000424;0.06042203;3;2;90;315.4501;-0.1773994;0.7673423;-1.21993;-0.171148;0.7644334;-1.567695;0.2294245;0.7713189;-1.599558
2;4;63732483862.3115;-0.06918548;0.7645032;-1.308249;-0.9363183;-0.1493463;-0.3103578;0.06842301;4;2;91;318.4399;-0.08346333;0.7694253;-1.309551;-0.171148;0.7644334;-1.567695;0.2294245;0.7713189;-1.599558
2;4;63732483865.4333;0.07237569;0.7673206;-1.420063;-0.8403118;-0.1274745;-0.5172856;0.1002089;6;2;92;321.5623;0.0600802;0.7725016;-1.425725;-0.171148;0.7644334;-1.567695;0.2294245;0.7713189;-1.599558
2;4;63732483868.0904;-0.1557884;0.7654462;-1.431914;-0.9238762;-0.1528162;-0.3413074;0.08129741;0;2;93;324.2188;-0.1734089;0.7685652;-1.444891;-0.171148;0.7644334;-1.567695;0.2294245;0.7713189;-1.599558
2;4;63732483870.7268;0.02464457;0.7653407;-1.339848;-0.8952931;-0.1400792;-0.4133283;0.08937366;5;2;94;326.8553;-0.00144957;0.7710755;-1.35498;-0.171148;0.7644334;-1.567695;0.2294245;0.7713189;-1.599558
2;4;63732483873.596;-0.165925;0.7644597;-1.350027;-0.9413718;-0.1504441;-0.2943317;0.06748845;1;2;95;329.7245;-0.1747391;0.7681575;-1.369904;-0.171148;0.7644334;-1.567695;0.2294245;0.7713189;-1.599558
2;4;63732483876.359;-0.1813047;0.7639468;-1.2666;-0.9654097;-0.1555382;-0.200875;0.05866216;2;2;96;332.4875;-0.1760693;0.76775;-1.294917;-0.171148;0.7644334;-1.567695;0.2294245;0.7713189;-1.599558
2;4;63732483879.1868;-0.1901394;0.7637626;-1.199164;-0.9680543;-0.149885;-0.1931595;0.0556303;3;2;97;335.3152;-0.1773994;0.7673423;-1.21993;-0.171148;0.7644334;-1.567695;0.2294245;0.7713189;-1.599558
2;4;63732483882.276;-0.06675579;0.7640294;-1.283551;-0.9376791;-0.1455481;-0.3076332;0.07025243;4;2;98;338.4046;-0.08346333;0.7694253;-1.309551;-0.171148;0.7644334;-1.567695;0.2294245;0.7713189;-1.599558
2;4;63732483885.6831;-0.07116142;0.763719;-1.283058;-0.9307006;-0.1418054;-0.3285237;0.07589429;4;2;99;341.8114;-0.08346333;0.7694253;-1.309551;-0.171148;0.7644334;-1.567695;0.2294245;0.7713189;-1.599558
2;4;63732483888.7265;-0.1562759;0.7637975;-1.182807;-0.9673234;-0.1571083;-0.1907701;0.0566508;3;2;100;344.8547;-0.1773994;0.7673423;-1.21993;-0.171148;0.7644334;-1.567695;0.2294245;0.7713189;-1.599558
2;4;63732483891.7837;0.08177526;0.7668777;-1.410511;-0.8485625;-0.1248778;-0.5046076;0.0985826;6;2;101;347.9119;0.0600802;0.7725016;-1.425725;-0.171148;0.7644334;-1.567695;0.2294245;0.7713189;-1.599558
2;4;63732483894.5793;-0.1766772;0.7642766;-1.356661;-0.9506374;-0.1469479;-0.2659495;0.06297483;1;2;102;350.7073;-0.1747391;0.7681575;-1.369904;-0.171148;0.7644334;-1.567695;0.2294245;0.7713189;-1.599558
2;4;63732483897.3683;-0.1894843;0.7636875;-1.261627;-0.9533582;-0.1529427;-0.2523667;0.06346478;2;2;103;353.4964;-0.1760693;0.76775;-1.294917;-0.171148;0.7644334;-1.567695;0.2294245;0.7713189;-1.599558
2;4;63732483899.8791;-0.1885621;0.765803;-1.43363;-0.9379227;-0.1569548;-0.3018416;0.06751242;0;2;104;356.0077;-0.1734089;0.7685652;-1.444891;-0.171148;0.7644334;-1.567695;0.2294245;0.7713189;-1.599558
2;4;63732483902.4503;-0.004317125;0.7654659;-1.351107;0.8967505;0.1387085;0.4115129;-0.08518057;5;2;105;358.5786;-0.00144957;0.7710755;-1.35498;-0.171148;0.7644334;-1.567695;0.2294245;0.7713189;-1.599558
2;4;63732483905.1039;-0.178275;0.7637261;-1.200284;0.9644606;0.1479024;0.2111777;-0.05783327;3;2;106;361.2325;-0.1773994;0.7673423;-1.21993;-0.171148;0.7644334;-1.567695;0.2294245;0.7713189;-1.599558
2;4;63732483907.792;-0.1796084;0.7655799;-1.427691;0.9481177;0.1555167;0.2703789;-0.06150451;0;2;107;363.9209;-0.1734089;0.7685652;-1.444891;-0.171148;0.7644334;-1.567695;0.2294245;0.7713189;-1.599558
2;4;63732483910.748;-0.1855391;0.7637921;-1.265496;0.970036;0.1572992;0.1775616;-0.05252685;2;2;108;366.8762;-0.1760693;0.76775;-1.294917;-0.171148;0.7644334;-1.567695;0.2294245;0.7713189;-1.599558
2;4;63732483913.6851;-0.1949461;0.764402;-1.346411;0.9546438;0.1566804;0.2455238;-0.06184306;1;2;109;369.8137;-0.1747391;0.7681575;-1.369904;-0.171148;0.7644334;-1.567695;0.2294245;0.7713189;-1.599558
2;4;63732483917.62;0.08728743;0.7667261;-1.413332;0.8221137;0.1141726;0.548315;-0.102197;6;2;110;373.7481;0.0600802;0.7725016;-1.425725;-0.171148;0.7644334;-1.567695;0.2294245;0.7713189;-1.599558
2;4;63732483920.5425;-0.0657389;0.7638398;-1.297769;0.936287;0.1438549;0.3127578;-0.06967822;4;2;111;376.6707;-0.08346333;0.7694253;-1.309551;-0.171148;0.7644334;-1.567695;0.2294245;0.7713189;-1.599558
2;4;63732483923.4596;0.03165398;0.7649708;-1.328907;0.8968487;0.1372534;0.4112313;-0.08782199;5;2;112;379.5877;-0.00144957;0.7710755;-1.35498;-0.171148;0.7644334;-1.567695;0.2294245;0.7713189;-1.599558
2;4;63732483926.5362;-0.1670464;0.7635856;-1.185219;-0.9676416;-0.1512534;-0.1944157;0.05472279;3;2;113;382.6649;-0.1773994;0.7673423;-1.21993;-0.171148;0.7644334;-1.567695;0.2294245;0.7713189;-1.599558
2;4;63732483929.4686;-0.1866838;0.7636288;-1.250784;0.9660289;0.1492618;0.2037579;-0.05469735;2;2;114;385.5973;-0.1760693;0.76775;-1.294917;-0.171148;0.7644334;-1.567695;0.2294245;0.7713189;-1.599558
2;4;63732483932.3383;-0.1804416;0.7636791;-1.321159;0.9694952;0.1504868;0.1868921;-0.05004188;1;2;115;388.4664;-0.1747391;0.7681575;-1.369904;-0.171148;0.7644334;-1.567695;0.2294245;0.7713189;-1.599558
2;4;63732483934.6241;-0.1601718;0.7657279;-1.423948;-0.9064096;-0.1545149;-0.3812516;0.0958866;0;2;116;390.7524;-0.1734089;0.7685652;-1.444891;-0.171148;0.7644334;-1.567695;0.2294245;0.7713189;-1.599558
2;4;63732483937.2719;0.09898131;0.7670414;-1.405805;-0.8382697;-0.1167344;-0.5238528;0.09620506;6;2;117;393.4002;0.0600802;0.7725016;-1.425725;-0.171148;0.7644334;-1.567695;0.2294245;0.7713189;-1.599558
2;4;63732483940.2969;-0.0449158;0.7639858;-1.279439;-0.9293572;-0.1385817;-0.3334154;0.07697136;4;2;118;396.4255;-0.08346333;0.7694253;-1.309551;-0.171148;0.7644334;-1.567695;0.2294245;0.7713189;-1.599558
2;4;63732483942.9639;0.04849023;0.7654585;-1.33309;-0.879119;-0.1368464;-0.4451786;0.1011867;5;2;119;399.0921;-0.00144957;0.7710755;-1.35498;-0.171148;0.7644334;-1.567695;0.2294245;0.7713189;-1.599558
2;4;63732483946.1922;0.1050351;0.7664891;-1.403883;0.8296008;0.1078253;0.5395884;-0.09476649;6;2;120;402.3206;0.0600802;0.7725016;-1.425725;-0.171148;0.7644334;-1.567695;0.2294245;0.7713189;-1.599558
2;4;63732483949.2155;-0.1462868;0.7632692;-1.232698;-0.9626555;-0.1429554;-0.2222586;0.05881628;2;2;121;405.3443;-0.1760693;0.76775;-1.294917;-0.171148;0.7644334;-1.567695;0.2294245;0.7713189;-1.599558
2;4;63732483951.9743;-0.04140222;0.7641147;-1.25681;-0.9134549;-0.1305984;-0.3770503;0.07985856;4;2;122;408.1029;-0.08346333;0.7694253;-1.309551;-0.171148;0.7644334;-1.567695;0.2294245;0.7713189;-1.599558
2;4;63732483955.0573;-0.1632009;0.7652848;-1.429523;0.9183016;0.1489693;0.3578745;-0.08035048;0;2;123;411.1861;-0.1734089;0.7685652;-1.444891;-0.171148;0.7644334;-1.567695;0.2294245;0.7713189;-1.599558
2;4;63732483957.6096;-0.1703674;0.7644382;-1.355825;0.9401985;0.1484262;0.2989076;-0.06819718;1;2;124;413.738;-0.1747391;0.7681575;-1.369904;-0.171148;0.7644334;-1.567695;0.2294245;0.7713189;-1.599558
2;4;63732483960.475;-0.1797883;0.7633867;-1.176818;0.9684306;0.1527267;0.1886195;-0.05691512;3;2;125;416.6039;-0.1773994;0.7673423;-1.21993;-0.171148;0.7644334;-1.567695;0.2294245;0.7713189;-1.599558
2;4;63732483964.6636;0.04668067;0.7656289;-1.323789;0.890856;0.1308996;0.4270316;-0.08297459;5;2;126;420.7917;-0.00144957;0.7710755;-1.35498;-0.171148;0.7644334;-1.567695;0.2294245;0.7713189;-1.599558
2;4;63732483967.6627;0.04821561;0.7656796;-1.326043;0.8924555;0.1305157;0.4239824;-0.08202363;5;2;127;423.7913;-0.00144957;0.7710755;-1.35498;-0.171148;0.7644334;-1.567695;0.2294245;0.7713189;-1.599558
2;4;63732483970.8972;-0.1620866;0.7633272;-1.17527;0.9712015;0.1455383;0.1813268;-0.05202786;3;2;128;427.0258;-0.1773994;0.7673423;-1.21993;-0.171148;0.7644334;-1.567695;0.2294245;0.7713189;-1.599558
2;4;63732483975.6953;-0.03624295;0.7639217;-1.287123;-0.9160784;-0.1391466;-0.3671362;0.08154516;4;2;129;431.8236;-0.08346333;0.7694253;-1.309551;-0.171148;0.7644334;-1.567695;0.2294245;0.7713189;-1.599558
2;4;63732483978.4809;0.09679537;0.7649589;-1.422338;-0.8088019;-0.1299513;-0.5620726;0.1141335;6;2;130;434.6098;0.0600802;0.7725016;-1.425725;-0.171148;0.7644334;-1.567695;0.2294245;0.7713189;-1.599558
2;4;63732483982.3648;-0.1377769;0.7637093;-1.255729;-0.9510761;-0.1498269;-0.2620263;0.06594152;2;2;131;438.4932;-0.1760693;0.76775;-1.294917;-0.171148;0.7644334;-1.567695;0.2294245;0.7713189;-1.599558
2;4;63732483985.307;-0.1503639;0.7652308;-1.427769;-0.931886;-0.153477;-0.3204079;0.07329532;0;2;132;441.4352;-0.1734089;0.7685652;-1.444891;-0.171148;0.7644334;-1.567695;0.2294245;0.7713189;-1.599558
2;4;63732483987.6622;-0.1388573;0.7641097;-1.333359;-0.9337233;-0.1516629;-0.3159465;0.07305494;1;2;133;443.791;-0.1747391;0.7681575;-1.369904;-0.171148;0.7644334;-1.567695;0.2294245;0.7713189;-1.599558
2;4;63732483990.0406;-0.147835;0.7657274;-1.441324;-0.9028677;-0.1497679;-0.3919808;0.09354447;0;2;134;446.1696;-0.1734089;0.7685652;-1.444891;-0.171148;0.7644334;-1.567695;0.2294245;0.7713189;-1.599558
2;4;63732483992.3195;-0.1518462;0.7635854;-1.193216;0.956317;0.145944;0.2451402;-0.06375425;3;2;135;448.4477;-0.1773994;0.7673423;-1.21993;-0.171148;0.7644334;-1.567695;0.2294245;0.7713189;-1.599558
2;4;63732483996.0744;0.08569722;0.7649428;-1.412043;-0.8152602;-0.1236754;-0.5549904;0.1097307;6;2;136;452.203;0.0600802;0.7725016;-1.425725;-0.171148;0.7644334;-1.567695;0.2294245;0.7713189;-1.599558
2;4;63732483999.6812;-0.141169;0.763385;-1.258388;0.939525;0.13875;0.3055695;-0.06832714;2;2;137;455.8097;-0.1760693;0.76775;-1.294917;-0.171148;0.7644334;-1.567695;0.2294245;0.7713189;-1.599558
2;4;63732484002.6066;0.04502901;0.7655262;-1.32824;0.8776827;0.133156;0.450012;-0.09711719;5;2;138;458.7354;-0.00144957;0.7710755;-1.35498;-0.171148;0.7644334;-1.567695;0.2294245;0.7713189;-1.599558
2;4;63732484005.5511;-0.1553661;0.7640179;-1.339047;0.9466876;0.1461993;0.2799287;-0.06362727;1;2;139;461.68;-0.1747391;0.7681575;-1.369904;-0.171148;0.7644334;-1.567695;0.2294245;0.7713189;-1.599558
2;4;63732484008.717;-0.03642977;0.7646609;-1.274669;0.9141917;0.1338377;0.3744427;-0.07831743;4;2;140;464.8458;-0.08346333;0.7694253;-1.309551;-0.171148;0.7644334;-1.567695;0.2294245;0.7713189;-1.599558
00002;004;63732484493,9306;0,09002923;0,7684033;-1,401863;0,9476743;0,2046509;0,2414914;-0,04139153;6;3;1;17,62492;0,06180671;0,7740118;-1,424295;-0,1709282;0,7681174;-1,56389;0,2293461;0,771041;-1,599847;
00002;004;63732484504,8985;0,02888406;0,7669439;-1,314233;-0,9574321;-0,222225;-0,1772132;0,0503527;5;3;2;28,59345;0,0009919852;0,7732408;-1,352924;-0,1709282;0,7681174;-1,56389;0,2293461;0,771041;-1,599847;
00002;004;63732484519,037;-0,05616751;0,7662919;-1,267223;-0,9631626;-0,2266472;-0,133047;0,05698544;4;3;3;42,73202;-0,08056556;0,7724292;-1,306658;-0,1709282;0,7681174;-1,56389;0,2293461;0,771041;-1,599847;
00002;004;63732484527,9867;-0,1791789;0,7658036;-1,185483;0,9720732;0,2269246;0,0442671;-0,04024034;3;3;4;51,68155;-0,1735969;0,7713335;-1,216081;-0,1709282;0,7681174;-1,56389;0,2293461;0,771041;-1,599847;
00002;004;63732484536,7858;-0,1654522;0,7663211;-1,335761;0,9707102;0,2369087;0,02283505;-0,03278353;1;3;5;60,48087;-0,1724613;0,7720165;-1,366075;-0,1709282;0,7681174;-1,56389;0,2293461;0,771041;-1,599847;
00002;004;63732484546,6679;-0,159739;0,7673174;-1,402599;0,9761615;0,2148779;-0,02704512;-0,01431134;0;3;6;70,36244;-0,1718935;0,772358;-1,441072;-0,1709282;0,7681174;-1,56389;0,2293461;0,771041;-1,599847;
00002;004;63732484556,2529;-0,167822;0,7656332;-1,23544;-0,9715474;-0,2288835;-0,0443373;0,04173993;2;3;7;79,94772;-0,1730291;0,7716749;-1,291078;-0,1709282;0,7681174;-1,56389;0,2293461;0,771041;-1,599847;
00002;004;63732484567,0215;-0,1677103;0,7654933;-1,241333;-0,97271;-0,2279899;-0,02258297;0,03668695;2;3;8;90,71671;-0,1730291;0,7716749;-1,291078;-0,1709282;0,7681174;-1,56389;0,2293461;0,771041;-1,599847;
00002;004;63732484579,1503;-0,1681294;0,764702;-1,170233;0,9755791;0,2162131;0,01911712;-0,033644;3;3;9;102,845;-0,1735969;0,7713335;-1,216081;-0,1709282;0,7681174;-1,56389;0,2293461;0,771041;-1,599847;
00002;004;63732484598,7298;-0,04492234;0,7654018;-1,250762;0,9657901;0,2085926;0,1481918;-0,04216474;4;3;10;122,4245;-0,08056556;0,7724292;-1,306658;-0,1709282;0,7681174;-1,56389;0,2293461;0,771041;-1,599847;
00002;004;63732484610,0374;0,04486082;0,7665027;-1,319769;0,9629545;0,1836891;0,1953389;-0,02863076;5;3;11;133,7321;0,0009919852;0,7732408;-1,352924;-0,1709282;0,7681174;-1,56389;0,2293461;0,771041;-1,599847;
00002;004;63732484618,9809;-0,1489656;0,7657943;-1,308893;0,9759631;0,2122998;0,03764582;-0,03174571;1;3;12;142,676;-0,1724613;0,7720165;-1,366075;-0,1709282;0,7681174;-1,56389;0,2293461;0,771041;-1,599847;
00002;004;63732484632,8741;-0,160167;0,7666588;-1,404942;0,9746103;0,2232163;0,004106664;-0,01710047;0;3;13;156,5687;-0,1718935;0,772358;-1,441072;-0,1709282;0,7681174;-1,56389;0,2293461;0,771041;-1,599847;
00002;004;63732484646,3713;0,1129147;0,7682159;-1,39494;0,9399055;0,1943221;0,2766873;-0,04754629;6;3;14;170,0659;0,06180671;0,7740118;-1,424295;-0,1709282;0,7681174;-1,56389;0,2293461;0,771041;-1,599847;
00002;004;63732484657,0391;-0,1499821;0,7662635;-1,305382;0,9692371;0,2306198;0,07516136;-0,0417713;1;3;15;180,7341;-0,1724613;0,7720165;-1,366075;-0,1709282;0,7681174;-1,56389;0,2293461;0,771041;-1,599847;
00002;004;63732484670,1963;-0,01888704;0,7664405;-1,266061;-0,9702801;-0,2002817;-0,1333314;0,0258175;4;3;16;193,8914;-0,08056556;0,7724292;-1,306658;-0,1709282;0,7681174;-1,56389;0,2293461;0,771041;-1,599847;
00002;004;63732484683,1577;0,1257704;0,7682487;-1,426907;0,9474481;0,1943117;0,2484982;-0,05323288;6;3;17;206,8529;0,06180671;0,7740118;-1,424295;-0,1709282;0,7681174;-1,56389;0,2293461;0,771041;-1,599847;
00002;004;63732484692,9871;0,07983914;0,7672604;-1,325976;0,9614985;0,2010041;0,1835904;-0,03758595;5;3;18;216,6823;0,0009919852;0,7732408;-1,352924;-0,1709282;0,7681174;-1,56389;0,2293461;0,771041;-1,599847;
00002;004;63732484702,2957;-0,142512;0,7658505;-1,230107;0,9721603;0,2194486;0,06997473;-0,04301413;2;3;19;225,9902;-0,1730291;0,7716749;-1,291078;-0,1709282;0,7681174;-1,56389;0,2293461;0,771041;-1,599847;
00002;004;63732484715,2214;-0,1322717;0,7651185;-1,163009;-0,9806265;-0,1870011;-0,05639997;0,01487671;3;3;20;238,9165;-0,1735969;0,7713335;-1,216081;-0,1709282;0,7681174;-1,56389;0,2293461;0,771041;-1,599847;
00002;004;63732484728,764;-0,1365671;0,7667972;-1,396191;0,9751601;0,2190128;0,01801788;-0,0277755;0;3;21;252,4588;-0,1718935;0,772358;-1,441072;-0,1709282;0,7681174;-1,56389;0,2293461;0,771041;-1,599847;
00002;004;63732484740,8875;-0,1337351;0,7661305;-1,320744;0,9731784;0,2222147;0,04482165;-0,0391851;1;3;22;264,5821;-0,1724613;0,7720165;-1,366075;-0,1709282;0,7681174;-1,56389;0,2293461;0,771041;-1,599847;
00002;004;63732484750,8971;-0,1316687;0,7652447;-1,172943;-0,9758829;-0,2088035;-0,05453879;0,03285142;3;3;23;274,5918;-0,1735969;0,7713335;-1,216081;-0,1709282;0,7681174;-1,56389;0,2293461;0,771041;-1,599847;
00002;004;63732484768,2326;0,09322339;0,7676806;-1,324928;-0,9627909;-0,1903463;-0,189632;0,02901352;5;3;24;291,927;0,0009919852;0,7732408;-1,352924;-0,1709282;0,7681174;-1,56389;0,2293461;0,771041;-1,599847;
00002;004;63732484778,0167;0,01450488;0,7669216;-1,26279;-0,9680373;-0,2155897;-0,1184934;0,04882924;4;3;25;301,7109;-0,08056556;0,7724292;-1,306658;-0,1709282;0,7681174;-1,56389;0,2293461;0,771041;-1,599847;
00002;004;63732484790,5545;0,1376373;0,7684281;-1,412662;0,9571408;0,2011175;0,2020664;-0,05101432;6;3;26;314,2496;0,06180671;0,7740118;-1,424295;-0,1709282;0,7681174;-1,56389;0,2293461;0,771041;-1,599847;
00002;004;63732484803,316;-0,1335505;0,7654603;-1,226066;0,9721945;0,2234989;0,05597661;-0,04186675;2;3;27;327,0109;-0,1730291;0,7716749;-1,291078;-0,1709282;0,7681174;-1,56389;0,2293461;0,771041;-1,599847;
00002;004;63732484812,5535;-0,142206;0,7659225;-1,339466;0,9737231;0,2267767;-0,004116209;-0,02046417;0;3;28;336,2481;-0,1718935;0,772358;-1,441072;-0,1709282;0,7681174;-1,56389;0,2293461;0,771041;-1,599847;
00002;004;63732484823,2194;-0,1484167;0,7659131;-1,241165;0,9794181;0,2013439;-0,007636843;-0,01193988;2;3;29;346,9143;-0,1730291;0,7716749;-1,291078;-0,1709282;0,7681174;-1,56389;0,2293461;0,771041;-1,599847;
00002;004;63732484832,8264;-0,1421904;0,7658126;-1,322033;0,9743046;0,2232246;0,001708542;-0,02997536;1;3;30;356,5208;-0,1724613;0,7720165;-1,366075;-0,1709282;0,7681174;-1,56389;0,2293461;0,771041;-1,599847;
00002;004;63732484845,4949;-0,02662102;0,7670788;-1,264246;0,9686393;0,2219096;0,103209;-0,04291844;4;3;31;369,1894;-0,08056556;0,7724292;-1,306658;-0,1709282;0,7681174;-1,56389;0,2293461;0,771041;-1,599847;
00002;004;63732484858,3638;-0,147575;0,7666893;-1,415189;-0,9719831;-0,2333732;-0,0009257661;0,02801764;0;3;32;382,0588;-0,1718935;0,772358;-1,441072;-0,1709282;0,7681174;-1,56389;0,2293461;0,771041;-1,599847;
00002;004;63732484869,1339;-0,1396947;0,765286;-1,163619;-0,9723408;-0,2242217;-0,04755165;0,04491102;3;3;33;392,8289;-0,1735969;0,7713335;-1,216081;-0,1709282;0,7681174;-1,56389;0,2293461;0,771041;-1,599847;
00002;004;63732484880,8302;0,1174351;0,7682316;-1,416678;-0,950319;-0,1976942;-0,235202;0,04990827;6;3;34;404,525;0,06180671;0,7740118;-1,424295;-0,1709282;0,7681174;-1,56389;0,2293461;0,771041;-1,599847;
00002;004;63732484893,2441;0,09601564;0,7677993;-1,336504;-0,9582741;-0,214018;-0,1826346;0,05051457;5;3;35;416,9385;0,0009919852;0,7732408;-1,352924;-0,1709282;0,7681174;-1,56389;0,2293461;0,771041;-1,599847;
00002;004;63732484903,9216;0,08467029;0,7678937;-1,333295;-0,9525033;-0,2125289;-0,2107571;0,05612992;5;3;36;427,6158;0,0009919852;0,7732408;-1,352924;-0,1709282;0,7681174;-1,56389;0,2293461;0,771041;-1,599847;
00002;004;63732484914,6905;-0,1505008;0,76427;-1,17059;0,9781882;0,2026556;0,02531114;-0,0379221;3;3;37;438,3856;-0,1735969;0,7713335;-1,216081;-0,1709282;0,7681174;-1,56389;0,2293461;0,771041;-1,599847;
00002;004;63732484928,3803;-0,04342941;0,7668574;-1,251799;0,9661829;0,2427412;0,06983192;-0,05187325;4;3;38;452,075;-0,08056556;0,7724292;-1,306658;-0,1709282;0,7681174;-1,56389;0,2293461;0,771041;-1,599847;
00002;004;63732484940,2765;0,1075681;0,7681254;-1,398801;0,9650652;0,1993391;0,1638444;-0,04547503;6;3;39;463,971;0,06180671;0,7740118;-1,424295;-0,1709282;0,7681174;-1,56389;0,2293461;0,771041;-1,599847;
00002;004;63732484957,6589;-0,1474201;0,7654592;-1,238724;0,9733788;0,2266073;0,009909937;-0,03293291;2;3;40;481,3538;-0,1730291;0,7716749;-1,291078;-0,1709282;0,7681174;-1,56389;0,2293461;0,771041;-1,599847;
00002;004;63732484967,8268;-0,1453657;0,7662365;-1,319259;0,9744886;0,2232455;-0,001856572;-0,02301959;1;3;41;491,5212;-0,1724613;0,7720165;-1,366075;-0,1709282;0,7681174;-1,56389;0,2293461;0,771041;-1,599847;
00002;004;63732484977,6644;-0,1398943;0,7675729;-1,417795;0,976753;0,213877;-0,01437201;0,001886583;0;3;42;501,359;-0,1718935;0,772358;-1,441072;-0,1709282;0,7681174;-1,56389;0,2293461;0,771041;-1,599847;
00002;004;63732484998,0226;-0,1478582;0,7677076;-1,41728;0,9684366;0,2399526;-0,06701063;-0,007929049;0;3;43;521,7169;-0,1718935;0,772358;-1,441072;-0,1709282;0,7681174;-1,56389;0,2293461;0,771041;-1,599847;
00002;004;63732485012,5846;-0,182517;0,7654102;-1,164251;0,9741806;0,2210164;-0,03993924;-0,02299712;3;3;44;536,2797;-0,1735969;0,7713335;-1,216081;-0,1709282;0,7681174;-1,56389;0,2293461;0,771041;-1,599847;
00002;004;63732485028,0065;0,07153711;0,7669804;-1,316823;0,9655867;0,2050536;0,1548278;-0,04029674;5;3;45;551,7015;0,0009919852;0,7732408;-1,352924;-0,1709282;0,7681174;-1,56389;0,2293461;0,771041;-1,599847;
00002;004;63732485043,3468;0,1137195;0,768259;-1,428224;-0,9614905;-0,2078809;-0,1740514;0,04503128;6;3;46;567,0414;0,06180671;0,7740118;-1,424295;-0,1709282;0,7681174;-1,56389;0,2293461;0,771041;-1,599847;
00002;004;63732485054,031;-0,1387373;0,7660449;-1,309798;-0,9781452;-0,2073558;-0,00659598;0,01385779;1;3;47;577,7257;-0,1724613;0,7720165;-1,366075;-0,1709282;0,7681174;-1,56389;0,2293461;0,771041;-1,599847;
00002;004;63732485065,5566;-0,03303162;0,7667275;-1,252874;-0,968466;-0,2370796;-0,06394846;0,04216123;4;3;48;589,2517;-0,08056556;0,7724292;-1,306658;-0,1709282;0,7681174;-1,56389;0,2293461;0,771041;-1,599847;
00002;004;63732485074,3146;-0,1377878;0,7658214;-1,232475;-0,9741902;-0,2212233;-0,02760729;0,03537698;2;3;49;598,0089;-0,1730291;0,7716749;-1,291078;-0,1709282;0,7681174;-1,56389;0,2293461;0,771041;-1,599847;
00002;004;63732485083,1836;-0,1390117;0,7669718;-1,312737;-0,9696656;-0,2392888;0,04785989;0,01409944;1;3;50;606,878;-0,1724613;0,7720165;-1,366075;-0,1709282;0,7681174;-1,56389;0,2293461;0,771041;-1,599847;
00002;004;63732485091,2754;-0,1672043;0,7653918;-1,158207;-0,9721938;-0,2304278;-0,02532935;0,03317837;3;3;51;614,9699;-0,1735969;0,7713335;-1,216081;-0,1709282;0,7681174;-1,56389;0,2293461;0,771041;-1,599847;
00002;004;63732485100,1397;-0,1371529;0,7656069;-1,236499;0,9746968;0,2195028;0,02421857;-0,03461283;2;3;52;623,834;-0,1730291;0,7716749;-1,291078;-0,1709282;0,7681174;-1,56389;0,2293461;0,771041;-1,599847;
00002;004;63732485110,6343;0,08618846;0,7676707;-1,335337;0,9612737;0,2147795;0,1671191;-0,04352023;5;3;53;634,3293;0,0009919852;0,7732408;-1,352924;-0,1709282;0,7681174;-1,56389;0,2293461;0,771041;-1,599847;
00002;004;63732485131,9434;-0,152696;0,7665135;-1,42141;0,9719157;0,2335496;-0,0004767482;-0,02888542;0;3;54;655,6386;-0,1718935;0,772358;-1,441072;-0,1709282;0,7681174;-1,56389;0,2293461;0,771041;-1,599847;
00002;004;63732485142,0313;-0,02621198;0,7665657;-1,275112;0,9682682;0,216453;0,117676;-0,04191866;4;3;55;665,726;-0,08056556;0,7724292;-1,306658;-0,1709282;0,7681174;-1,56389;0,2293461;0,771041;-1,599847;
00002;004;63732485154,11;0,1173232;0,7680443;-1,418827;0,9628952;0,1905971;0,1883795;-0,03191779;6;3;56;677,8045;0,06180671;0,7740118;-1,424295;-0,1709282;0,7681174;-1,56389;0,2293461;0,771041;-1,599847;
00002;004;63732485167,6706;-0,1378167;0,7668196;-1,408377;0,9723872;0,2316687;-0,01559339;-0,02344526;0;3;57;691,3658;-0,1718935;0,772358;-1,441072;-0,1709282;0,7681174;-1,56389;0,2293461;0,771041;-1,599847;
00002;004;63732485177,8628;0,06604452;0,7677876;-1,333873;0,964178;0,2242873;0,1304905;-0,05503013;5;3;58;701,5576;0,0009919852;0,7732408;-1,352924;-0,1709282;0,7681174;-1,56389;0,2293461;0,771041;-1,599847;
00002;004;63732485188,9675;-0,1729993;0,7645895;-1,154687;-0,9758826;-0,214588;0,02698608;0,02961106;3;3;59;712,6627;-0,1735969;0,7713335;-1,216081;-0,1709282;0,7681174;-1,56389;0,2293461;0,771041;-1,599847;
00002;004;63732485198,5899;0,1277929;0,7681088;-1,426888;-0,9573668;-0,2063236;-0,1961991;0,04883929;6;3;60;722,2841;0,06180671;0,7740118;-1,424295;-0,1709282;0,7681174;-1,56389;0,2293461;0,771041;-1,599847;
00002;004;63732485209,9592;-0,1422271;0,7661419;-1,238273;-0,980662;-0,191291;0,01384549;-0,0389636;2;3;61;733,6539;-0,1730291;0,7716749;-1,291078;-0,1709282;0,7681174;-1,56389;0,2293461;0,771041;-1,599847;
00002;004;63732485221,3935;-0,1316375;0,7669028;-1,333031;-0,9721053;-0,2279935;0,0550489;-5,923604E-05;1;3;62;745,0879;-0,1724613;0,7720165;-1,366075;-0,1709282;0,7681174;-1,56389;0,2293461;0,771041;-1,599847;
00002;004;63732485233,0074;-0,02276983;0,7671915;-1,271992;-0,9714864;-0,2185114;-0,08562554;0,03369457;4;3;63;756,7023;-0,08056556;0,7724292;-1,306658;-0,1709282;0,7681174;-1,56389;0,2293461;0,771041;-1,599847;
00002;004;63732485242,474;0,005001057;0,7668071;-1,261731;-0,9642553;-0,2233411;-0,1298429;0,05891785;4;3;64;766,1683;-0,08056556;0,7724292;-1,306658;-0,1709282;0,7681174;-1,56389;0,2293461;0,771041;-1,599847;
00002;004;63732485252,6714;-0,1213572;0,7664574;-1,31237;-0,9694396;-0,2434232;0,007830977;0,02950984;1;3;65;776,366;-0,1724613;0,7720165;-1,366075;-0,1709282;0,7681174;-1,56389;0,2293461;0,771041;-1,599847;
00002;004;63732485266,2984;-0,1528585;0,7658771;-1,2478;-0,971583;-0,232361;0,03626102;0,0268326;2;3;66;789,9928;-0,1730291;0,7716749;-1,291078;-0,1709282;0,7681174;-1,56389;0,2293461;0,771041;-1,599847;
00002;004;63732485276,0771;0,07226553;0,7672629;-1,32722;0,9657846;0,2098408;0,1471059;-0,03983431;5;3;67;799,7715;0,0009919852;0,7732408;-1,352924;-0,1709282;0,7681174;-1,56389;0,2293461;0,771041;-1,599847;
00002;004;63732485295,8975;-0,1388819;0,7671071;-1,411917;0,972535;0,2308029;-0,01207663;-0,0275678;0;3;68;819,5922;-0,1718935;0,772358;-1,441072;-0,1709282;0,7681174;-1,56389;0,2293461;0,771041;-1,599847;
00002;004;63732485306,7105;-0,1583897;0,7648632;-1,180324;0,9754946;0,2102461;0,04935167;-0,04208775;3;3;69;830,4055;-0,1735969;0,7713335;-1,216081;-0,1709282;0,7681174;-1,56389;0,2293461;0,771041;-1,599847;
00002;004;63732485315,8251;0,1188421;0,7685815;-1,443801;0,9549091;0,2049927;0,2097001;-0,04639511;6;3;70;839,5198;0,06180671;0,7740118;-1,424295;-0,1709282;0,7681174;-1,56389;0,2293461;0,771041;-1,599847;
00002;004;63732485323,7933;0,06163021;0,7679487;-1,336623;0,9627554;0,234147;0,124484;-0,05273454;5;3;71;847,4885;0,0009919852;0,7732408;-1,352924;-0,1709282;0,7681174;-1,56389;0,2293461;0,771041;-1,599847;
00002;004;63732485333,5281;-0,1364483;0,7668617;-1,32743;0,9711293;0,2329282;-0,04941466;-0,0145109;1;3;72;857,2233;-0,1724613;0,7720165;-1,366075;-0,1709282;0,7681174;-1,56389;0,2293461;0,771041;-1,599847;
00002;004;63732485344,5763;-0,1558436;0,7655721;-1,244326;0,9734601;0,2263359;-0,02308592;-0,02478909;2;3;73;868,2711;-0,1730291;0,7716749;-1,291078;-0,1709282;0,7681174;-1,56389;0,2293461;0,771041;-1,599847;
00002;004;63732485357,3542;0,1208583;0,7688087;-1,418257;0,9454448;0,222218;0,2299036;-0,06243241;6;3;74;881,0487;0,06180671;0,7740118;-1,424295;-0,1709282;0,7681174;-1,56389;0,2293461;0,771041;-1,599847;
00002;004;63732485370,154;-0,01159825;0,7670065;-1,277692;-0,9674773;-0,2368198;-0,0761137;0,04594515;4;3;75;893,8486;-0,08056556;0,7724292;-1,306658;-0,1709282;0,7681174;-1,56389;0,2293461;0,771041;-1,599847;
00002;004;63732485381,4709;-0,1462704;0,7667761;-1,406644;-0,970169;-0,2340056;0,05699724;0,02765798;0;3;76;905,1657;-0,1718935;0,772358;-1,441072;-0,1709282;0,7681174;-1,56389;0,2293461;0,771041;-1,599847;
00002;004;63732485391,6901;-0,1381149;0,7648541;-1,17258;-0,9811325;-0,1867107;-0,01144909;0,04885861;3;3;77;915,3846;-0,1735969;0,7713335;-1,216081;-0,1709282;0,7681174;-1,56389;0,2293461;0,771041;-1,599847;
00002;004;63732485401,1764;-0,1372749;0,7655389;-1,24619;0,9777469;0,2063198;-0,009060048;-0,03689416;2;3;78;924,8708;-0,1730291;0,7716749;-1,291078;-0,1709282;0,7681174;-1,56389;0,2293461;0,771041;-1,599847;
00002;004;63732485409,9965;-0,1438794;0,7663091;-1,327169;0,973061;0,2276094;-0,0293242;-0,02205331;1;3;79;933,691;-0,1724613;0,7720165;-1,366075;-0,1709282;0,7681174;-1,56389;0,2293461;0,771041;-1,599847;
00002;004;63732485419,3507;-0,1379461;0,7639527;-1,167108;0,9799279;0,1983178;0,000287183;-0,0202803;3;3;80;943,0457;-0,1735969;0,7713335;-1,216081;-0,1709282;0,7681174;-1,56389;0,2293461;0,771041;-1,599847;
00002;004;63732485429,4577;-0,1364248;0,7675496;-1,443379;0,9737708;0,2262792;-0,01248272;-0,02031082;0;3;81;953,1521;-0,1718935;0,772358;-1,441072;-0,1709282;0,7681174;-1,56389;0,2293461;0,771041;-1,599847;
00002;004;63732485440,8916;-0,02041041;0,7667153;-1,286819;-0,9751167;-0,2155965;-0,0277139;0,04356179;4;3;82;964,5863;-0,08056556;0,7724292;-1,306658;-0,1709282;0,7681174;-1,56389;0,2293461;0,771041;-1,599847;
00002;004;63732485453,6813;0,06172261;0,7676958;-1,353225;-0,9685793;-0,2192179;-0,110673;0,0393613;5;3;83;977,3757;0,0009919852;0,7732408;-1,352924;-0,1709282;0,7681174;-1,56389;0,2293461;0,771041;-1,599847;
00002;004;63732485466,1297;0,1280337;0,7687792;-1,429986;0,9556634;0,1849964;0,2195159;-0,06554852;6;3;84;989,8249;0,06180671;0,7740118;-1,424295;-0,1709282;0,7681174;-1,56389;0,2293461;0,771041;-1,599847;
00002;004;63732485475,2212;0,06031461;0,7689;-1,336132;0,9563242;0,2677755;0,1028445;-0,05624398;5;3;85;998,9161;0,0009919852;0,7732408;-1,352924;-0,1709282;0,7681174;-1,56389;0,2293461;0,771041;-1,599847;
00002;004;63732485490,0484;-0,1566402;0,7650427;-1,164071;0,9743149;0,2186035;0,04117727;-0,03503698;3;3;86;1013,743;-0,1735969;0,7713335;-1,216081;-0,1709282;0,7681174;-1,56389;0,2293461;0,771041;-1,599847;
00002;004;63732485499,9284;-0,03078342;0,7668272;-1,27178;0,9703728;0,2358778;0,03624977;-0,03774078;4;3;87;1023,623;-0,08056556;0,7724292;-1,306658;-0,1709282;0,7681174;-1,56389;0,2293461;0,771041;-1,599847;
00002;004;63732485512,1208;0,1195677;0,7685156;-1,42676;0,9585944;0,2169183;0,1780265;-0,04847569;6;3;88;1035,816;0,06180671;0,7740118;-1,424295;-0,1709282;0,7681174;-1,56389;0,2293461;0,771041;-1,599847;
00002;004;63732485521,5913;-0,1647978;0,7657518;-1,242976;0,9736642;0,2255706;-0,0274627;-0,01849194;2;3;89;1045,286;-0,1730291;0,7716749;-1,291078;-0,1709282;0,7681174;-1,56389;0,2293461;0,771041;-1,599847;
00002;004;63732485531,0988;-0,1428296;0,7665255;-1,324091;-0,9666724;-0,2511363;0,04391103;0,02338445;1;3;90;1054,793;-0,1724613;0,7720165;-1,366075;-0,1709282;0,7681174;-1,56389;0,2293461;0,771041;-1,599847;
00002;004;63732485540,755;-0,1418339;0,7676981;-1,404819;-0,9632965;-0,2555823;0,08205926;-0,001974094;0;3;91;1064,449;-0,1718935;0,772358;-1,441072;-0,1709282;0,7681174;-1,56389;0,2293461;0,771041;-1,599847;
00002;004;63732485554,5604;0,1221477;0,7682956;-1,419862;-0,9543823;-0,2107919;-0,2048104;0,05266956;6;3;92;1078,255;0,06180671;0,7740118;-1,424295;-0,1709282;0,7681174;-1,56389;0,2293461;0,771041;-1,599847;
00002;004;63732485565,4781;-0,1535201;0,765581;-1,245668;-0,973698;-0,2244527;0,02477655;0,03032442;2;3;93;1089,173;-0,1730291;0,7716749;-1,291078;-0,1709282;0,7681174;-1,56389;0,2293461;0,771041;-1,599847;
00002;004;63732485574,7729;-0,1349296;0,7671181;-1,324265;-0,9681281;-0,2418241;0,06425701;0,01096546;1;3;94;1098,468;-0,1724613;0,7720165;-1,366075;-0,1709282;0,7681174;-1,56389;0,2293461;0,771041;-1,599847;
00002;004;63732485584,5848;0,06275076;0,7672664;-1,321013;-0,9663133;-0,211558;-0,1426394;0,03370259;5;3;95;1108,28;0,0009919852;0,7732408;-1,352924;-0,1709282;0,7681174;-1,56389;0,2293461;0,771041;-1,599847;
00002;004;63732485596,9318;-0,1592193;0,7653462;-1,161014;-0,9756806;-0,2088744;0,06506079;0,01364072;3;3;96;1120,626;-0,1735969;0,7713335;-1,216081;-0,1709282;0,7681174;-1,56389;0,2293461;0,771041;-1,599847;
00002;004;63732485604,8628;-0,03708665;0,7663725;-1,26852;-0,9728165;-0,2247756;-0,04194442;0,03667048;4;3;97;1128,558;-0,08056556;0,7724292;-1,306658;-0,1709282;0,7681174;-1,56389;0,2293461;0,771041;-1,599847;
00002;004;63732485614,4572;-0,1441307;0,7668864;-1,419906;-0,9727423;-0,2242155;0,05783892;0,01243001;0;3;98;1138,152;-0,1718935;0,772358;-1,441072;-0,1709282;0,7681174;-1,56389;0,2293461;0,771041;-1,599847;
00002;004;63732485626,331;0,1157897;0,7683157;-1,412744;-0,9533812;-0,2128277;-0,2068551;0,05458537;6;3;99;1150,026;0,06180671;0,7740118;-1,424295;-0,1709282;0,7681174;-1,56389;0,2293461;0,771041;-1,599847;
00002;004;63732485637,6683;-0,1437321;0,7669556;-1,395612;-0,9749573;-0,2115474;0,06855702;-0,002424408;0;3;100;1161,363;-0,1718935;0,772358;-1,441072;-0,1709282;0,7681174;-1,56389;0,2293461;0,771041;-1,599847;
00002;004;63732485648,1898;-0,1379613;0,7660189;-1,330485;0,9737544;0,2231766;-0,04276853;-0,01286002;1;3;101;1171,885;-0,1724613;0,7720165;-1,366075;-0,1709282;0,7681174;-1,56389;0,2293461;0,771041;-1,599847;
00002;004;63732485657,5119;-0,1502027;0,7647871;-1,156666;0,9747791;0,216263;0,04146481;-0,03628692;3;3;102;1181,207;-0,1735969;0,7713335;-1,216081;-0,1709282;0,7681174;-1,56389;0,2293461;0,771041;-1,599847;
00002;004;63732485666,8765;-0,006145659;0,7670171;-1,266175;0,9670787;0,2402416;0,07369123;-0,04015447;4;3;103;1190,571;-0,08056556;0,7724292;-1,306658;-0,1709282;0,7681174;-1,56389;0,2293461;0,771041;-1,599847;
00002;004;63732485675,4993;-0,1487235;0,7651215;-1,215225;0,9752958;0,2188175;0,0005292242;-0,03027844;2;3;104;1199,194;-0,1730291;0,7716749;-1,291078;-0,1709282;0,7681174;-1,56389;0,2293461;0,771041;-1,599847;
00002;004;63732485685,4433;0,06027502;0,7668563;-1,317461;-0,9670604;-0,2070097;-0,1427835;0,03942168;5;3;105;1209,138;0,0009919852;0,7732408;-1,352924;-0,1709282;0,7681174;-1,56389;0,2293461;0,771041;-1,599847;
00002;004;63732485698,6765;-0,1416143;0,7667323;-1,237243;-0,9648571;-0,2608449;0,00633468;0,03115561;2;3;106;1222,371;-0,1730291;0,7716749;-1,291078;-0,1709282;0,7681174;-1,56389;0,2293461;0,771041;-1,599847;
00002;004;63732485707,5742;-0,1517785;0,767381;-1,428739;-0,9701118;-0,2305822;0,07441603;0,01331391;0;3;107;1231,269;-0,1718935;0,772358;-1,441072;-0,1709282;0,7681174;-1,56389;0,2293461;0,771041;-1,599847;
00002;004;63732485718,9951;0,1128241;0,7688348;-1,423409;-0,9564266;-0,2282905;-0,1752495;0,04918633;6;3;108;1242,689;0,06180671;0,7740118;-1,424295;-0,1709282;0,7681174;-1,56389;0,2293461;0,771041;-1,599847;
00002;004;63732485729,4187;-0,1446638;0,7670203;-1,322267;-0,9640233;-0,2560745;0,06915929;0,01737977;1;3;109;1253,113;-0,1724613;0,7720165;-1,366075;-0,1709282;0,7681174;-1,56389;0,2293461;0,771041;-1,599847;
00002;004;63732485737,537;0,05703343;0,7681131;-1,323617;-0,961849;-0,2455319;-0,108755;0,05227756;5;3;110;1261,231;0,0009919852;0,7732408;-1,352924;-0,1709282;0,7681174;-1,56389;0,2293461;0,771041;-1,599847;
00002;004;63732485747,4492;-0,1520718;0,7647933;-1,164419;-0,9783262;-0,2047492;-0,01063171;0,02902872;3;3;111;1271,144;-0,1735969;0,7713335;-1,216081;-0,1709282;0,7681174;-1,56389;0,2293461;0,771041;-1,599847;
00002;004;63732485755,8317;-0,02883751;0,7668207;-1,272835;0,9677407;0,2429982;0,05323166;-0,0399528;4;3;112;1279,527;-0,08056556;0,7724292;-1,306658;-0,1709282;0,7681174;-1,56389;0,2293461;0,771041;-1,599847;
00002;004;63732485766,7506;-0,1543036;0,7662985;-1,244049;0,9685867;0,2413843;-0,05632173;-0,0200354;2;3;113;1290,445;-0,1730291;0,7716749;-1,291078;-0,1709282;0,7681174;-1,56389;0,2293461;0,771041;-1,599847;
00002;004;63732485775,3237;-0,1495881;0,7671883;-1,326486;0,9577578;0,2626812;-0,1167708;0,007948608;1;3;114;1299,018;-0,1724613;0,7720165;-1,366075;-0,1709282;0,7681174;-1,56389;0,2293461;0,771041;-1,599847;
00002;004;63732485784,4707;-0,1395342;0,7671694;-1,420833;0,9659913;0,2533775;-0,0481947;-0,01838717;0;3;115;1308,165;-0,1718935;0,772358;-1,441072;-0,1709282;0,7681174;-1,56389;0,2293461;0,771041;-1,599847;
00002;004;63732485793,9981;0,1209628;0,7687455;-1,422059;0,9594207;0,2289099;0,1570401;-0,04950351;6;3;116;1317,693;0,06180671;0,7740118;-1,424295;-0,1709282;0,7681174;-1,56389;0,2293461;0,771041;-1,599847;
00002;004;63732485805,9382;0,07043727;0,7676558;-1,341017;-0,9677933;-0,2252281;-0,107827;0,0319654;5;3;117;1329,633;0,0009919852;0,7732408;-1,352924;-0,1709282;0,7681174;-1,56389;0,2293461;0,771041;-1,599847;
00002;004;63732485817,4938;-0,1455511;0,7642447;-1,152385;-0,9741526;-0,2232024;0,02240584;0,02656196;3;3;118;1341,189;-0,1735969;0,7713335;-1,216081;-0,1709282;0,7681174;-1,56389;0,2293461;0,771041;-1,599847;
00002;004;63732485827,0276;-0,01371038;0,767581;-1,271186;-0,9692615;-0,2434834;-0,01254404;0,03302546;4;3;119;1350,723;-0,08056556;0,7724292;-1,306658;-0,1709282;0,7681174;-1,56389;0,2293461;0,771041;-1,599847;
00002;004;63732485835,9575;-0,1606299;0,7639332;-1,145335;-0,9750407;-0,2191781;0,02159315;0,02811662;3;3;120;1359,652;-0,1735969;0,7713335;-1,216081;-0,1709282;0,7681174;-1,56389;0,2293461;0,771041;-1,599847;
00002;004;63732485844,8323;-0,02791875;0,7664567;-1,280957;-0,9714983;-0,2328911;-0,0232318;0,03759237;4;3;121;1368,527;-0,08056556;0,7724292;-1,306658;-0,1709282;0,7681174;-1,56389;0,2293461;0,771041;-1,599847;
00002;004;63732485858,3311;-0,1597691;0,7658144;-1,250723;-0,9687524;-0,2366185;0,07236972;0,01711914;2;3;122;1382,025;-0,1730291;0,7716749;-1,291078;-0,1709282;0,7681174;-1,56389;0,2293461;0,771041;-1,599847;
00002;004;63732485867,6509;-0,1357271;0,7659017;-1,326223;-0,9660048;-0,2470004;0,07573306;0,00949273;1;3;123;1391,346;-0,1724613;0,7720165;-1,366075;-0,1709282;0,7681174;-1,56389;0,2293461;0,771041;-1,599847;
00002;004;63732485876,2121;0,1313932;0,7686831;-1,427843;-0,9594693;-0,2175353;-0,1729381;0,04679224;6;3;124;1399,907;0,06180671;0,7740118;-1,424295;-0,1709282;0,7681174;-1,56389;0,2293461;0,771041;-1,599847;
00002;004;63732485885,7347;0,07100706;0,7674074;-1,355913;-0,9658372;-0,214921;-0,1397559;0,03789187;5;3;125;1409,43;0,0009919852;0,7732408;-1,352924;-0,1709282;0,7681174;-1,56389;0,2293461;0,771041;-1,599847;
00002;004;63732485897,5465;-0,1375432;0,7667279;-1,431992;-0,9685181;-0,2419626;0,05632119;0,01596289;0;3;126;1421,241;-0,1718935;0,772358;-1,441072;-0,1709282;0,7681174;-1,56389;0,2293461;0,771041;-1,599847;
00002;004;63732485907,152;-0,1525262;0,7644597;-1,172677;-0,9746169;-0,2183651;0,0471759;0,01459642;3;3;127;1430,847;-0,1735969;0,7713335;-1,216081;-0,1709282;0,7681174;-1,56389;0,2293461;0,771041;-1,599847;
00002;004;63732485917,6643;-0,1501998;0,7653257;-1,252606;0,9669911;0,2288703;-0,112012;0,0001582974;2;3;128;1441,359;-0,1730291;0,7716749;-1,291078;-0,1709282;0,7681174;-1,56389;0,2293461;0,771041;-1,599847;
00002;004;63732485926,9519;-0,1302656;0,7658983;-1,301842;-0,9684075;-0,2391691;0,06986492;0,01019554;1;3;129;1450,646;-0,1724613;0,7720165;-1,366075;-0,1709282;0,7681174;-1,56389;0,2293461;0,771041;-1,599847;
00002;004;63732485935,5958;0,1345758;0,7689828;-1,410646;-0,9615133;-0,2258172;-0,1457174;0,05714173;6;3;130;1459,291;0,06180671;0,7740118;-1,424295;-0,1709282;0,7681174;-1,56389;0,2293461;0,771041;-1,599847;
00002;004;63732485943,8499;-0,001603633;0,7664294;-1,263841;-0,9708733;-0,2214966;-0,08051668;0,04314307;4;3;131;1467,545;-0,08056556;0,7724292;-1,306658;-0,1709282;0,7681174;-1,56389;0,2293461;0,771041;-1,599847;
00002;004;63732485955,5462;-0,1362448;0,7669976;-1,412964;-0,9770333;-0,2065973;0,0516801;0,007265062;0;3;132;1479,241;-0,1718935;0,772358;-1,441072;-0,1709282;0,7681174;-1,56389;0,2293461;0,771041;-1,599847;
00002;004;63732485964,0398;0,05553299;0,7674407;-1,34278;-0,9670214;-0,2170478;-0,1227863;0,05180086;5;3;133;1487,735;0,0009919852;0,7732408;-1,352924;-0,1709282;0,7681174;-1,56389;0,2293461;0,771041;-1,599847;
00002;004;63732485973,1272;-0,1301682;0,7662897;-1,411731;0,9742896;0,2200659;-0,03815224;-0,02958528;0;3;134;1496,822;-0,1718935;0,772358;-1,441072;-0,1709282;0,7681174;-1,56389;0,2293461;0,771041;-1,599847;
00002;004;63732485987,7259;-0,02235083;0,7670072;-1,258629;0,972114;0,2322427;0,01418462;-0,02926662;4;3;135;1511,421;-0,08056556;0,7724292;-1,306658;-0,1709282;0,7681174;-1,56389;0,2293461;0,771041;-1,599847;
00002;004;63732485997,153;0,1201047;0,768383;-1,437846;0,9589476;0,2096898;0,1849198;-0,04748094;6;3;136;1520,848;0,06180671;0,7740118;-1,424295;-0,1709282;0,7681174;-1,56389;0,2293461;0,771041;-1,599847;
00002;004;63732486005,2562;0,08034695;0,7671321;-1,345443;0,9651697;0,1982325;0,1688812;-0,02510906;5;3;137;1528,951;0,0009919852;0,7732408;-1,352924;-0,1709282;0,7681174;-1,56389;0,2293461;0,771041;-1,599847;
00002;004;63732486015,723;-0,145531;0,7643771;-1,166508;0,9717408;0,2281718;-0,05737866;-0,01910889;3;3;138;1539,417;-0,1735969;0,7713335;-1,216081;-0,1709282;0,7681174;-1,56389;0,2293461;0,771041;-1,599847;
00002;004;63732486026,1421;-0,1239313;0,7658805;-1,324133;0,9774638;0,2092454;-0,004338044;-0,02760511;1;3;139;1549,837;-0,1724613;0,7720165;-1,366075;-0,1709282;0,7681174;-1,56389;0,2293461;0,771041;-1,599847;
00002;004;63732486037,4408;-0,1255295;0,7653495;-1,249574;0,9738708;0,2253756;-0,003063976;-0,02778865;2;3;140;1561,136;-0,1730291;0,7716749;-1,291078;-0,1709282;0,7681174;-1,56389;0,2293461;0,771041;-1,599847;
