0,25;1,7404;-0,811;0
0,65;1,7402;-0,85;0
ExperimentID;participantID;date;PosRx;PosRy;PosRz;QuaternionRotw;QuaternionRotx;QuaternionRoty;QuaternionRotz;targetNumber;condition;aim_number;PosTargetx;PosTargety;PosTargetz;StartingPositionx;StartingPositiony;StartingPositionz;CalibrationCubex;CalibrationCubey;CalibrationCubez
00002;004;63732494026,4952;-0,1830239;0,7658669;-1,237567;0,9839368;0,1707891;0,03156361;0,04126864;3;1;1;12,04828;-0,1739441;0,7697815;-1,240089;-0,1644691;0,7658138;-1,587771;0,2364064;0,7710406;-1,615922;
00002;004;63732494031,3541;-0,06845882;0,7663835;-1,314551;0,9832308;0,1589435;0,08725857;0,01950029;4;1;2;16,90721;-0,07917084;0,7712312;-1,328837;-0,1644691;0,7658138;-1,587771;0,2364064;0,7710406;-1,615922;
00002;004;63732494034,2671;-0,1647149;0,7682325;-1,449898;0,9866269;0,1580582;-0,01197822;0,03796778;0;1;3;19,81999;-0,1678561;0,7703196;-1,465006;-0,1644691;0,7658138;-1,587771;0,2364064;0,7710406;-1,615922;
00002;004;63732494038,4886;-0,1748273;0,7666223;-1,286338;0,9860066;0,1513917;0,03443198;0,06071373;2;1;4;24,04161;-0,1719148;0,7699609;-1,315061;-0,1644691;0,7658138;-1,587771;0,2364064;0,7710406;-1,615922;
00002;004;63732494042,5465;0,07111353;0,7694137;-1,459001;0,9766771;0,181096;0,1151354;0,007066194;6;1;5;28,09954;0,06545827;0,7734015;-1,443678;-0,1644691;0,7658138;-1,587771;0,2364064;0,7710406;-1,615922;
00002;004;63732494046,031;-0,1666174;0,766745;-1,372846;0,9861046;0,1610759;-0,003264294;0,04051822;1;1;6;31,58367;-0,1698855;0,7701402;-1,390034;-0,1644691;0,7658138;-1,587771;0,2364064;0,7710406;-1,615922;
00002;004;63732494049,4947;0,03061404;0,7681659;-1,376267;0,9769489;0,1749296;0,1190516;0,02823833;5;1;7;35,04712;0,003267854;0,772426;-1,373505;-0,1644691;0,7658138;-1,587771;0,2364064;0,7710406;-1,615922;
00002;004;63732494053,0355;-0,1723464;0,7662532;-1,221141;0,9839295;0,1627008;0,04832089;0,05546432;3;1;8;38,58857;-0,1739441;0,7697815;-1,240089;-0,1644691;0,7658138;-1,587771;0,2364064;0,7710406;-1,615922;
00002;004;63732494057,358;-0,0696063;0,7663764;-1,309796;0,9788552;0,1804938;0,09506924;0,01504755;4;1;9;42,91048;-0,07917084;0,7712312;-1,328837;-0,1644691;0,7658138;-1,587771;0,2364064;0,7710406;-1,615922;
00002;004;63732494061,2318;0,08889922;0,7708359;-1,453079;0,9751374;0,163758;0,1458298;0,03200093;6;1;10;46,78515;0,06545827;0,7734015;-1,443678;-0,1644691;0,7658138;-1,587771;0,2364064;0,7710406;-1,615922;
00002;004;63732494065,4798;0,02309518;0,7684302;-1,368835;0,9780545;0,1831862;0,09902176;0,00685815;5;1;11;51,03249;0,003267854;0,772426;-1,373505;-0,1644691;0,7658138;-1,587771;0,2364064;0,7710406;-1,615922;
00002;004;63732494070,8507;-0,1744107;0,7671884;-1,375734;0,9870691;0,1481093;0,007588873;0,06083411;1;1;12;56,40334;-0,1698855;0,7701402;-1,390034;-0,1644691;0,7658138;-1,587771;0,2364064;0,7710406;-1,615922;
00002;004;63732494074,7933;-0,1671578;0,7680234;-1,471448;0,9815308;0,1853938;-0,03142592;0,03519724;0;1;13;60,34584;-0,1678561;0,7703196;-1,465006;-0,1644691;0,7658138;-1,587771;0,2364064;0,7710406;-1,615922;
00002;004;63732494078,704;-0,1740989;0,7663696;-1,30137;0,9852473;0,1665346;0,01686412;0,03563316;2;1;14;64,25684;-0,1719148;0,7699609;-1,315061;-0,1644691;0,7658138;-1,587771;0,2364064;0,7710406;-1,615922;
00002;004;63732494082,8378;0,08160273;0,7701452;-1,44922;0,9733443;0,1737881;0,1491261;0,01264848;6;1;15;68,39053;0,06545827;0,7734015;-1,443678;-0,1644691;0,7658138;-1,587771;0,2364064;0,7710406;-1,615922;
00002;004;63732494086,5204;-0,1890403;0,7657173;-1,21119;0,985341;0,166659;0,02430004;0,02715879;3;1;16;72,07311;-0,1739441;0,7697815;-1,240089;-0,1644691;0,7658138;-1,587771;0,2364064;0,7710406;-1,615922;
00002;004;63732494090,4212;-0,07187442;0,7666227;-1,304633;0,9818101;0,176553;0,06873243;0,01240577;4;1;17;75,97443;-0,07917084;0,7712312;-1,328837;-0,1644691;0,7658138;-1,587771;0,2364064;0,7710406;-1,615922;
00002;004;63732494094,0165;-0,1685801;0,7679998;-1,460868;0,9814413;0,1755989;-0,06615773;0,03951373;0;1;18;79,56905;-0,1678561;0,7703196;-1,465006;-0,1644691;0,7658138;-1,587771;0,2364064;0,7710406;-1,615922;
00002;004;63732494097,5795;0,02418518;0,7685447;-1,36695;0,982599;0,1511846;0,08688711;0,06397752;5;1;19;83,13195;0,003267854;0,772426;-1,373505;-0,1644691;0,7658138;-1,587771;0,2364064;0,7710406;-1,615922;
00002;004;63732494102,0027;-0,1798469;0,7658955;-1,286056;0,9853142;0,165877;0,0226719;0,03356986;2;1;20;87,55538;-0,1719148;0,7699609;-1,315061;-0,1644691;0,7658138;-1,587771;0,2364064;0,7710406;-1,615922;
00002;004;63732494105,4868;-0,1724754;0,7675833;-1,369468;0,9878814;0,1422623;-0,0007276529;0,06205795;1;1;21;91,03952;-0,1698855;0,7701402;-1,390034;-0,1644691;0,7658138;-1,587771;0,2364064;0,7710406;-1,615922;
00002;004;63732494108,7103;-0,1866073;0,7663648;-1,214327;0,9863332;0,1518272;0,03083558;0,05607572;3;1;22;94,26278;-0,1739441;0,7697815;-1,240089;-0,1644691;0,7658138;-1,587771;0,2364064;0,7710406;-1,615922;
00002;004;63732494111,9532;0,07664663;0,7700626;-1,451857;-0,9736429;-0,1855853;-0,1323763;-0,007344991;6;1;23;97,50631;0,06545827;0,7734015;-1,443678;-0,1644691;0,7658138;-1,587771;0,2364064;0,7710406;-1,615922;
00002;004;63732494115,3403;-0,07938208;0,7663195;-1,30272;0,9795418;0,1885325;0,07028609;-0,003651641;4;1;24;100,8927;-0,07917084;0,7712312;-1,328837;-0,1644691;0,7658138;-1,587771;0,2364064;0,7710406;-1,615922;
00002;004;63732494118,8339;0,02377914;0,7681515;-1,369973;-0,9814786;-0,1644237;-0,09737753;-0,01350403;5;1;25;104,3868;0,003267854;0,772426;-1,373505;-0,1644691;0,7658138;-1,587771;0,2364064;0,7710406;-1,615922;
00002;004;63732494121,8297;-0,1545387;0,7681191;-1,470312;0,9808705;0,1698692;-0,08250628;0,04722522;0;1;26;107,3824;-0,1678561;0,7703196;-1,465006;-0,1644691;0,7658138;-1,587771;0,2364064;0,7710406;-1,615922;
00002;004;63732494124,522;-0,1564735;0,7661037;-1,30202;-0,9870957;-0,15113;-0,01201513;-0,05155201;2;1;27;110,0744;-0,1719148;0,7699609;-1,315061;-0,1644691;0,7658138;-1,587771;0,2364064;0,7710406;-1,615922;
00002;004;63732494127,4809;-0,1689849;0,7669602;-1,397677;0,9809155;0,1772713;-0,07064775;0,03726334;1;1;28;113,0337;-0,1698855;0,7701402;-1,390034;-0,1644691;0,7658138;-1,587771;0,2364064;0,7710406;-1,615922;
00002;004;63732494130,9978;-0,08430215;0,7669232;-1,323092;-0,9851499;-0,1591182;-0,04945803;-0,04141389;4;1;29;116,5503;-0,07917084;0,7712312;-1,328837;-0,1644691;0,7658138;-1,587771;0,2364064;0,7710406;-1,615922;
00002;004;63732494134,3869;0,02515645;0,7688775;-1,371402;-0,98395;-0,1561372;-0,08209126;-0,02692092;5;1;30;119,9397;0,003267854;0,772426;-1,373505;-0,1644691;0,7658138;-1,587771;0,2364064;0,7710406;-1,615922;
00002;004;63732494138,1141;-0,1978772;0,7662106;-1,233626;-0,9848228;-0,1718477;-0,01893741;-0,01528713;3;1;31;123,6672;-0,1739441;0,7697815;-1,240089;-0,1644691;0,7658138;-1,587771;0,2364064;0,7710406;-1,615922;
00002;004;63732494141,4777;0,07302483;0,7699527;-1,458574;-0,9763294;-0,1770528;-0,1242101;-0,002292778;6;1;32;127,0304;0,06545827;0,7734015;-1,443678;-0,1644691;0,7658138;-1,587771;0,2364064;0,7710406;-1,615922;
00002;004;63732494144,2348;-0,1509775;0,7681316;-1,47442;-0,976898;-0,1897395;0,09385696;-0,0293302;0;1;33;129,7878;-0,1678561;0,7703196;-1,465006;-0,1644691;0,7658138;-1,587771;0,2364064;0,7710406;-1,615922;
00002;004;63732494147,7328;-0,1797346;0,7661808;-1,30715;0,9840421;0,1750298;0,01773677;0,02666857;2;1;34;133,2857;-0,1719148;0,7699609;-1,315061;-0,1644691;0,7658138;-1,587771;0,2364064;0,7710406;-1,615922;
00002;004;63732494150,5352;-0,1673239;0,7676807;-1,40807;0,9827533;0,1729509;-0,05695364;0,03225413;1;1;35;136,088;-0,1698855;0,7701402;-1,390034;-0,1644691;0,7658138;-1,587771;0,2364064;0,7710406;-1,615922;
00002;004;63732494153,4281;0,06960534;0,769976;-1,464741;0,9762091;0,1715115;0,1313722;0,01846298;6;1;36;138,9812;0,06545827;0,7734015;-1,443678;-0,1644691;0,7658138;-1,587771;0,2364064;0,7710406;-1,615922;
00002;004;63732494156,4546;0,01189898;0,768451;-1,381412;0,980441;0,1759015;0,08579383;0,02082394;5;1;37;142,0077;0,003267854;0,772426;-1,373505;-0,1644691;0,7658138;-1,587771;0,2364064;0,7710406;-1,615922;
00002;004;63732494159,682;-0,1858342;0,7660732;-1,301527;0,9874007;0,1551172;0,02681534;0,01611145;2;1;38;145,2352;-0,1719148;0,7699609;-1,315061;-0,1644691;0,7658138;-1,587771;0,2364064;0,7710406;-1,615922;
00002;004;63732494162,5084;-0,1658389;0,7668857;-1,409973;-0,9815592;-0,180611;0,05488115;-0,03015528;1;1;39;148,0617;-0,1698855;0,7701402;-1,390034;-0,1644691;0,7658138;-1,587771;0,2364064;0,7710406;-1,615922;
00002;004;63732494165,5467;-0,1987983;0,7659202;-1,225839;-0,9866327;-0,1558434;-0,02178849;-0,04235668;3;1;40;151,0994;-0,1739441;0,7697815;-1,240089;-0,1644691;0,7658138;-1,587771;0,2364064;0,7710406;-1,615922;
00002;004;63732494169,8446;-0,16691;0,7685345;-1,486947;-0,9794737;-0,1798269;0,08784463;-0,02402248;0;1;41;155,3976;-0,1678561;0,7703196;-1,465006;-0,1644691;0,7658138;-1,587771;0,2364064;0,7710406;-1,615922;
00002;004;63732494173,0418;-0,08484063;0,7663224;-1,316344;0,9842373;0,1656643;0,06188899;-0,001445472;4;1;42;158,5943;-0,07917084;0,7712312;-1,328837;-0,1644691;0,7658138;-1,587771;0,2364064;0,7710406;-1,615922;
00002;004;63732494176,6939;-0,1857994;0,7666979;-1,38381;0,9832811;0,1702838;-0,05965504;0,0245557;1;1;43;162,247;-0,1698855;0,7701402;-1,390034;-0,1644691;0,7658138;-1,587771;0,2364064;0,7710406;-1,615922;
00002;004;63732494180,9257;-0,001530232;0,7680101;-1,374566;-0,9803103;-0,1703532;-0,09972876;-0,005082569;5;1;44;166,479;0,003267854;0,772426;-1,373505;-0,1644691;0,7658138;-1,587771;0,2364064;0,7710406;-1,615922;
00002;004;63732494183,5843;-0,1675241;0,7676868;-1,457891;0,977987;0,1952624;-0,06907059;0,02536277;0;1;45;169,1368;-0,1678561;0,7703196;-1,465006;-0,1644691;0,7658138;-1,587771;0,2364064;0,7710406;-1,615922;
00002;004;63732494186,9243;-0,1848315;0,7653427;-1,299381;0,9830785;0,1821719;0,01856383;0,005049876;2;1;46;172,477;-0,1719148;0,7699609;-1,315061;-0,1644691;0,7658138;-1,587771;0,2364064;0,7710406;-1,615922;
00002;004;63732494190,1529;-0,2097197;0,7654694;-1,215695;0,984219;0,1750491;0,02580118;0,002230251;3;1;47;175,7058;-0,1739441;0,7697815;-1,240089;-0,1644691;0,7658138;-1,587771;0,2364064;0,7710406;-1,615922;
00002;004;63732494193,3409;-0,08964822;0,7668493;-1,315648;0,984721;0,1587785;0,07151098;0,0003822691;4;1;48;178,8939;-0,07917084;0,7712312;-1,328837;-0,1644691;0,7658138;-1,587771;0,2364064;0,7710406;-1,615922;
00002;004;63732494196,4193;0,06791781;0,7692611;-1,44748;0,9829418;0,1697799;0,06509265;0,02762669;6;1;49;181,9723;0,06545827;0,7734015;-1,443678;-0,1644691;0,7658138;-1,587771;0,2364064;0,7710406;-1,615922;
00002;004;63732494199,166;-0,1840883;0,7666176;-1,3924;-0,9805232;-0,18631;0,06141509;-0,009546604;1;1;50;184,7189;-0,1698855;0,7701402;-1,390034;-0,1644691;0,7658138;-1,587771;0,2364064;0,7710406;-1,615922;
00002;004;63732494202,0876;-0,1944889;0,7656402;-1,308872;-0,9813824;-0,1919259;-0,004808109;-0,005465377;2;1;51;187,6407;-0,1719148;0,7699609;-1,315061;-0,1644691;0,7658138;-1,587771;0,2364064;0,7710406;-1,615922;
00002;004;63732494204,9178;-0,00558118;0,7673488;-1,378529;-0,9755347;-0,1969434;-0,09498625;0,02287036;5;1;52;190,4705;0,003267854;0,772426;-1,373505;-0,1644691;0,7658138;-1,587771;0,2364064;0,7710406;-1,615922;
00002;004;63732494207,8399;-0,1710798;0,7679601;-1,454587;-0,9772322;-0,2000749;0,06963947;-0,0117356;0;1;53;193,3931;-0,1678561;0,7703196;-1,465006;-0,1644691;0,7658138;-1,587771;0,2364064;0,7710406;-1,615922;
00002;004;63732494211,0037;-0,0928162;0,7669917;-1,310665;-0,9821421;-0,1761274;-0,0660834;0,003008133;4;1;54;196,5566;-0,07917084;0,7712312;-1,328837;-0,1644691;0,7658138;-1,587771;0,2364064;0,7710406;-1,615922;
00002;004;63732494214,3902;0,08923072;0,7696481;-1,430014;0,9710698;0,1692231;0,1684347;0,004120369;6;1;55;199,9431;0,06545827;0,7734015;-1,443678;-0,1644691;0,7658138;-1,587771;0,2364064;0,7710406;-1,615922;
00002;004;63732494217,5287;-0,1931626;0,7655684;-1,208138;-0,9864003;-0,1603848;0,01821441;-0,03097466;3;1;56;203,0815;-0,1739441;0,7697815;-1,240089;-0,1644691;0,7658138;-1,587771;0,2364064;0,7710406;-1,615922;
00002;004;63732494220,8045;0,01632314;0,7682309;-1,359826;-0,9833791;-0,1610924;-0,08047953;-0,0231932;5;1;57;206,3579;0,003267854;0,772426;-1,373505;-0,1644691;0,7658138;-1,587771;0,2364064;0,7710406;-1,615922;
00002;004;63732494224,12;-0,1811143;0,7663352;-1,37794;-0,9809486;-0,1877786;0,04973793;0,002300654;1;1;58;209,6724;-0,1698855;0,7701402;-1,390034;-0,1644691;0,7658138;-1,587771;0,2364064;0,7710406;-1,615922;
00002;004;63732494226,8839;-0,08659701;0,7665024;-1,296952;-0,9830492;-0,1686653;-0,07161684;0,006123963;4;1;59;212,4371;-0,07917084;0,7712312;-1,328837;-0,1644691;0,7658138;-1,587771;0,2364064;0,7710406;-1,615922;
00002;004;63732494229,8722;-0,1699995;0,767695;-1,458446;-0,9763938;-0,1752486;0,1212718;-0,03516213;0;1;60;215,4247;-0,1678561;0,7703196;-1,465006;-0,1644691;0,7658138;-1,587771;0,2364064;0,7710406;-1,615922;
00002;004;63732494233,2399;-0,1949904;0,7659378;-1,299532;0,9840489;0,1764373;0,0117137;-0,01950464;2;1;61;218,7927;-0,1719148;0,7699609;-1,315061;-0,1644691;0,7658138;-1,587771;0,2364064;0,7710406;-1,615922;
00002;004;63732494236,4062;0,07694118;0,7705376;-1,436102;-0,9810119;-0,1559297;-0,110306;-0,03367853;6;1;62;221,9587;0,06545827;0,7734015;-1,443678;-0,1644691;0,7658138;-1,587771;0,2364064;0,7710406;-1,615922;
00002;004;63732494239,622;-0,1985941;0,7656164;-1,219159;-0,9861952;-0,1642006;0,009490161;-0,01916382;3;1;63;225,1746;-0,1739441;0,7697815;-1,240089;-0,1644691;0,7658138;-1,587771;0,2364064;0,7710406;-1,615922;
00002;004;63732494243,0069;-0,09443071;0,766564;-1,326466;-0,9829025;-0,1765991;-0,05144909;0,008272662;4;1;64;228,5597;-0,07917084;0,7712312;-1,328837;-0,1644691;0,7658138;-1,587771;0,2364064;0,7710406;-1,615922;
00002;004;63732494246,4972;-0,191913;0,7660044;-1,300552;0,9841042;0,1771731;0,01106483;0,005122662;2;1;65;232,0498;-0,1719148;0,7699609;-1,315061;-0,1644691;0,7658138;-1,587771;0,2364064;0,7710406;-1,615922;
00002;004;63732494249,9683;-0,1999311;0,765526;-1,201411;0,9853774;0,1661988;0,01792905;0,0329833;3;1;66;235,5211;-0,1739441;0,7697815;-1,240089;-0,1644691;0,7658138;-1,587771;0,2364064;0,7710406;-1,615922;
00002;004;63732494253,4837;-0,1863503;0,7666583;-1,398631;0,9808028;0,1928453;-0,02476358;-0,01494154;1;1;67;239,0369;-0,1698855;0,7701402;-1,390034;-0,1644691;0,7658138;-1,587771;0,2364064;0,7710406;-1,615922;
00002;004;63732494257,0142;-0,005269076;0,7677438;-1,366431;-0,982457;-0,1589711;-0,0974872;-0,001624681;5;1;68;242,5666;0,003267854;0,772426;-1,373505;-0,1644691;0,7658138;-1,587771;0,2364064;0,7710406;-1,615922;
00002;004;63732494260,632;0,07541243;0,7695233;-1,462737;-0,9720291;-0,1857754;-0,1431144;0,01284846;6;1;69;246,1846;0,06545827;0,7734015;-1,443678;-0,1644691;0,7658138;-1,587771;0,2364064;0,7710406;-1,615922;
00002;004;63732494263,2459;-0,1650004;0,7675155;-1,455244;-0,9773373;-0,1984426;0,07312624;-0,009213164;0;1;70;248,7987;-0,1678561;0,7703196;-1,465006;-0,1644691;0,7658138;-1,587771;0,2364064;0,7710406;-1,615922;
00002;004;63732494266,2391;-0,2164756;0,7663931;-1,199307;-0,9865752;-0,1575334;-0,04148708;-0,01146101;3;1;71;251,792;-0,1739441;0,7697815;-1,240089;-0,1644691;0,7658138;-1,587771;0,2364064;0,7710406;-1,615922;
00002;004;63732494269,1431;-0,1760275;0,8146651;-1,48145;0,1703705;-0,9646598;-0,1764277;-0,09632632;0;1;72;254,6957;-0,1678561;0,7703196;-1,465006;-0,1644691;0,7658138;-1,587771;0,2364064;0,7710406;-1,615922;
00002;004;63732494271,7878;-0,1858712;0,7668486;-1,363806;0,9840658;0,1743009;-0,03058912;0,01726259;1;1;73;257,3407;-0,1698855;0,7701402;-1,390034;-0,1644691;0,7658138;-1,587771;0,2364064;0,7710406;-1,615922;
00002;004;63732494274,789;-0,1914681;0,7657318;-1,276029;0,9874593;0,1564153;0,0183276;0,01106746;2;1;74;260,3415;-0,1719148;0,7699609;-1,315061;-0,1644691;0,7658138;-1,587771;0,2364064;0,7710406;-1,615922;
00002;004;63732494277,9075;-0,0890908;0,7667241;-1,300949;0,982896;0,1759911;0,0535401;-0,008727923;4;1;75;263,4605;-0,07917084;0,7712312;-1,328837;-0,1644691;0,7658138;-1,587771;0,2364064;0,7710406;-1,615922;
00002;004;63732494280,7422;0,06496906;0,7698596;-1,457696;0,9783063;0,1663265;0,1234338;0,004052855;6;1;76;266,295;0,06545827;0,7734015;-1,443678;-0,1644691;0,7658138;-1,587771;0,2364064;0,7710406;-1,615922;
00002;004;63732494283,3778;-0,01898979;0,7673788;-1,35426;0,9797753;0,17751;0,0919164;-0,009048717;5;1;77;268,931;0,003267854;0,772426;-1,373505;-0,1644691;0,7658138;-1,587771;0,2364064;0,7710406;-1,615922;
00002;004;63732494287,0827;-0,2314016;0,7658082;-1,210523;0,9876211;0,1557515;0,01004844;0,01565576;3;1;78;272,6356;-0,1739441;0,7697815;-1,240089;-0,1644691;0,7658138;-1,587771;0,2364064;0,7710406;-1,615922;
00002;004;63732494289,9991;-0,08799501;0,7661461;-1,311886;-0,9838822;-0,1653498;-0,06773137;-0,006911521;4;1;79;275,552;-0,07917084;0,7712312;-1,328837;-0,1644691;0,7658138;-1,587771;0,2364064;0,7710406;-1,615922;
00002;004;63732494292,772;-0,1869033;0,7666856;-1,371756;-0,984156;-0,1769161;-0,008027392;-0,008567325;1;1;80;278,3246;-0,1698855;0,7701402;-1,390034;-0,1644691;0,7658138;-1,587771;0,2364064;0,7710406;-1,615922;
00002;004;63732494295,6843;-0,2094548;0,7651711;-1,273631;-0,9847462;-0,1732997;-0,01525609;-0,003097776;2;1;81;281,2372;-0,1719148;0,7699609;-1,315061;-0,1644691;0,7658138;-1,587771;0,2364064;0,7710406;-1,615922;
00002;004;63732494298,4264;-0,1708687;0,7673506;-1,456892;-0,9729284;-0,2159447;0,08216462;-0,005212266;0;1;82;283,9792;-0,1678561;0,7703196;-1,465006;-0,1644691;0,7658138;-1,587771;0,2364064;0,7710406;-1,615922;
00002;004;63732494301,4926;0,05969626;0,7697268;-1,438556;-0,9754392;-0,1785472;-0,1269601;0,02281523;6;1;83;287,0458;0,06545827;0,7734015;-1,443678;-0,1644691;0,7658138;-1,587771;0,2364064;0,7710406;-1,615922;
00002;004;63732494304,4736;-0,002144494;0,7677878;-1,340842;0,9750387;0,1903021;0,1088336;-0,03521398;5;1;84;290,0266;0,003267854;0,772426;-1,373505;-0,1644691;0,7658138;-1,587771;0,2364064;0,7710406;-1,615922;
00002;004;63732494307,2598;0,0727843;0,7694976;-1,450082;0,9794901;0,1735997;0,1022852;0,0002745161;6;1;85;292,8124;0,06545827;0,7734015;-1,443678;-0,1644691;0,7658138;-1,587771;0,2364064;0,7710406;-1,615922;
00002;004;63732494312,5611;-0,21933;0,765157;-1,20336;0,9839813;0,1757563;-0,005105442;-0,02940112;3;1;86;298,1137;-0,1739441;0,7697815;-1,240089;-0,1644691;0,7658138;-1,587771;0,2364064;0,7710406;-1,615922;
00002;004;63732494315,5439;-0,1798183;0,7669291;-1,397496;0,9800414;0,1819114;-0,08000693;-0,005095166;1;1;87;301,0964;-0,1698855;0,7701402;-1,390034;-0,1644691;0,7658138;-1,587771;0,2364064;0,7710406;-1,615922;
00002;004;63732494318,5051;-0,08076582;0,7669483;-1,31463;0,9823564;0,1787011;0,05514902;0,0005915327;4;1;88;304,0577;-0,07917084;0,7712312;-1,328837;-0,1644691;0,7658138;-1,587771;0,2364064;0,7710406;-1,615922;
00002;004;63732494321,1272;-0,1713428;0,767653;-1,45557;-0,9782251;-0,1824483;0,09796672;-0,0138191;0;1;89;306,68;-0,1678561;0,7703196;-1,465006;-0,1644691;0,7658138;-1,587771;0,2364064;0,7710406;-1,615922;
00002;004;63732494324,0871;-0,1923137;0,7656982;-1,270738;-0,9855601;-0,1691857;-0,002732269;0,006338144;2;1;90;309,6401;-0,1719148;0,7699609;-1,315061;-0,1644691;0,7658138;-1,587771;0,2364064;0,7710406;-1,615922;
00002;004;63732494327,3835;0,01098205;0,7673628;-1,352206;-0,9778808;-0,1861357;-0,09322224;0,02030622;5;1;91;312,9362;0,003267854;0,772426;-1,373505;-0,1644691;0,7658138;-1,587771;0,2364064;0,7710406;-1,615922;
00002;004;63732494331,3465;0,0778482;0,769836;-1,452151;-0,9776191;-0,1694648;-0,1245496;0,005489737;6;1;92;316,8997;0,06545827;0,7734015;-1,443678;-0,1644691;0,7658138;-1,587771;0,2364064;0,7710406;-1,615922;
00002;004;63732494333,9742;-0,1020711;0,7664815;-1,294602;-0,9796562;-0,1828289;-0,07610591;0,03248597;4;1;93;319,5266;-0,07917084;0,7712312;-1,328837;-0,1644691;0,7658138;-1,587771;0,2364064;0,7710406;-1,615922;
00002;004;63732494337,1776;-0,2158697;0,7658444;-1,193969;0,9854373;0,1652441;0,03184427;0,02436515;3;1;94;322,7309;-0,1739441;0,7697815;-1,240089;-0,1644691;0,7658138;-1,587771;0,2364064;0,7710406;-1,615922;
00002;004;63732494341,7312;-0,1782074;0,7676821;-1,452748;-0,9798047;-0,1892776;0,0638776;-0,008744866;0;1;95;327,284;-0,1678561;0,7703196;-1,465006;-0,1644691;0,7658138;-1,587771;0,2364064;0,7710406;-1,615922;
00002;004;63732494346,0484;-0,1882959;0,7660023;-1,254796;0,9860675;0,1601501;0,03667314;-0,02603746;2;1;96;331,6009;-0,1719148;0,7699609;-1,315061;-0,1644691;0,7658138;-1,587771;0,2364064;0,7710406;-1,615922;
00002;004;63732494350,0786;0,00497909;0,7680244;-1,358778;0,9802628;0,1772868;0,08471525;-0,02185657;5;1;97;335,6313;0,003267854;0,772426;-1,373505;-0,1644691;0,7658138;-1,587771;0,2364064;0,7710406;-1,615922;
00002;004;63732494352,8898;-0,1829868;0,7659855;-1,362674;-0,9813389;-0,1915465;0,01667861;0,002408444;1;1;98;338,4425;-0,1698855;0,7701402;-1,390034;-0,1644691;0,7658138;-1,587771;0,2364064;0,7710406;-1,615922;
00002;004;63732494356,9599;-0,1909975;0,7656887;-1,278272;-0,9849299;-0,1695548;-0,03385507;0,004278027;2;1;99;342,5123;-0,1719148;0,7699609;-1,315061;-0,1644691;0,7658138;-1,587771;0,2364064;0,7710406;-1,615922;
00002;004;63732494360,1347;-0,1721932;0,7676342;-1,459097;0,9785831;0,1942713;-0,0680354;-0,002258884;0;1;100;345,6872;-0,1678561;0,7703196;-1,465006;-0,1644691;0,7658138;-1,587771;0,2364064;0,7710406;-1,615922;
00002;004;63732494363,248;0,06927526;0,7690825;-1,445015;-0,9729112;-0,1787453;-0,1449428;0,02203449;6;1;101;348,8008;0,06545827;0,7734015;-1,443678;-0,1644691;0,7658138;-1,587771;0,2364064;0,7710406;-1,615922;
00002;004;63732494366,8348;-0,1896737;0,7666944;-1,362836;-0,9866184;-0,1541429;0,005489169;-0,05285855;1;1;102;352,3873;-0,1698855;0,7701402;-1,390034;-0,1644691;0,7658138;-1,587771;0,2364064;0,7710406;-1,615922;
00002;004;63732494370,5113;-0,2035264;0,765789;-1,199769;-0,9840249;-0,1756359;-0,02213491;0,01889834;3;1;103;356,0642;-0,1739441;0,7697815;-1,240089;-0,1644691;0,7658138;-1,587771;0,2364064;0,7710406;-1,615922;
00002;004;63732494375,2904;-0,09278596;0,7658074;-1,327927;-0,9826212;-0,1743513;-0,06272358;0,01109438;4;1;104;360,843;-0,07917084;0,7712312;-1,328837;-0,1644691;0,7658138;-1,587771;0,2364064;0,7710406;-1,615922;
00002;004;63732494378,8212;0,007066531;0,767271;-1,370853;-0,9690661;-0,215978;-0,1110082;0,04406612;5;1;105;364,3736;0,003267854;0,772426;-1,373505;-0,1644691;0,7658138;-1,587771;0,2364064;0,7710406;-1,615922;
00002;004;63732494381,8606;-0,1758261;0,7668037;-1,447256;-0,974543;-0,209571;0,07937813;0,00672576;0;1;106;367,4135;-0,1678561;0,7703196;-1,465006;-0,1644691;0,7658138;-1,587771;0,2364064;0,7710406;-1,615922;
00002;004;63732494385,2653;0,06029386;0,7700547;-1,448521;-0,9701883;-0,1954239;-0,1360723;0,04503938;6;1;107;370,8179;0,06545827;0,7734015;-1,443678;-0,1644691;0,7658138;-1,587771;0,2364064;0,7710406;-1,615922;
00002;004;63732494390,7434;-0,1853353;0,7664902;-1,377651;-0,9847244;-0,1717715;-0,0262548;0,01109597;1;1;108;376,2964;-0,1698855;0,7701402;-1,390034;-0,1644691;0,7658138;-1,587771;0,2364064;0,7710406;-1,615922;
00002;004;63732494394,3549;-0,1841581;0,7663264;-1,279238;-0,9873739;-0,1486669;-0,03487962;-0,04212294;2;1;109;379,9082;-0,1719148;0,7699609;-1,315061;-0,1644691;0,7658138;-1,587771;0,2364064;0,7710406;-1,615922;
00002;004;63732494399,9798;-0,1935539;0,7661632;-1,212249;0,9891216;0,129768;0,04842912;0,04953192;3;1;110;385,5327;-0,1739441;0,7697815;-1,240089;-0,1644691;0,7658138;-1,587771;0,2364064;0,7710406;-1,615922;
00002;004;63732494403,9414;-0,002520237;0,7679951;-1,370535;0,9705972;0,2169001;0,1008033;-0,0270944;5;1;111;389,4943;0,003267854;0,772426;-1,373505;-0,1644691;0,7658138;-1,587771;0,2364064;0,7710406;-1,615922;
00002;004;63732494407,0236;-0,09283846;0,7667738;-1,306167;0,9889756;0,1352373;0,04227628;0,0430218;4;1;112;392,5759;-0,07917084;0,7712312;-1,328837;-0,1644691;0,7658138;-1,587771;0,2364064;0,7710406;-1,615922;
00002;004;63732494410,0563;-0,2061527;0,7653425;-1,215192;0,9830901;0,1797899;0,02757703;-0,02118732;3;1;113;395,6089;-0,1739441;0,7697815;-1,240089;-0,1644691;0,7658138;-1,587771;0,2364064;0,7710406;-1,615922;
00002;004;63732494413,4346;-0,1945166;0,7653374;-1,300099;-0,9855982;-0,1647613;-0,03620573;0,01179145;2;1;114;398,9871;-0,1719148;0,7699609;-1,315061;-0,1644691;0,7658138;-1,587771;0,2364064;0,7710406;-1,615922;
00002;004;63732494416,9526;-0,08694216;0,7666776;-1,312918;0,9781029;0,1924239;0,07549565;-0,02425453;4;1;115;402,5051;-0,07917084;0,7712312;-1,328837;-0,1644691;0,7658138;-1,587771;0,2364064;0,7710406;-1,615922;
00002;004;63732494420,1577;-0,1743037;0,7684175;-1,463344;0,9861742;0,1418337;-0,07648286;0,03865151;0;1;116;405,7106;-0,1678561;0,7703196;-1,465006;-0,1644691;0,7658138;-1,587771;0,2364064;0,7710406;-1,615922;
00002;004;63732494423,6503;0,06327253;0,7693442;-1,437746;0,9733179;0,1755034;0,1474273;-0,01077442;6;1;117;409,2035;0,06545827;0,7734015;-1,443678;-0,1644691;0,7658138;-1,587771;0,2364064;0,7710406;-1,615922;
00002;004;63732494427,4377;-0,1830984;0,7659179;-1,361202;0,9729133;0,2266888;-0,006224132;-0,04486866;1;1;118;412,9901;-0,1698855;0,7701402;-1,390034;-0,1644691;0,7658138;-1,587771;0,2364064;0,7710406;-1,615922;
00002;004;63732494430,8252;-0,004178798;0,7678081;-1,350358;0,9774125;0,1813859;0,1080203;-0,009773408;5;1;119;416,3783;0,003267854;0,772426;-1,373505;-0,1644691;0,7658138;-1,587771;0,2364064;0,7710406;-1,615922;
00002;004;63732494434,8372;0,06900688;0,7695053;-1,437564;0,973271;0,1913151;0,1259855;-0,0164236;6;1;120;420,3901;0,06545827;0,7734015;-1,443678;-0,1644691;0,7658138;-1,587771;0,2364064;0,7710406;-1,615922;
00002;004;63732494438,7604;-0,2057304;0,7655822;-1,284057;0,9839931;0,1770399;0,004451629;-0,01986665;2;1;121;424,3135;-0,1719148;0,7699609;-1,315061;-0,1644691;0,7658138;-1,587771;0,2364064;0,7710406;-1,615922;
00002;004;63732494443,2354;-0,1011661;0,7664083;-1,308642;0,9827993;0,1710597;0,06939653;0,005319396;4;1;122;428,788;-0,07917084;0,7712312;-1,328837;-0,1644691;0,7658138;-1,587771;0,2364064;0,7710406;-1,615922;
00002;004;63732494448,3282;-0,2083893;0,7655998;-1,205455;0,9886544;0,1447047;0,03324988;0,02275156;3;1;123;433,8806;-0,1739441;0,7697815;-1,240089;-0,1644691;0,7658138;-1,587771;0,2364064;0,7710406;-1,615922;
00002;004;63732494452,5711;-0,002028944;0,7673937;-1,347627;-0,9711117;-0,2133455;-0,09679592;0,04534899;5;1;124;438,1244;0,003267854;0,772426;-1,373505;-0,1644691;0,7658138;-1,587771;0,2364064;0,7710406;-1,615922;
00002;004;63732494456,2263;-0,174157;0,7677644;-1,45004;-0,9744219;-0,2060708;0,08960724;0,002743623;0;1;125;441,7792;-0,1678561;0,7703196;-1,465006;-0,1644691;0,7658138;-1,587771;0,2364064;0,7710406;-1,615922;
00002;004;63732494461,0055;-0,2000207;0,7665181;-1,357602;-0,9840742;-0,1713584;0,01782631;-0,04377849;1;1;126;446,5584;-0,1698855;0,7701402;-1,390034;-0,1644691;0,7658138;-1,587771;0,2364064;0,7710406;-1,615922;
00002;004;63732494464,8478;0,003965823;0,7670951;-1,330086;-0,9826649;-0,1644676;-0,08536779;-0,005691287;5;1;127;450,4003;0,003267854;0,772426;-1,373505;-0,1644691;0,7658138;-1,587771;0,2364064;0,7710406;-1,615922;
00002;004;63732494469,0302;-0,1095415;0,766423;-1,273986;-0,9753161;-0,1985747;-0,08359013;0,04836572;4;1;128;454,5829;-0,07917084;0,7712312;-1,328837;-0,1644691;0,7658138;-1,587771;0,2364064;0,7710406;-1,615922;
00002;004;63732494473,4268;-0,1788896;0,7674547;-1,451855;-0,9766465;-0,1927789;0,09485564;-0,000612274;0;1;129;458,9796;-0,1678561;0,7703196;-1,465006;-0,1644691;0,7658138;-1,587771;0,2364064;0,7710406;-1,615922;
00002;004;63732494477,2638;-0,2108173;0,765748;-1,192176;0,9874298;0,1548006;-0,02445848;-0,02051902;3;1;130;462,8162;-0,1739441;0,7697815;-1,240089;-0,1644691;0,7658138;-1,587771;0,2364064;0,7710406;-1,615922;
00002;004;63732494481,3571;0,07076091;0,7690397;-1,444328;0,9745596;0,1920593;0,1144576;-0,01569722;6;1;131;466,9095;0,06545827;0,7734015;-1,443678;-0,1644691;0,7658138;-1,587771;0,2364064;0,7710406;-1,615922;
00002;004;63732494485,1128;-0,2015294;0,7656598;-1,31796;-0,9801744;-0,1953331;0,02300079;0,02396266;2;1;132;470,6655;-0,1719148;0,7699609;-1,315061;-0,1644691;0,7658138;-1,587771;0,2364064;0,7710406;-1,615922;
00002;004;63732494488,1675;-0,1919281;0,7672799;-1,400713;-0,9844077;-0,1717958;0,03695036;-0,007899946;1;1;133;473,7204;-0,1698855;0,7701402;-1,390034;-0,1644691;0,7658138;-1,587771;0,2364064;0,7710406;-1,615922;
00002;004;63732494491,9917;-0,1990256;0,7664419;-1,376693;-0,9827455;-0,184007;0,01878135;-0,0001893538;1;1;134;477,544;-0,1698855;0,7701402;-1,390034;-0,1644691;0,7658138;-1,587771;0,2364064;0,7710406;-1,615922;
00002;004;63732494495,1725;-0,1712732;0,7682933;-1,460273;-0,9847015;-0,1617052;0,06483693;-0,003256927;0;1;135;480,7256;-0,1678561;0,7703196;-1,465006;-0,1644691;0,7658138;-1,587771;0,2364064;0,7710406;-1,615922;
00002;004;63732494498,5391;0,06555326;0,769705;-1,434135;-0,9752162;-0,1771151;-0,1300477;0,02591135;6;1;136;484,0916;0,06545827;0,7734015;-1,443678;-0,1644691;0,7658138;-1,587771;0,2364064;0,7710406;-1,615922;
00002;004;63732494501,8501;-0,109574;0,7661936;-1,302994;-0,9784441;-0,1943866;-0,05608645;0,04141648;4;1;137;487,4033;-0,07917084;0,7712312;-1,328837;-0,1644691;0,7658138;-1,587771;0,2364064;0,7710406;-1,615922;
00002;004;63732494505,2925;-0,2223257;0,7659113;-1,220683;-0,9856292;-0,1679393;-0,01536173;0,00976829;3;1;138;490,8456;-0,1739441;0,7697815;-1,240089;-0,1644691;0,7658138;-1,587771;0,2364064;0,7710406;-1,615922;
00002;004;63732494509,3759;-0,205667;0,7661132;-1,336215;-0,9807481;-0,1942078;0,0110056;0,01719404;2;1;139;494,9293;-0,1719148;0,7699609;-1,315061;-0,1644691;0,7658138;-1,587771;0,2364064;0,7710406;-1,615922;
00002;004;63732494512,6665;0,002358866;0,7681472;-1,353375;-0,9741522;-0,1913657;-0,1113663;0,04476942;5;1;140;498,2198;0,003267854;0,772426;-1,373505;-0,1644691;0,7658138;-1,587771;0,2364064;0,7710406;-1,615922;
00002;004;63732495046,9201;0,03598915;0,7668972;-1,354073;-0,9062304;-0,1121361;-0,3899164;0,1189002;5;2;1;29,35056;0,006018564;0,7743869;-1,371074;-0,1647694;0,7711712;-1,582995;0,235708;0,7707644;-1,616739;
00002;004;63732495051,1126;-0,1649872;0,7651202;-1,198583;-0,9821149;-0,1419116;-0,09183557;0,08293223;3;2;2;33,54298;-0,1693345;0,773677;-1,235201;-0,1647694;0,7711712;-1,582995;0,235708;0,7707644;-1,616739;
00002;004;63732495055,1996;-0,1544563;0,7662704;-1,38137;-0,9800618;-0,1588262;-0,0904338;0,0779423;1;2;3;37,62961;-0,1673634;0,7746664;-1,385184;-0,1647694;0,7711712;-1,582995;0,235708;0,7707644;-1,616739;
00002;004;63732495058,9539;0,09288485;0,7684262;-1,430336;-0,9264014;-0,1252749;-0,3363705;0,1137618;6;2;4;41,38417;0,06723148;0,7747908;-1,442107;-0,1647694;0,7711712;-1,582995;0,235708;0,7707644;-1,616739;
00002;004;63732495062,85;-0,1631841;0,7670076;-1,472285;-0,9630193;-0,1882855;-0,1793753;0,07047695;0;2;5;45,28017;-0,1663779;0,7751611;-1,460176;-0,1647694;0,7711712;-1,582995;0,235708;0,7707644;-1,616739;
00002;004;63732495067,1068;-0,04498626;0,7656327;-1,284932;-0,9649896;-0,1709904;-0,1838524;0,07586692;4;2;6;49,53699;-0,07579759;0,7741719;-1,325261;-0,1647694;0,7711712;-1,582995;0,235708;0,7707644;-1,616739;
00002;004;63732495071,0601;-0,1674398;0,7655517;-1,26837;-0,983602;-0,1168279;-0,09044163;0,1034345;2;2;7;53,49049;-0,168349;0,7741717;-1,310192;-0,1647694;0,7711712;-1,582995;0,235708;0,7707644;-1,616739;
00002;004;63732495074,6996;-0,175011;0,7667781;-1,363685;-0,983664;-0,1088979;-0,08503666;0,1153917;1;2;8;57,12952;-0,1673634;0,7746664;-1,385184;-0,1647694;0,7711712;-1,582995;0,235708;0,7707644;-1,616739;
00002;004;63732495078,2647;0,09242711;0,7687228;-1,418505;0,928149;0,1114973;0,3334624;-0,1221095;6;2;9;60,69452;0,06723148;0,7747908;-1,442107;-0,1647694;0,7711712;-1,582995;0,235708;0,7707644;-1,616739;
00002;004;63732495082,12;-0,05016859;0,7666346;-1,294564;-0,9673518;-0,1434413;-0,1871136;0,09297112;4;2;10;64,54974;-0,07579759;0,7741719;-1,325261;-0,1647694;0,7711712;-1,582995;0,235708;0,7707644;-1,616739;
00002;004;63732495086,0724;-0,1830113;0,7649817;-1,197827;-0,9826449;-0,1490161;-0,06960202;0,0857835;3;2;11;68,50282;-0,1693345;0,773677;-1,235201;-0,1647694;0,7711712;-1,582995;0,235708;0,7707644;-1,616739;
00002;004;63732495090,1959;0,02125684;0,7672575;-1,35747;0,9485345;0,13521;0,2631052;-0,1130315;5;2;12;72,62576;0,006018564;0,7743869;-1,371074;-0,1647694;0,7711712;-1,582995;0,235708;0,7707644;-1,616739;
00002;004;63732495093,3322;-0,179384;0,7680312;-1,474691;0,9576828;0,1492261;0,2265784;-0,09611239;0;2;13;75,76281;-0,1663779;0,7751611;-1,460176;-0,1647694;0,7711712;-1,582995;0,235708;0,7707644;-1,616739;
00002;004;63732495096,5288;-0,1713799;0,7652617;-1,262918;0,9781054;0,1423434;0,1235687;-0,08819883;2;2;14;78,95866;-0,168349;0,7741717;-1,310192;-0,1647694;0,7711712;-1,582995;0,235708;0,7707644;-1,616739;
00002;004;63732495099,6652;-0,1737023;0,7681556;-1,460626;0,9597287;0,1485518;0,2153409;-0,1023794;0;2;15;82,09556;-0,1663779;0,7751611;-1,460176;-0,1647694;0,7711712;-1,582995;0,235708;0,7707644;-1,616739;
00002;004;63732495102,798;-0,1926694;0,7648908;-1,190147;0,9762052;0,1723788;0,1173721;-0,05943697;3;2;16;85,22826;-0,1693345;0,773677;-1,235201;-0,1647694;0,7711712;-1,582995;0,235708;0,7707644;-1,616739;
00002;004;63732495106,538;-0,1776534;0,7648354;-1,286902;0,9789556;0,1438647;0,1151667;-0,08766717;2;2;17;88,96791;-0,168349;0,7741717;-1,310192;-0,1647694;0,7711712;-1,582995;0,235708;0,7707644;-1,616739;
00002;004;63732495110,0318;0,07611844;0,7692693;-1,428029;-0,9139653;-0,1373019;-0,3610264;0,1244008;6;2;18;92,4616;0,06723148;0,7747908;-1,442107;-0,1647694;0,7711712;-1,582995;0,235708;0,7707644;-1,616739;
00002;004;63732495113,0132;-0,1747611;0,7665167;-1,383435;-0,9617212;-0,1582315;-0,2123429;0,07046598;1;2;19;95,44321;-0,1673634;0,7746664;-1,385184;-0,1647694;0,7711712;-1,582995;0,235708;0,7707644;-1,616739;
00002;004;63732495116,3308;-0,06479175;0,765963;-1,292181;-0,9734241;-0,1567439;-0,142138;0,08759952;4;2;20;98,7606;-0,07579759;0,7741719;-1,325261;-0,1647694;0,7711712;-1,582995;0,235708;0,7707644;-1,616739;
00002;004;63732495119,5153;0,02956153;0,7677444;-1,35043;-0,9668745;-0,1371071;-0,1844054;0,111131;5;2;21;101,945;0,006018564;0,7743869;-1,371074;-0,1647694;0,7711712;-1,582995;0,235708;0,7707644;-1,616739;
00002;004;63732495123,4116;-0,05965517;0,7654702;-1,27814;0,9565523;0,1630609;0,2236679;-0,09160508;4;2;22;105,8417;-0,07579759;0,7741719;-1,325261;-0,1647694;0,7711712;-1,582995;0,235708;0,7707644;-1,616739;
00002;004;63732495127,1776;0,01587141;0,7667505;-1,33455;-0,9337252;-0,1660813;-0,2979724;0,1085668;5;2;23;109,6073;0,006018564;0,7743869;-1,371074;-0,1647694;0,7711712;-1,582995;0,235708;0,7707644;-1,616739;
00002;004;63732495130,7292;-0,1811337;0,7655882;-1,354423;0,9634322;0,1499301;0,2021014;-0,09205699;1;2;24;113,1591;-0,1673634;0,7746664;-1,385184;-0,1647694;0,7711712;-1,582995;0,235708;0,7707644;-1,616739;
00002;004;63732495133,9769;-0,1979928;0,7646738;-1,200478;0,9764111;0,16153;0,121004;-0,07673052;3;2;25;116,4073;-0,1693345;0,773677;-1,235201;-0,1647694;0,7711712;-1,582995;0,235708;0,7707644;-1,616739;
00002;004;63732495137,2291;-0,1984296;0,7653005;-1,301221;0,9713942;0,1498055;0,1608;-0,08997239;2;2;26;119,6592;-0,168349;0,7741717;-1,310192;-0,1647694;0,7711712;-1,582995;0,235708;0,7707644;-1,616739;
00002;004;63732495140,6597;0,07530683;0,7683774;-1,429025;0,9260677;0,123038;0,3370035;-0,1170002;6;2;27;123,0899;0,06723148;0,7747908;-1,442107;-0,1647694;0,7711712;-1,582995;0,235708;0,7707644;-1,616739;
00002;004;63732495144,4564;-0,1738064;0,7674952;-1,462412;-0,9603454;-0,1468378;-0,2160029;0,09756041;0;2;28;126,8863;-0,1663779;0,7751611;-1,460176;-0,1647694;0,7711712;-1,582995;0,235708;0,7707644;-1,616739;
00002;004;63732495148,4207;-0,05469206;0,7660254;-1,298652;-0,9699432;-0,13815;-0,1728397;0,1012491;4;2;29;130,8505;-0,07579759;0,7741719;-1,325261;-0,1647694;0,7711712;-1,582995;0,235708;0,7707644;-1,616739;
00002;004;63732495151,5569;-0,1729713;0,7679275;-1,468056;-0,9587401;-0,1671076;-0,2112394;0,09094143;0;2;30;133,9866;-0,1663779;0,7751611;-1,460176;-0,1647694;0,7711712;-1,582995;0,235708;0,7707644;-1,616739;
00002;004;63732495157,1902;-0,1859476;0,7641965;-1,18791;0,9843403;0,1309862;0,08158649;-0,08520845;3;2;31;139,6203;-0,1693345;0,773677;-1,235201;-0,1647694;0,7711712;-1,582995;0,235708;0,7707644;-1,616739;
00002;004;63732495162,0264;-0,168361;0,7658867;-1,354747;0,9761894;0,1499188;0,1296003;-0,08821777;1;2;32;144,4569;-0,1673634;0,7746664;-1,385184;-0,1647694;0,7711712;-1,582995;0,235708;0,7707644;-1,616739;
00002;004;63732495165,9494;0,07989578;0,7680503;-1,383948;0,9516534;0,1255552;0,2601379;-0,1044989;6;2;33;148,3795;0,06723148;0,7747908;-1,442107;-0,1647694;0,7711712;-1,582995;0,235708;0,7707644;-1,616739;
00002;004;63732495169,4387;-0,1786053;0,7653512;-1,260206;0,9836605;0,1227373;0,1010461;-0,08448286;2;2;34;151,869;-0,168349;0,7741717;-1,310192;-0,1647694;0,7711712;-1,582995;0,235708;0,7707644;-1,616739;
00002;004;63732495172,772;0,0149225;0,7665505;-1,32757;-0,953663;-0,1124774;-0,2527273;0,1183411;5;2;35;155,2023;0,006018564;0,7743869;-1,371074;-0,1647694;0,7711712;-1,582995;0,235708;0,7707644;-1,616739;
00002;004;63732495176,2676;-0,185707;0,7655652;-1,16969;-0,988784;-0,09914196;-0,05032681;0,09972121;3;2;36;158,6976;-0,1693345;0,773677;-1,235201;-0,1647694;0,7711712;-1,582995;0,235708;0,7707644;-1,616739;
00002;004;63732495179,5626;-0,1825627;0,7652584;-1,278296;-0,9803015;-0,1177477;-0,1227763;0,100352;2;2;37;161,9923;-0,168349;0,7741717;-1,310192;-0,1647694;0,7711712;-1,582995;0,235708;0,7707644;-1,616739;
00002;004;63732495183,6174;-0,1636573;0,7661917;-1,373972;-0,9692768;-0,1523161;-0,1754729;0,08069357;1;2;38;166,0479;-0,1673634;0,7746664;-1,385184;-0,1647694;0,7711712;-1,582995;0,235708;0,7707644;-1,616739;
00002;004;63732495186,1193;-0,1595381;0,7675468;-1,466513;0,9514728;0,1493632;0,2502303;-0,09886913;0;2;39;168,5494;-0,1663779;0,7751611;-1,460176;-0,1647694;0,7711712;-1,582995;0,235708;0,7707644;-1,616739;
00002;004;63732495189,5255;-0,05736478;0,7655024;-1,295351;0,9670938;0,1425678;0,1895622;-0,0920338;4;2;40;171,956;-0,07579759;0,7741719;-1,325261;-0,1647694;0,7711712;-1,582995;0,235708;0,7707644;-1,616739;
00002;004;63732495193,0995;0,01272888;0,7667056;-1,328999;0,9501005;0,1234182;0,2681791;-0,1007823;5;2;41;175,5297;0,006018564;0,7743869;-1,371074;-0,1647694;0,7711712;-1,582995;0,235708;0,7707644;-1,616739;
00002;004;63732495196,6969;0,08140744;0,7686855;-1,413904;0,9354212;0,1183588;0,3162065;-0,1048422;6;2;42;179,1268;0,06723148;0,7747908;-1,442107;-0,1647694;0,7711712;-1,582995;0,235708;0,7707644;-1,616739;
00002;004;63732495200,0707;-0,1736478;0,7678032;-1,45415;0,9286751;0,1321007;0,3269215;-0,1150407;0;2;43;182,5013;-0,1663779;0,7751611;-1,460176;-0,1647694;0,7711712;-1,582995;0,235708;0,7707644;-1,616739;
00002;004;63732495203,2364;-0,06720401;0,7658865;-1,280727;0,9691649;0,1227554;0,1841471;-0,1083528;4;2;44;185,6664;-0,07579759;0,7741719;-1,325261;-0,1647694;0,7711712;-1,582995;0,235708;0,7707644;-1,616739;
00002;004;63732495208,8151;0,01340315;0,7669978;-1,353508;-0,9424137;-0,1016732;-0,2957229;0,1186047;5;2;45;191,2447;0,006018564;0,7743869;-1,371074;-0,1647694;0,7711712;-1,582995;0,235708;0,7707644;-1,616739;
00002;004;63732495212,6296;-0,1684725;0,7656026;-1,283769;-0,9703737;-0,1485273;-0,1622165;0,1000026;2;2;46;195,0598;-0,168349;0,7741717;-1,310192;-0,1647694;0,7711712;-1,582995;0,235708;0,7707644;-1,616739;
00002;004;63732495216,0526;-0,166366;0,7664712;-1,384088;-0,9703269;-0,1289119;-0,1735213;0,1083414;1;2;47;198,4827;-0,1673634;0,7746664;-1,385184;-0,1647694;0,7711712;-1,582995;0,235708;0,7707644;-1,616739;
00002;004;63732495219,55;-0,1799066;0,7645238;-1,186785;-0,9797299;-0,1526687;-0,1049965;0,07614148;3;2;48;201,9798;-0,1693345;0,773677;-1,235201;-0,1647694;0,7711712;-1,582995;0,235708;0,7707644;-1,616739;
00002;004;63732495224,5546;0,08965468;0,7686176;-1,422114;0,9200856;0,1156459;0,3550219;-0,1184395;6;2;49;206,9846;0,06723148;0,7747908;-1,442107;-0,1647694;0,7711712;-1,582995;0,235708;0,7707644;-1,616739;
00002;004;63732495228,4168;-0,1768674;0,7645791;-1,204097;0,9800523;0,1457758;0,1063934;-0,08323143;3;2;50;210,8471;-0,1693345;0,773677;-1,235201;-0,1647694;0,7711712;-1,582995;0,235708;0,7707644;-1,616739;
00002;004;63732495232,2767;-0,1673715;0,7664952;-1,386512;0,9699093;0,1131561;0,1827611;-0,1143245;1;2;51;214,7065;-0,1673634;0,7746664;-1,385184;-0,1647694;0,7711712;-1,582995;0,235708;0,7707644;-1,616739;
00002;004;63732495235,5458;-0,0598501;0,7655083;-1,295475;0,9610189;0,1433723;0,2145854;-0,09919894;4;2;52;217,9756;-0,07579759;0,7741719;-1,325261;-0,1647694;0,7711712;-1,582995;0,235708;0,7707644;-1,616739;
00002;004;63732495239,5647;-0,1749462;0,764763;-1,280658;0,9682249;0,1445719;0,1801807;-0,0957829;2;2;53;221,9951;-0,168349;0,7741717;-1,310192;-0,1647694;0,7711712;-1,582995;0,235708;0,7707644;-1,616739;
00002;004;63732495244,0363;0,1008592;0,7688312;-1,424186;0,9182804;0,102187;0,3631029;-0,1203128;6;2;54;226,4662;0,06723148;0,7747908;-1,442107;-0,1647694;0,7711712;-1,582995;0,235708;0,7707644;-1,616739;
00002;004;63732495246,669;-0,1763189;0,7669476;-1,454675;0,9550446;0,143903;0,242826;-0,09065015;0;2;55;229,0987;-0,1663779;0,7751611;-1,460176;-0,1647694;0,7711712;-1,582995;0,235708;0,7707644;-1,616739;
00002;004;63732495251,2018;0,02775703;0,76727;-1,357774;0,9496804;0,09315702;0,2696792;-0,1292362;5;2;56;233,6321;0,006018564;0,7743869;-1,371074;-0,1647694;0,7711712;-1,582995;0,235708;0,7707644;-1,616739;
00002;004;63732495253,9847;-0,1761607;0,7673952;-1,455022;-0,9495826;-0,1381212;-0,2708107;0,07666169;0;2;57;236,4153;-0,1663779;0,7751611;-1,460176;-0,1647694;0,7711712;-1,582995;0,235708;0,7707644;-1,616739;
00002;004;63732495256,9225;-0,1945031;0,7651576;-1,17379;-0,9788043;-0,1364695;-0,1222954;0,09144421;3;2;58;239,353;-0,1693345;0,773677;-1,235201;-0,1647694;0,7711712;-1,582995;0,235708;0,7707644;-1,616739;
00002;004;63732495260,5302;0,01658347;0,7670181;-1,350626;-0,925667;-0,1222182;-0,3431939;0,1020841;5;2;59;242,9606;0,006018564;0,7743869;-1,371074;-0,1647694;0,7711712;-1,582995;0,235708;0,7707644;-1,616739;
00002;004;63732495263,7707;-0,06498387;0,7655653;-1,276593;-0,9611366;-0,1171299;-0,224275;0,1104429;4;2;60;246,2004;-0,07579759;0,7741719;-1,325261;-0,1647694;0,7711712;-1,582995;0,235708;0,7707644;-1,616739;
00002;004;63732495267,424;0,1005456;0,7693297;-1,41651;0,8846787;0,042226;0,4415519;-0,1435014;6;2;61;249,854;0,06723148;0,7747908;-1,442107;-0,1647694;0,7711712;-1,582995;0,235708;0,7707644;-1,616739;
00002;004;63732495271,1127;-0,1773034;0,7663561;-1,293823;0,9760344;0,09139229;0,1850581;-0,06897744;2;2;62;253,5428;-0,168349;0,7741717;-1,310192;-0,1647694;0,7711712;-1,582995;0,235708;0,7707644;-1,616739;
00002;004;63732495273,9959;-0,1789432;0,7676821;-1,406701;0,9541835;0,1031526;0,267801;-0,08471189;1;2;63;256,4255;-0,1673634;0,7746664;-1,385184;-0,1647694;0,7711712;-1,582995;0,235708;0,7707644;-1,616739;
00002;004;63732495277,1312;0,07143158;0,7690197;-1,429927;0,8999639;0,07929961;0,4069312;-0,1348474;6;2;64;259,5612;0,06723148;0,7747908;-1,442107;-0,1647694;0,7711712;-1,582995;0,235708;0,7707644;-1,616739;
00002;004;63732495280,0387;-0,1724899;0,7648477;-1,294007;0,9609628;0,1191395;0,2196239;-0,1188342;2;2;65;262,4685;-0,168349;0,7741717;-1,310192;-0,1647694;0,7711712;-1,582995;0,235708;0,7707644;-1,616739;
00002;004;63732495283,3157;-0,05784652;0,7659871;-1,300775;-0,9546311;-0,1253795;-0,2416276;0,1207294;4;2;66;265,7461;-0,07579759;0,7741719;-1,325261;-0,1647694;0,7711712;-1,582995;0,235708;0,7707644;-1,616739;
00002;004;63732495286,4724;-0,1738379;0,7668468;-1,397068;-0,9523773;-0,1522415;-0,2419861;0,1060318;1;2;67;268,9022;-0,1673634;0,7746664;-1,385184;-0,1647694;0,7711712;-1,582995;0,235708;0,7707644;-1,616739;
00002;004;63732495289,6168;0,01386045;0,7666522;-1,355739;-0,924255;-0,1352829;-0,3383383;0,1139234;5;2;68;272,0469;0,006018564;0,7743869;-1,371074;-0,1647694;0,7711712;-1,582995;0,235708;0,7707644;-1,616739;
00002;004;63732495292,1967;-0,1627869;0,7673497;-1,47605;0,9218525;0,1571891;0,337876;-0,1063926;0;2;69;274,6266;-0,1663779;0,7751611;-1,460176;-0,1647694;0,7711712;-1,582995;0,235708;0,7707644;-1,616739;
00002;004;63732495294,7556;-0,1902674;0,7643608;-1,18275;0,9802623;0,1471763;0,09857596;-0,08779342;3;2;70;277,1853;-0,1693345;0,773677;-1,235201;-0,1647694;0,7711712;-1,582995;0,235708;0,7707644;-1,616739;
00002;004;63732495297,4235;-0,1609418;0,767548;-1,470978;0,9515116;0,1609649;0,2452565;-0,09254844;0;2;71;279,8532;-0,1663779;0,7751611;-1,460176;-0,1647694;0,7711712;-1,582995;0,235708;0,7707644;-1,616739;
00002;004;63732495299,9485;-0,1722465;0,7659194;-1,3542;-0,9648177;-0,1367427;-0,205057;0,09154144;1;2;72;282,379;-0,1673634;0,7746664;-1,385184;-0,1647694;0,7711712;-1,582995;0,235708;0,7707644;-1,616739;
00002;004;63732495303,2315;-0,1894678;0,7648914;-1,175732;-0,9789599;-0,1516271;-0,116133;0,07183272;3;2;73;285,662;-0,1693345;0,773677;-1,235201;-0,1647694;0,7711712;-1,582995;0,235708;0,7707644;-1,616739;
00002;004;63732495306,7189;0,03268513;0,7669051;-1,349061;0,9311212;0,1408284;0,3222758;-0,09653506;5;2;74;289,1485;0,006018564;0,7743869;-1,371074;-0,1647694;0,7711712;-1,582995;0,235708;0,7707644;-1,616739;
00002;004;63732495309,9343;-0,1902567;0,7648624;-1,257184;0,9703905;0,1570553;0,1615;-0,08714157;2;2;75;292,3647;-0,168349;0,7741717;-1,310192;-0,1647694;0,7711712;-1,582995;0,235708;0,7707644;-1,616739;
00002;004;63732495313,2142;0,09933173;0,7690161;-1,406765;-0,9094656;-0,07180354;-0,3849657;0,139707;6;2;76;295,6447;0,06723148;0,7747908;-1,442107;-0,1647694;0,7711712;-1,582995;0,235708;0,7707644;-1,616739;
00002;004;63732495316,9824;-0,06512241;0,7657586;-1,263138;0,9574206;0,1312469;0,2298242;-0,1153298;4;2;77;299,4123;-0,07579759;0,7741719;-1,325261;-0,1647694;0,7711712;-1,582995;0,235708;0,7707644;-1,616739;
00002;004;63732495320,4776;-0,188088;0,7650733;-1,24568;0,9739494;0,1379026;0,1526907;-0,09534732;2;2;78;302,9077;-0,168349;0,7741717;-1,310192;-0,1647694;0,7711712;-1,582995;0,235708;0,7707644;-1,616739;
00002;004;63732495325,1586;-0,1877694;0,7650817;-1,156871;0,9808689;0,1158267;0,1185881;-0,1020651;3;2;79;307,5884;-0,1693345;0,773677;-1,235201;-0,1647694;0,7711712;-1,582995;0,235708;0,7707644;-1,616739;
00002;004;63732495328,111;-0,1622468;0,7672946;-1,460534;0,9527327;0,1427625;0,2496275;-0,09800678;0;2;80;310,5413;-0,1663779;0,7751611;-1,460176;-0,1647694;0,7711712;-1,582995;0,235708;0,7707644;-1,616739;
00002;004;63732495330,9012;0,04136925;0,7674522;-1,332148;0,9419113;0,1027923;0,2963286;-0,1201093;5;2;81;313,3309;0,006018564;0,7743869;-1,371074;-0,1647694;0,7711712;-1,582995;0,235708;0,7707644;-1,616739;
00002;004;63732495334,2288;-0,06358913;0,765898;-1,27502;0,952603;0,1142644;0,2553993;-0,1194255;4;2;82;316,6592;-0,07579759;0,7741719;-1,325261;-0,1647694;0,7711712;-1,582995;0,235708;0,7707644;-1,616739;
00002;004;63732495337,0137;-0,1857879;0,7670485;-1,411027;0,9546993;0,1156038;0,2449422;-0,1232411;1;2;83;319,4437;-0,1673634;0,7746664;-1,385184;-0,1647694;0,7711712;-1,582995;0,235708;0,7707644;-1,616739;
00002;004;63732495340,0038;0,1059279;0,7687303;-1,413105;0,9076245;0,0754235;0,3911537;-0,1323921;6;2;84;322,4337;0,06723148;0,7747908;-1,442107;-0,1647694;0,7711712;-1,582995;0,235708;0,7707644;-1,616739;
00002;004;63732495343,8794;0,1045032;0,7689157;-1,401094;0,9177256;0,111772;0,3735944;-0,07559168;6;2;85;326,3091;0,06723148;0,7747908;-1,442107;-0,1647694;0,7711712;-1,582995;0,235708;0,7707644;-1,616739;
00002;004;63732495347,2301;-0,04616463;0,7655601;-1,26997;-0,9566021;-0,1315389;-0,2444989;0,08848882;4;2;86;329,6598;-0,07579759;0,7741719;-1,325261;-0,1647694;0,7711712;-1,582995;0,235708;0,7707644;-1,616739;
00002;004;63732495350,7048;-0,1628942;0,7682309;-1,474245;0,9460818;0,1493744;0,2660104;-0,108881;0;2;87;333,1348;-0,1663779;0,7751611;-1,460176;-0,1647694;0,7711712;-1,582995;0,235708;0,7707644;-1,616739;
00002;004;63732495353,7455;-0,1687706;0,7643642;-1,261667;-0,9619735;-0,15629;-0,206015;0,08796804;2;2;88;336,1759;-0,168349;0,7741717;-1,310192;-0,1647694;0,7711712;-1,582995;0,235708;0,7707644;-1,616739;
00002;004;63732495356,3115;-0,1627658;0,7663866;-1,400877;-0,9496123;-0,1368489;-0,2644311;0,09790383;1;2;89;338,7414;-0,1673634;0,7746664;-1,385184;-0,1647694;0,7711712;-1,582995;0,235708;0,7707644;-1,616739;
00002;004;63732495359,0815;-0,1861799;0,7646579;-1,171167;-0,9757664;-0,1415641;-0,1431562;0,08570914;3;2;90;341,5116;-0,1693345;0,773677;-1,235201;-0,1647694;0,7711712;-1,582995;0,235708;0,7707644;-1,616739;
00002;004;63732495362,3094;0,04031701;0,7670578;-1,338797;-0,942054;-0,1133902;-0,3006895;0,09624358;5;2;91;344,7393;0,006018564;0,7743869;-1,371074;-0,1647694;0,7711712;-1,582995;0,235708;0,7707644;-1,616739;
00002;004;63732495375,5448;-0,1733925;0,764559;-1,179781;0,9715207;0,1627319;0,1520643;-0,08088517;3;2;92;357,9749;-0,1693345;0,773677;-1,235201;-0,1647694;0,7711712;-1,582995;0,235708;0,7707644;-1,616739;
00002;004;63732495383,8555;0,08824971;0,7692255;-1,422853;-0,9517568;-0,1072276;-0,262271;0,1177932;6;2;93;366,2859;0,06723148;0,7747908;-1,442107;-0,1647694;0,7711712;-1,582995;0,235708;0,7707644;-1,616739;
00002;004;63732495388,3516;-0,05275923;0,7652704;-1,27954;-0,9577775;-0,1200679;-0,238698;0,1061565;4;2;94;370,7813;-0,07579759;0,7741719;-1,325261;-0,1647694;0,7711712;-1,582995;0,235708;0,7707644;-1,616739;
00002;004;63732495393,1593;0,02816449;0,7674176;-1,337665;-0,9672809;-0,1192046;-0,1974395;0,1057144;5;2;95;375,5897;0,006018564;0,7743869;-1,371074;-0,1647694;0,7711712;-1,582995;0,235708;0,7707644;-1,616739;
00002;004;63732495396,9568;-0,1583243;0,7646939;-1,278507;-0,9635167;-0,1439323;-0,2046429;0,09508043;2;2;96;379,3873;-0,168349;0,7741717;-1,310192;-0,1647694;0,7711712;-1,582995;0,235708;0,7707644;-1,616739;
00002;004;63732495399,8817;-0,1567588;0,7655912;-1,391539;-0,9447893;-0,1583342;-0,2719536;0,09134952;1;2;97;382,312;-0,1673634;0,7746664;-1,385184;-0,1647694;0,7711712;-1,582995;0,235708;0,7707644;-1,616739;
00002;004;63732495402,9552;-0,155022;0,7672017;-1,460078;0,9496356;0,1589657;0,2512238;-0,09903913;0;2;98;385,3857;-0,1663779;0,7751611;-1,460176;-0,1647694;0,7711712;-1,582995;0,235708;0,7707644;-1,616739;
00002;004;63732495406,3185;-0,1577999;0,7656482;-1,343887;0,9630563;0,1136435;0,214451;-0,1166987;1;2;99;388,7484;-0,1673634;0,7746664;-1,385184;-0,1647694;0,7711712;-1,582995;0,235708;0,7707644;-1,616739;
00002;004;63732495410,2062;0,01860843;0,7668937;-1,334949;-0,9384637;-0,1058329;-0,3069116;0,1178585;5;2;100;392,6362;0,006018564;0,7743869;-1,371074;-0,1647694;0,7711712;-1,582995;0,235708;0,7707644;-1,616739;
00002;004;63732495413,6349;-0,05126386;0,765712;-1,285191;0,9491251;0,1191034;0,2704906;-0,1086785;4;2;101;396,0646;-0,07579759;0,7741719;-1,325261;-0,1647694;0,7711712;-1,582995;0,235708;0,7707644;-1,616739;
00002;004;63732495417,4324;0,1105469;0,768903;-1,424659;0,9421923;0,1429664;0,2828921;-0,1086575;6;2;102;399,8621;0,06723148;0,7747908;-1,442107;-0,1647694;0,7711712;-1,582995;0,235708;0,7707644;-1,616739;
00002;004;63732495420,4182;-0,1683468;0,7667329;-1,452148;0,9495553;0,1529929;0,2568449;-0,09470296;0;2;103;402,8484;-0,1663779;0,7751611;-1,460176;-0,1647694;0,7711712;-1,582995;0,235708;0,7707644;-1,616739;
00002;004;63732495423,3076;-0,1636932;0,7648173;-1,258407;-0,9661787;-0,135506;-0,1938459;0,1027653;2;2;104;405,7374;-0,168349;0,7741717;-1,310192;-0,1647694;0,7711712;-1,582995;0,235708;0,7707644;-1,616739;
00002;004;63732495426,7032;-0,1676244;0,7648813;-1,165742;0,9759234;0,1448463;0,1450307;-0,07456059;3;2;105;409,1333;-0,1693345;0,773677;-1,235201;-0,1647694;0,7711712;-1,582995;0,235708;0,7707644;-1,616739;
00002;004;63732495430,2649;-0,1637263;0,7641913;-1,274616;0,966935;0,1444328;0,1920404;-0,08541986;2;2;106;412,6951;-0,168349;0,7741717;-1,310192;-0,1647694;0,7711712;-1,582995;0,235708;0,7707644;-1,616739;
00002;004;63732495433,6943;-0,1804451;0,7646021;-1,173044;0,9738877;0,1521944;0,1463786;-0,08338372;3;2;107;416,1246;-0,1693345;0,773677;-1,235201;-0,1647694;0,7711712;-1,582995;0,235708;0,7707644;-1,616739;
00002;004;63732495437,7935;-0,163436;0,7676952;-1,467823;0,9514063;0,1650382;0,252126;-0,06341064;0;2;108;420,2236;-0,1663779;0,7751611;-1,460176;-0,1647694;0,7711712;-1,582995;0,235708;0,7707644;-1,616739;
00002;004;63732495440,8569;-0,03198006;0,7652906;-1,267243;0,9579889;0,1458216;0,2274144;-0,09631182;4;2;109;423,2867;-0,07579759;0,7741719;-1,325261;-0,1647694;0,7711712;-1,582995;0,235708;0,7707644;-1,616739;
00002;004;63732495445,3329;0,05279936;0,7674114;-1,329354;0,9357551;0,0799062;0,3189805;-0,127392;5;2;110;427,7628;0,006018564;0,7743869;-1,371074;-0,1647694;0,7711712;-1,582995;0,235708;0,7707644;-1,616739;
00002;004;63732495448,5188;-0,1757416;0,7655841;-1,352087;0,9631901;0,1384339;0,2157577;-0,08092923;1;2;111;430,9492;-0,1673634;0,7746664;-1,385184;-0,1647694;0,7711712;-1,582995;0,235708;0,7707644;-1,616739;
00002;004;63732495452,0478;0,1000874;0,7686492;-1,395979;0,9307173;0,09983592;0,3312117;-0,1187304;6;2;112;434,4774;0,06723148;0,7747908;-1,442107;-0,1647694;0,7711712;-1,582995;0,235708;0,7707644;-1,616739;
00002;004;63732495456,0341;-0,1658261;0,7650636;-1,250534;0,9751588;0,09830956;0,1624202;-0,1141065;2;2;113;438,464;-0,168349;0,7741717;-1,310192;-0,1647694;0,7711712;-1,582995;0,235708;0,7707644;-1,616739;
00002;004;63732495458,6648;-0,1572604;0,7676231;-1,465121;-0,9434425;-0,154978;-0,2764933;0,09720948;0;2;114;441,0946;-0,1663779;0,7751611;-1,460176;-0,1647694;0,7711712;-1,582995;0,235708;0,7707644;-1,616739;
00002;004;63732495462,6249;0,1020665;0,7683856;-1,421867;-0,9011622;-0,1056626;-0,4038742;0,1167378;6;2;115;445,0545;0,06723148;0,7747908;-1,442107;-0,1647694;0,7711712;-1,582995;0,235708;0,7707644;-1,616739;
00002;004;63732495466,7394;-0,1896338;0,7647555;-1,168939;0,9842913;0,1174143;0,09806993;-0,08812935;3;2;116;449,1697;-0,1693345;0,773677;-1,235201;-0,1647694;0,7711712;-1,582995;0,235708;0,7707644;-1,616739;
00002;004;63732495471,9369;0,03803616;0,7668608;-1,343638;0,95265;0,1155508;0,2565822;-0,115202;5;2;117;454,3669;0,006018564;0,7743869;-1,371074;-0,1647694;0,7711712;-1,582995;0,235708;0,7707644;-1,616739;
00002;004;63732495476,312;-0,0510835;0,7659814;-1,289613;0,9454299;0,1097068;0,2833073;-0,1177435;4;2;118;458,7423;-0,07579759;0,7741719;-1,325261;-0,1647694;0,7711712;-1,582995;0,235708;0,7707644;-1,616739;
00002;004;63732495480,8193;-0,1633416;0,7669032;-1,376864;0,9687336;0,1208893;0,1979806;-0,08800415;1;2;119;463,2494;-0,1673634;0,7746664;-1,385184;-0,1647694;0,7711712;-1,582995;0,235708;0,7707644;-1,616739;
00002;004;63732495484,4101;-0,1561015;0,7648802;-1,274714;0,9659635;0,1284454;0,2086501;-0,08295513;2;2;120;466,8399;-0,168349;0,7741717;-1,310192;-0,1647694;0,7711712;-1,582995;0,235708;0,7707644;-1,616739;
00002;004;63732495486,996;-0,152349;0,7680802;-1,484304;0,9421661;0,126744;0,2934369;-0,1007665;0;2;121;469,4261;-0,1663779;0,7751611;-1,460176;-0,1647694;0,7711712;-1,582995;0,235708;0,7707644;-1,616739;
00002;004;63732495490,3814;-0,04519679;0,7659554;-1,280769;0,9574741;0,1212414;0,2505283;-0,07602398;4;2;122;472,8113;-0,07579759;0,7741719;-1,325261;-0,1647694;0,7711712;-1,582995;0,235708;0,7707644;-1,616739;
00002;004;63732495493,9431;0,04836329;0,7676607;-1,327358;0,9429639;0,08733573;0,2957515;-0,1253901;5;2;123;476,3737;0,006018564;0,7743869;-1,371074;-0,1647694;0,7711712;-1,582995;0,235708;0,7707644;-1,616739;
00002;004;63732495496,725;-0,1710437;0,7656409;-1,37377;0,9499159;0,1505476;0,258184;-0,09130276;1;2;124;479,1549;-0,1673634;0,7746664;-1,385184;-0,1647694;0,7711712;-1,582995;0,235708;0,7707644;-1,616739;
00002;004;63732495500,1191;0,1046251;0,769219;-1,441954;0,8828847;0,08156132;0,4436453;-0,130542;6;2;125;482,5491;0,06723148;0,7747908;-1,442107;-0,1647694;0,7711712;-1,582995;0,235708;0,7707644;-1,616739;
00002;004;63732495503,4877;-0,1699561;0,7650404;-1,191841;0,9780738;0,1192571;0,1462668;-0,08806474;3;2;126;485,9175;-0,1693345;0,773677;-1,235201;-0,1647694;0,7711712;-1,582995;0,235708;0,7707644;-1,616739;
00002;004;63732495506,6486;-0,1781425;0,7650765;-1,192194;0,9739061;0,1195178;0,1598623;-0,1080118;3;2;127;489,0786;-0,1693345;0,773677;-1,235201;-0,1647694;0,7711712;-1,582995;0,235708;0,7707644;-1,616739;
00002;004;63732495509,5365;-0,1669258;0,7651812;-1,31619;0,9538497;0,1370756;0,248106;-0,09911877;2;2;128;491,9662;-0,168349;0,7741717;-1,310192;-0,1647694;0,7711712;-1,582995;0,235708;0,7707644;-1,616739;
00002;004;63732495513,9641;-0,1498177;0,7659283;-1,399761;-0,9377427;-0,1358476;-0,3026961;0,1027578;1;2;129;496,3943;-0,1673634;0,7746664;-1,385184;-0,1647694;0,7711712;-1,582995;0,235708;0,7707644;-1,616739;
00002;004;63732495517,6662;0,04950752;0,767179;-1,349209;-0,9282871;-0,1013976;-0,3363131;0,1220452;5;2;130;500,0961;0,006018564;0,7743869;-1,371074;-0,1647694;0,7711712;-1,582995;0,235708;0,7707644;-1,616739;
00002;004;63732495520,3656;-0,1597675;0,7676481;-1,466881;-0,9423988;-0,1285015;-0,2866592;0,1148845;0;2;131;502,7953;-0,1663779;0,7751611;-1,460176;-0,1647694;0,7711712;-1,582995;0,235708;0,7707644;-1,616739;
00002;004;63732495523,2195;-0,03723462;0,7662135;-1,290027;-0,9484828;-0,1049816;-0,2739392;0,1196523;4;2;132;505,6494;-0,07579759;0,7741719;-1,325261;-0,1647694;0,7711712;-1,582995;0,235708;0,7707644;-1,616739;
00002;004;63732495526,8614;0,1110291;0,7695615;-1,443991;-0,8762537;-0,07813179;-0,4553871;0,1367383;6;2;133;509,2914;0,06723148;0,7747908;-1,442107;-0,1647694;0,7711712;-1,582995;0,235708;0,7707644;-1,616739;
00002;004;63732495530,0503;-0,1653262;0,7648394;-1,181061;-0,9753672;-0,1419928;-0,1430842;0,08957525;3;2;134;512,4803;-0,1693345;0,773677;-1,235201;-0,1647694;0,7711712;-1,582995;0,235708;0,7707644;-1,616739;
00002;004;63732495533,5851;-0,1574688;0,7673592;-1,458284;-0,9473355;-0,1454602;-0,2657137;0,1038904;0;2;135;516,0154;-0,1663779;0,7751611;-1,460176;-0,1647694;0,7711712;-1,582995;0,235708;0,7707644;-1,616739;
00002;004;63732495536,3039;-0,1662104;0,7656912;-1,363675;-0,9495032;-0,1514833;-0,2582836;0,09373371;1;2;136;518,7341;-0,1673634;0,7746664;-1,385184;-0,1647694;0,7711712;-1,582995;0,235708;0,7707644;-1,616739;
00002;004;63732495539,29;0,1088912;0,7693903;-1,429626;-0,8696764;-0,08417419;-0,4667855;0,1367071;6;2;137;521,7197;0,06723148;0,7747908;-1,442107;-0,1647694;0,7711712;-1,582995;0,235708;0,7707644;-1,616739;
00002;004;63732495542,4598;-0,1455405;0,7649395;-1,252791;-0,9650927;-0,1343077;-0,2013869;0,1000046;2;2;138;524,8898;-0,168349;0,7741717;-1,310192;-0,1647694;0,7711712;-1,582995;0,235708;0,7707644;-1,616739;
00002;004;63732495545,4691;0,03881232;0,7662489;-1,340566;-0,9171072;-0,1309805;-0,3602801;0,1093471;5;2;139;527,8993;0,006018564;0,7743869;-1,371074;-0,1647694;0,7711712;-1,582995;0,235708;0,7707644;-1,616739;
00002;004;63732495548,5632;-0,03052752;0,7662427;-1,271056;0,9601147;0,1312284;0,2227758;-0,1064415;4;2;140;530,9935;-0,07579759;0,7741719;-1,325261;-0,1647694;0,7711712;-1,582995;0,235708;0,7707644;-1,616739;
00002;004;63732492344,8865;-0,1782763;0,7682242;-1,36518;-0,9893573;-0,1347731;0,005071923;-0,05461439;1;3;1;33,69111;-0,172708;0,7658369;-1,394548;-0,1649234;0,7627926;-1,59223;0,236204;0,7712796;-1,615593;
00002;004;63732492360,2832;-0,1733105;0,7673045;-1,295937;0,9852545;0,1573175;0,0288497;0,06076618;2;3;2;49,08803;-0,1756212;0,7651716;-1,319607;-0,1649234;0,7627926;-1,59223;0,236204;0,7712796;-1,615593;
00002;004;63732492373,364;0,03899607;0,7701256;-1,386752;0,9705874;0,1423136;0,1747125;0,08475042;5;3;3;62,16793;0,0002150387;0,7693509;-1,375953;-0,1649234;0,7627926;-1,59223;0,236204;0,7712796;-1,615593;
00002;004;63732492386,2848;-0,08243459;0,7689544;-1,3269;0,9830781;0,1595372;0,07453158;0,05050163;4;3;4;75,08887;-0,08273368;0,7672418;-1,332274;-0,1649234;0,7627926;-1,59223;0,236204;0,7712796;-1,615593;
00002;004;63732492399,9465;-0,1703829;0,7683877;-1,227898;-0,9873798;-0,1058154;-0,09392916;-0,07114571;3;3;5;88,7505;-0,1785343;0,7645065;-1,244667;-0,1649234;0,7627926;-1,59223;0,236204;0,7712796;-1,615593;
00002;004;63732492411,0556;-0,1660208;0,7692183;-1,46983;-0,9811292;-0,168502;0,09235317;-0,02152843;0;3;6;99,85988;-0,1697949;0,7665021;-1,469488;-0,1649234;0,7627926;-1,59223;0,236204;0,7712796;-1,615593;
00002;004;63732492423,2566;0,07186991;0,7705137;-1,458892;0,9715792;0,1352472;0,1933063;0,0193586;6;3;7;112,0611;0,06322037;0,771245;-1,445376;-0,1649234;0,7627926;-1,59223;0,236204;0,7712796;-1,615593;
00002;004;63732492434,9578;-0,1718919;0,7680603;-1,294174;0,9876983;0,1429674;-0,006360372;0,06302272;2;3;8;123,7623;-0,1756212;0,7651716;-1,319607;-0,1649234;0,7627926;-1,59223;0,236204;0,7712796;-1,615593;
00002;004;63732492449,1597;-0,07400403;0,7693425;-1,317486;0,9868796;0,1177643;0,1008802;0,044982;4;3;9;137,9643;-0,08273368;0,7672418;-1,332274;-0,1649234;0,7627926;-1,59223;0,236204;0,7712796;-1,615593;
00002;004;63732492459,7377;0,07557275;0,7698014;-1,463785;0,9714175;0,1748762;0,1585705;0,02493443;6;3;10;148,5425;0,06322037;0,771245;-1,445376;-0,1649234;0,7627926;-1,59223;0,236204;0,7712796;-1,615593;
00002;004;63732492471,243;-0,1641137;0,7693762;-1,390073;0,9942557;0,1004621;-0,008011692;0,03603988;1;3;11;160,047;-0,172708;0,7658369;-1,394548;-0,1649234;0,7627926;-1,59223;0,236204;0,7712796;-1,615593;
00002;004;63732492498,3058;-0,1724067;0,7657588;-1,224948;-0,9751719;-0,1834546;-0,1240304;-0,0008414731;3;3;12;187,11;-0,1785343;0,7645065;-1,244667;-0,1649234;0,7627926;-1,59223;0,236204;0,7712796;-1,615593;
00002;004;63732492509,0391;-0,1693912;0,7701185;-1,489146;-0,9864566;-0,1368581;-0,04776759;-0,07675602;0;3;13;197,8435;-0,1697949;0,7665021;-1,469488;-0,1649234;0,7627926;-1,59223;0,236204;0,7712796;-1,615593;
00002;004;63732492525,3246;0,03413241;0,7685485;-1,395512;0,9666979;0,1706964;0,1894986;0,02117243;5;3;14;214,1288;0,0002150387;0,7693509;-1,375953;-0,1649234;0,7627926;-1,59223;0,236204;0,7712796;-1,615593;
00002;004;63732492538,84;-0,1744736;0,7653126;-1,245767;0,9776893;0,1802523;0,1057149;0,02138492;3;3;15;227,6439;-0,1785343;0,7645065;-1,244667;-0,1649234;0,7627926;-1,59223;0,236204;0,7712796;-1,615593;
00002;004;63732492553,6403;-0,1620335;0,7659509;-1,318061;0,9739925;0,1591134;0,1598198;0,02189316;2;3;16;242,4444;-0,1756212;0,7651716;-1,319607;-0,1649234;0,7627926;-1,59223;0,236204;0,7712796;-1,615593;
00002;004;63732492563,0205;-0,1573252;0,7687199;-1,413943;0,9805702;0,1475955;0,1008994;0,08072747;1;3;17;251,825;-0,172708;0,7658369;-1,394548;-0,1649234;0,7627926;-1,59223;0,236204;0,7712796;-1,615593;
00002;004;63732492584,5349;0,08500344;0,7698467;-1,475454;-0,9741578;-0,1645598;-0,1462775;-0,05039518;6;3;18;273,3395;0,06322037;0,771245;-1,445376;-0,1649234;0,7627926;-1,59223;0,236204;0,7712796;-1,615593;
00002;004;63732492595,6614;-0,07506862;0,7667984;-1,337481;-0,978235;-0,1868201;-0,08938755;-0,0128224;4;3;19;284,4655;-0,08273368;0,7672418;-1,332274;-0,1649234;0,7627926;-1,59223;0,236204;0,7712796;-1,615593;
00002;004;63732492604,551;0,01662756;0,7676407;-1,384898;0,9686;0,1898472;0,1604169;0,006197175;5;3;20;293,3557;0,0002150387;0,7693509;-1,375953;-0,1649234;0,7627926;-1,59223;0,236204;0,7712796;-1,615593;
00002;004;63732492613,5923;-0,1514198;0,7678859;-1,483687;0,9776984;0,2035893;-0,04709134;0,02096645;0;3;21;302,3967;-0,1697949;0,7665021;-1,469488;-0,1649234;0,7627926;-1,59223;0,236204;0,7712796;-1,615593;
00002;004;63732492626,2581;-0,1715877;0,7647493;-1,302629;-0,9711431;-0,2345575;-0,02287256;0,03661535;2;3;22;315,0624;-0,1756212;0,7651716;-1,319607;-0,1649234;0,7627926;-1,59223;0,236204;0,7712796;-1,615593;
00002;004;63732492642,1166;0,08090978;0,7692336;-1,484893;-0,9664721;-0,2116645;-0,1428766;0,02676094;6;3;23;330,9209;0,06322037;0,771245;-1,445376;-0,1649234;0,7627926;-1,59223;0,236204;0,7712796;-1,615593;
00002;004;63732492651,8211;-0,1550909;0,7684664;-1,399598;-0,9897261;-0,1349404;0,02544997;-0,03982207;1;3;24;340,6257;-0,172708;0,7658369;-1,394548;-0,1649234;0,7627926;-1,59223;0,236204;0,7712796;-1,615593;
00002;004;63732492665,4658;-0,1553167;0,7676272;-1,481512;-0,9756608;-0,2183871;0,01805555;-0,008196127;0;3;25;354,2707;-0,1697949;0,7665021;-1,469488;-0,1649234;0,7627926;-1,59223;0,236204;0,7712796;-1,615593;
00002;004;63732492686,6227;-0,06555516;0,7666358;-1,350087;0,9788786;0,1809693;0,09373242;0,01616249;4;3;26;375,4267;-0,08273368;0,7672418;-1,332274;-0,1649234;0,7627926;-1,59223;0,236204;0,7712796;-1,615593;
00002;004;63732492698,1871;0,02697767;0,7668824;-1,416534;0,9658763;0,2033681;0,1587853;-0,02261938;5;3;27;386,9919;0,0002150387;0,7693509;-1,375953;-0,1649234;0,7627926;-1,59223;0,236204;0,7712796;-1,615593;
00002;004;63732492710,4122;-0,1720809;0,7646456;-1,236733;-0,9824519;-0,1770234;-0,05615359;-0,01726265;3;3;28;399,2161;-0,1785343;0,7645065;-1,244667;-0,1649234;0,7627926;-1,59223;0,236204;0,7712796;-1,615593;
00002;004;63732492720,7374;0,02356185;0,7686525;-1,402494;-0,979724;-0,1586134;-0,1219789;-0,01019516;5;3;29;409,5422;0,0002150387;0,7693509;-1,375953;-0,1649234;0,7627926;-1,59223;0,236204;0,7712796;-1,615593;
00002;004;63732492731,187;-0,153507;0,8070136;-1,46925;0,007576883;0,08934438;0,1402207;-0,9860519;0;3;30;419,9909;-0,1697949;0,7665021;-1,469488;-0,1649234;0,7627926;-1,59223;0,236204;0,7712796;-1,615593;
00002;004;63732492740,5195;-0,163229;0,7656381;-1,305937;0,9795372;0,1973695;-0,02079511;0,03346268;2;3;31;429,3237;-0,1756212;0,7651716;-1,319607;-0,1649234;0,7627926;-1,59223;0,236204;0,7712796;-1,615593;
00002;004;63732492750,45;0,0714886;0,7692853;-1,477793;0,9724153;0,1912194;0,1334768;-0,005264936;6;3;32;439,254;0,06322037;0,771245;-1,445376;-0,1649234;0,7627926;-1,59223;0,236204;0,7712796;-1,615593;
00002;004;63732492760,1777;-0,05366603;0,7666637;-1,350409;0,9791751;0,1932754;0,06193781;0,004942125;4;3;33;448,9816;-0,08273368;0,7672418;-1,332274;-0,1649234;0,7627926;-1,59223;0,236204;0,7712796;-1,615593;
00002;004;63732492768,2034;-0,1589255;0,7682203;-1,395369;0,9847059;0,1370009;-0,01478654;0,1066137;1;3;34;457,0079;-0,172708;0,7658369;-1,394548;-0,1649234;0,7627926;-1,59223;0,236204;0,7712796;-1,615593;
00002;004;63732492777,3223;-0,1677364;0,7645268;-1,246722;0,9800536;0,1753909;0,08902652;-0,02841512;3;3;35;466,1271;-0,1785343;0,7645065;-1,244667;-0,1649234;0,7627926;-1,59223;0,236204;0,7712796;-1,615593;
00002;004;63732492786,49;-0,1421956;0,7674001;-1,433169;0,9824791;0,1841172;0,0243378;-0,01560535;1;3;36;475,2946;-0,172708;0,7658369;-1,394548;-0,1649234;0,7627926;-1,59223;0,236204;0,7712796;-1,615593;
00002;004;63732492796,6916;-0,149914;0,7682735;-1,493325;0,9748003;0,2076062;-0,0809811;0,0103017;0;3;37;485,4956;-0,1697949;0,7665021;-1,469488;-0,1649234;0,7627926;-1,59223;0,236204;0,7712796;-1,615593;
00002;004;63732492806,2197;0,07404732;0,7692823;-1,48315;0,9702054;0,1789059;0,1602264;0,03196524;6;3;38;495,0243;0,06322037;0,771245;-1,445376;-0,1649234;0,7627926;-1,59223;0,236204;0,7712796;-1,615593;
00002;004;63732492817,4323;0,03550518;0,7684835;-1,387277;0,9767055;0,1722425;0,1278488;0,005795021;5;3;39;506,2366;0,0002150387;0,7693509;-1,375953;-0,1649234;0,7627926;-1,59223;0,236204;0,7712796;-1,615593;
00002;004;63732492825,5149;-0,05898769;0,7677146;-1,338134;0,9874367;0,1553932;-0,01046527;0,02668655;4;3;40;514,3196;-0,08273368;0,7672418;-1,332274;-0,1649234;0,7627926;-1,59223;0,236204;0,7712796;-1,615593;
00002;004;63732492833,6854;-0,1712687;0,7651179;-1,234467;0,9837445;0,173327;0,008942231;0,04609375;3;3;41;522,4903;-0,1785343;0,7645065;-1,244667;-0,1649234;0,7627926;-1,59223;0,236204;0,7712796;-1,615593;
00002;004;63732492842,8898;-0,1663841;0,7660023;-1,322375;0,9813914;0,1817844;-0,06046987;0,01299164;2;3;42;531,6939;-0,1756212;0,7651716;-1,319607;-0,1649234;0,7627926;-1,59223;0,236204;0,7712796;-1,615593;
00002;004;63732492852,1427;-0,149546;0,7677116;-1,411859;-0,9861297;-0,1590391;0,04165469;-0,02279815;1;3;43;540,9471;-0,172708;0,7658369;-1,394548;-0,1649234;0,7627926;-1,59223;0,236204;0,7712796;-1,615593;
00002;004;63732492861,8472;0,03715669;0,7681522;-1,372239;-0,9801557;-0,1572659;-0,104877;-0,05969205;5;3;44;550,6512;0,0002150387;0,7693509;-1,375953;-0,1649234;0,7627926;-1,59223;0,236204;0,7712796;-1,615593;
00002;004;63732492871,9404;-0,1580708;0,7669701;-1,487171;-0,9652444;-0,2122739;0,151865;-0,01342581;0;3;45;560,7449;-0,1697949;0,7665021;-1,469488;-0,1649234;0,7627926;-1,59223;0,236204;0,7712796;-1,615593;
00002;004;63732492881,6176;-0,1691277;0,7653933;-1,241027;-0,9845096;-0,1622259;0,04342708;-0,05037621;3;3;46;570,4221;-0,1785343;0,7645065;-1,244667;-0,1649234;0,7627926;-1,59223;0,236204;0,7712796;-1,615593;
00002;004;63732492892,3939;0,08429105;0,769968;-1,474543;-0,9757136;-0,1475696;-0,1614732;-0,01152506;6;3;47;581,1981;0,06322037;0,771245;-1,445376;-0,1649234;0,7627926;-1,59223;0,236204;0,7712796;-1,615593;
00002;004;63732492900,632;-0,05173529;0,7670274;-1,353009;-0,9823502;-0,1805556;-0,0412919;-0,02613012;4;3;48;589,4366;-0,08273368;0,7672418;-1,332274;-0,1649234;0,7627926;-1,59223;0,236204;0,7712796;-1,615593;
00002;004;63732492912,2072;-0,1536798;0,7657446;-1,320828;-0,981102;-0,1855754;0,04766431;-0,02699422;2;3;49;601,0112;-0,1756212;0,7651716;-1,319607;-0,1649234;0,7627926;-1,59223;0,236204;0,7712796;-1,615593;
00002;004;63732492923,9252;-0,1676135;0,7649457;-1,236003;-0,985225;-0,1603472;-0,05993782;-0,005281935;3;3;50;612,7294;-0,1785343;0,7645065;-1,244667;-0,1649234;0,7627926;-1,59223;0,236204;0,7712796;-1,615593;
00002;004;63732492934,1057;-0,1475351;0,7685893;-1,471968;-0,9848965;-0,156683;0,07365546;0,00209391;0;3;51;622,91;-0,1697949;0,7665021;-1,469488;-0,1649234;0,7627926;-1,59223;0,236204;0,7712796;-1,615593;
00002;004;63732492947,973;-0,04171518;0,7668971;-1,337039;-0,9822263;-0,1616102;-0,09379341;0,01778875;4;3;52;636,7773;-0,08273368;0,7672418;-1,332274;-0,1649234;0,7627926;-1,59223;0,236204;0,7712796;-1,615593;
00002;004;63732492960,2503;0,02832233;0,7679554;-1,383636;-0,9715742;-0,1958066;-0,1235773;0,04931463;5;3;53;649,0547;0,0002150387;0,7693509;-1,375953;-0,1649234;0,7627926;-1,59223;0,236204;0,7712796;-1,615593;
00002;004;63732492973,3612;-0,1657472;0,7663748;-1,394257;-0,9756446;-0,2141169;-0,04627428;0,01141677;1;3;54;662,1658;-0,172708;0,7658369;-1,394548;-0,1649234;0,7627926;-1,59223;0,236204;0,7712796;-1,615593;
00002;004;63732492982,9493;-0,1632492;0,7653058;-1,305119;-0,9796365;-0,1900809;-0,06404844;0,008917158;2;3;55;671,7532;-0,1756212;0,7651716;-1,319607;-0,1649234;0,7627926;-1,59223;0,236204;0,7712796;-1,615593;
00002;004;63732492998,3611;0,08997547;0,7699633;-1,479301;-0,9725794;-0,1777163;-0,1498843;-0,006400527;6;3;56;687,1652;0,06322037;0,771245;-1,445376;-0,1649234;0,7627926;-1,59223;0,236204;0,7712796;-1,615593;
00002;004;63732493007,1907;-0,162526;0,7648622;-1,242937;-0,9882131;-0,1495954;-0,002069307;-0,03243195;3;3;57;695,9948;-0,1785343;0,7645065;-1,244667;-0,1649234;0,7627926;-1,59223;0,236204;0,7712796;-1,615593;
00002;004;63732493015,4399;-0,1540882;0,7676033;-1,402851;0,9825592;0,1796202;-0,004250928;0,04791725;1;3;58;704,2443;-0,172708;0,7658369;-1,394548;-0,1649234;0,7627926;-1,59223;0,236204;0,7712796;-1,615593;
00002;004;63732493024,6766;0,08783333;0,7694638;-1,494341;0,9736138;0,1797228;0,14062;0,001417876;6;3;59;713,4806;0,06322037;0,771245;-1,445376;-0,1649234;0,7627926;-1,59223;0,236204;0,7712796;-1,615593;
00002;004;63732493037,6535;-0,07334641;0,7683428;-1,344127;0,7352977;0,2013629;-0,6310973;-0,1432016;4;3;60;726,4581;-0,08273368;0,7672418;-1,332274;-0,1649234;0,7627926;-1,59223;0,236204;0,7712796;-1,615593;
00002;004;63732493048,3113;0,02898462;0,7682674;-1,392882;0,9754095;0,1459689;0,1640422;-0,01896382;5;3;61;737,1157;0,0002150387;0,7693509;-1,375953;-0,1649234;0,7627926;-1,59223;0,236204;0,7712796;-1,615593;
00002;004;63732493056,286;-0,1584005;0,7661696;-1,313275;0,9838169;0,1784812;0,008676203;-0,01317393;2;3;62;745,0903;-0,1756212;0,7651716;-1,319607;-0,1649234;0,7627926;-1,59223;0,236204;0,7712796;-1,615593;
00002;004;63732493064,0255;-0,1514927;0,7676269;-1,485465;0,9713617;0,208006;-0,1125073;0,02307026;0;3;63;752,8297;-0,1697949;0,7665021;-1,469488;-0,1649234;0,7627926;-1,59223;0,236204;0,7712796;-1,615593;
00002;004;63732493073,0637;0,08653789;0,7694748;-1,474302;-0,9725003;-0,1797187;-0,1481369;6,916111E-05;6;3;64;761,8683;0,06322037;0,771245;-1,445376;-0,1649234;0,7627926;-1,59223;0,236204;0,7712796;-1,615593;
00002;004;63732493083,6623;-0,06512675;0,7661645;-1,335495;-0,9765077;-0,2012753;-0,07585956;0,01289671;4;3;65;772,4671;-0,08273368;0,7672418;-1,332274;-0,1649234;0,7627926;-1,59223;0,236204;0,7712796;-1,615593;
00002;004;63732493091,5678;-0,1566196;0,7647123;-1,25863;-0,9723228;-0,2221328;-0,06138163;0,03844134;3;3;66;780,3721;-0,1785343;0,7645065;-1,244667;-0,1649234;0,7627926;-1,59223;0,236204;0,7712796;-1,615593;
00002;004;63732493103,9302;-0,1438393;0,7678292;-1,416044;-0,9818063;-0,1874868;-0,009627171;-0,02850459;1;3;67;792,7343;-0,172708;0,7658369;-1,394548;-0,1649234;0,7627926;-1,59223;0,236204;0,7712796;-1,615593;
00002;004;63732493111,8891;0,01035873;0,7679055;-1,395571;-0,9717278;-0,1966537;-0,129302;0,01879807;5;3;68;800,6937;0,0002150387;0,7693509;-1,375953;-0,1649234;0,7627926;-1,59223;0,236204;0,7712796;-1,615593;
00002;004;63732493119,3258;-0,1517667;0,7651443;-1,316511;-0,9821027;-0,1819654;-0,04694875;-0,0126009;2;3;69;808,1304;-0,1756212;0,7651716;-1,319607;-0,1649234;0,7627926;-1,59223;0,236204;0,7712796;-1,615593;
00002;004;63732493127,5591;-0,1525251;0,7686554;-1,478585;-0,9835985;-0,1744304;0,04392016;-0,01337971;0;3;70;816,3636;-0,1697949;0,7665021;-1,469488;-0,1649234;0,7627926;-1,59223;0,236204;0,7712796;-1,615593;
00002;004;63732493136,0353;-0,06785282;0,7664114;-1,334217;-0,9760137;-0,197107;-0,09219123;-0,00686276;4;3;71;824,84;-0,08273368;0,7672418;-1,332274;-0,1649234;0,7627926;-1,59223;0,236204;0,7712796;-1,615593;
00002;004;63732493145,9442;0,05693897;0,7691591;-1,478296;-0,9789906;-0,1842551;-0,08569378;0,01685278;6;3;72;834,7487;0,06322037;0,771245;-1,445376;-0,1649234;0,7627926;-1,59223;0,236204;0,7712796;-1,615593;
00002;004;63732493160,4819;-0,1508098;0,7680729;-1,389055;-0,9848318;-0,1581557;-0,04814838;-0,0526778;1;3;73;849,2858;-0,172708;0,7658369;-1,394548;-0,1649234;0,7627926;-1,59223;0,236204;0,7712796;-1,615593;
00002;004;63732493171,3349;0,01229731;0,7680718;-1,379911;-0,9844629;-0,1676692;-0,05146317;0,008459602;5;3;74;860,139;0,0002150387;0,7693509;-1,375953;-0,1649234;0,7627926;-1,59223;0,236204;0,7712796;-1,615593;
00002;004;63732493181,7533;-0,1518673;0,7687415;-1,46959;0,9841837;0,1732058;-0,009449811;0,03595868;0;3;75;870,5578;-0,1697949;0,7665021;-1,469488;-0,1649234;0,7627926;-1,59223;0,236204;0,7712796;-1,615593;
00002;004;63732493191,3043;-0,1676491;0,7667097;-1,306028;0,9855081;0,1605028;0,04226241;0,03502375;2;3;76;880,1082;-0,1756212;0,7651716;-1,319607;-0,1649234;0,7627926;-1,59223;0,236204;0,7712796;-1,615593;
00002;004;63732493203,1234;-0,1618131;0,7641451;-1,217049;0,9759825;0,2023274;0,07211567;-0,03634751;3;3;77;891,9273;-0,1785343;0,7645065;-1,244667;-0,1649234;0,7627926;-1,59223;0,236204;0,7712796;-1,615593;
00002;004;63732493217,0869;0,01548101;0,7682106;-1,385689;-0,9833601;-0,1625772;-0,08105811;0,001166847;5;3;78;905,8909;0,0002150387;0,7693509;-1,375953;-0,1649234;0,7627926;-1,59223;0,236204;0,7712796;-1,615593;
00002;004;63732493230,0033;-0,1471417;0,768699;-1,475666;-0,9877893;-0,13388;0,008799091;-0,07919025;0;3;79;918,8074;-0,1697949;0,7665021;-1,469488;-0,1649234;0,7627926;-1,59223;0,236204;0,7712796;-1,615593;
00002;004;63732493242,7117;-0,1578595;0,7664381;-1,390831;0,9814342;0,1912025;0,007752328;0,01298192;1;3;80;931,5163;-0,172708;0,7658369;-1,394548;-0,1649234;0,7627926;-1,59223;0,236204;0,7712796;-1,615593;
00002;004;63732493254,7601;0,08679315;0,7704341;-1,457512;0,9802515;0,1393505;0,140296;0,002364718;6;3;81;943,564;0,06322037;0,771245;-1,445376;-0,1649234;0,7627926;-1,59223;0,236204;0,7712796;-1,615593;
00002;004;63732493262,5665;-0,06673365;0,7659427;-1,342851;-0,9794978;-0,1957964;-0,04741243;4,438507E-05;4;3;82;951,3704;-0,08273368;0,7672418;-1,332274;-0,1649234;0,7627926;-1,59223;0,236204;0,7712796;-1,615593;
00002;004;63732493271,4805;-0,1613235;0,7650108;-1,250539;-0,9858152;-0,1523421;-0,07043035;-5,705513E-05;3;3;83;960,2847;-0,1785343;0,7645065;-1,244667;-0,1649234;0,7627926;-1,59223;0,236204;0,7712796;-1,615593;
00002;004;63732493281,3928;-0,1561575;0,7654002;-1,321802;-0,9742935;-0,1956353;-0,1080696;-0,02828768;2;3;84;970,1976;-0,1756212;0,7651716;-1,319607;-0,1649234;0,7627926;-1,59223;0,236204;0,7712796;-1,615593;
00002;004;63732493294,0432;-0,1653664;0,7665866;-1,399363;-0,9788511;-0,196102;-0,05588501;-0,01646978;1;3;85;982,8475;-0,172708;0,7658369;-1,394548;-0,1649234;0,7627926;-1,59223;0,236204;0,7712796;-1,615593;
00002;004;63732493304,851;-0,1732216;0,7649542;-1,237232;0,9791961;0,1785315;0,09643301;-0,001467583;3;3;86;993,6556;-0,1785343;0,7645065;-1,244667;-0,1649234;0,7627926;-1,59223;0,236204;0,7712796;-1,615593;
00002;004;63732493315,1222;0,08322842;0,7682395;-1,483856;0,9738261;0,1927392;0,1180437;-0,0240816;6;3;87;1003,926;0,06322037;0,771245;-1,445376;-0,1649234;0,7627926;-1,59223;0,236204;0,7712796;-1,615593;
00002;004;63732493326,5215;-0,03910988;0,7665779;-1,360628;-0,9630049;-0,2057153;-0,1714347;0,03021721;4;3;88;1015,326;-0,08273368;0,7672418;-1,332274;-0,1649234;0,7627926;-1,59223;0,236204;0,7712796;-1,615593;
00002;004;63732493337,2322;0,01542217;0,767328;-1,398446;0,9676665;0,1952595;0,1518297;-0,04942711;5;3;89;1026,037;0,0002150387;0,7693509;-1,375953;-0,1649234;0,7627926;-1,59223;0,236204;0,7712796;-1,615593;
00002;004;63732493345,8954;-0,1555085;0,7669389;-1,32119;-0,9850644;-0,1576808;-0,05214562;-0,04545174;2;3;90;1034,699;-0,1756212;0,7651716;-1,319607;-0,1649234;0,7627926;-1,59223;0,236204;0,7712796;-1,615593;
00002;004;63732493358,3918;-0,1435287;0,7690309;-1,477384;-0,9841355;-0,1773594;-0,002500817;-0,003841144;0;3;91;1047,196;-0,1697949;0,7665021;-1,469488;-0,1649234;0,7627926;-1,59223;0,236204;0,7712796;-1,615593;
00002;004;63732493375,5251;-0,1488921;0,7660777;-1,305569;0,9796793;0,1745934;0,0972541;-0,01694603;2;3;92;1064,329;-0,1756212;0,7651716;-1,319607;-0,1649234;0,7627926;-1,59223;0,236204;0,7712796;-1,615593;
00002;004;63732493387,5906;0,0927852;0,7701826;-1,469724;0,9753155;0,1453766;0,1655905;-0,01432202;6;3;93;1076,395;0,06322037;0,771245;-1,445376;-0,1649234;0,7627926;-1,59223;0,236204;0,7712796;-1,615593;
00002;004;63732493401,6065;-0,1445985;0,7682834;-1,467115;0,9834136;0,171415;-0,04937852;-0,03280913;0;3;94;1090,411;-0,1697949;0,7665021;-1,469488;-0,1649234;0,7627926;-1,59223;0,236204;0,7712796;-1,615593;
00002;004;63732493415,6228;-0,04716497;0,7671646;-1,33844;0,9834092;0,155609;0,09286238;0,008297118;4;3;95;1104,427;-0,08273368;0,7672418;-1,332274;-0,1649234;0,7627926;-1,59223;0,236204;0,7712796;-1,615593;
00002;004;63732493425,2046;0,03084871;0,7680365;-1,404478;-0,9807907;-0,1668637;-0,1002135;-0,01278143;5;3;96;1114,009;0,0002150387;0,7693509;-1,375953;-0,1649234;0,7627926;-1,59223;0,236204;0,7712796;-1,615593;
00002;004;63732493432,86;-0,176858;0,7647092;-1,247522;-0,9849879;-0,1640931;-0,0534885;-0,003344534;3;3;97;1121,664;-0,1785343;0,7645065;-1,244667;-0,1649234;0,7627926;-1,59223;0,236204;0,7712796;-1,615593;
00002;004;63732493442,191;-0,1606012;0,7683469;-1,397419;-0,7112553;-0,3011144;0,6323068;-0,06028465;1;3;98;1130,995;-0,172708;0,7658369;-1,394548;-0,1649234;0,7627926;-1,59223;0,236204;0,7712796;-1,615593;
00002;004;63732493451,5028;0,002482669;0,7666628;-1,401644;0,9659787;0,2308217;0,1049913;-0,0508258;5;3;99;1140,307;0,0002150387;0,7693509;-1,375953;-0,1649234;0,7627926;-1,59223;0,236204;0,7712796;-1,615593;
00002;004;63732493462,4439;-0,149193;0,7681505;-1,475511;-0,9809147;-0,1925813;0,02531016;-0,008844147;0;3;100;1151,248;-0,1697949;0,7665021;-1,469488;-0,1649234;0,7627926;-1,59223;0,236204;0,7712796;-1,615593;
00002;004;63732493471,9313;-0,07075717;0,7656371;-1,317805;0,9827238;0,1768918;0,05316529;0,01169665;4;3;101;1160,736;-0,08273368;0,7672418;-1,332274;-0,1649234;0,7627926;-1,59223;0,236204;0,7712796;-1,615593;
00002;004;63732493481,8828;-0,1700653;0,7680063;-1,376951;0,9855339;0,1624708;0,03644788;0,03158938;1;3;102;1170,687;-0,172708;0,7658369;-1,394548;-0,1649234;0,7627926;-1,59223;0,236204;0,7712796;-1,615593;
00002;004;63732493495,0312;0,09581006;0,7696893;-1,456853;0,9811774;0,1667328;0,09739018;-0,002500039;6;3;103;1183,836;0,06322037;0,771245;-1,445376;-0,1649234;0,7627926;-1,59223;0,236204;0,7712796;-1,615593;
00002;004;63732493505,4405;-0,1610497;0,7654766;-1,310255;-0,9815214;-0,1902175;-0,01146623;0,01737101;2;3;104;1194,245;-0,1756212;0,7651716;-1,319607;-0,1649234;0,7627926;-1,59223;0,236204;0,7712796;-1,615593;
00002;004;63732493519,2744;-0,1628582;0,7648414;-1,237699;0,9722995;0,2184395;0,07117384;-0,04303739;3;3;105;1208,078;-0,1785343;0,7645065;-1,244667;-0,1649234;0,7627926;-1,59223;0,236204;0,7712796;-1,615593;
00002;004;63732493533,6322;0,08994164;0,7687432;-1,482883;0,9749187;0,1815634;0,126915;-0,0214709;6;3;106;1222,437;0,06322037;0,771245;-1,445376;-0,1649234;0,7627926;-1,59223;0,236204;0,7712796;-1,615593;
00002;004;63732493549,3375;-0,1528593;0,7686145;-1,326053;0,6943513;0,3034291;-0,6504019;0,05276848;2;3;107;1238,142;-0,1756212;0,7651716;-1,319607;-0,1649234;0,7627926;-1,59223;0,236204;0,7712796;-1,615593;
00002;004;63732493558,4977;-0,1569307;0,7643068;-1,229445;0,9789757;0,1760064;0,1023765;-0,01214551;3;3;108;1247,302;-0,1785343;0,7645065;-1,244667;-0,1649234;0,7627926;-1,59223;0,236204;0,7712796;-1,615593;
00002;004;63732493571,3905;-0,05720884;0,7663074;-1,346339;0,9706358;0,1953585;0,1293363;-0,05452932;4;3;109;1260,195;-0,08273368;0,7672418;-1,332274;-0,1649234;0,7627926;-1,59223;0,236204;0,7712796;-1,615593;
00002;004;63732493582,0537;0,02865484;0,7677929;-1,384191;-0,9776264;-0,1639858;-0,1272251;0,03419424;5;3;110;1270,858;0,0002150387;0,7693509;-1,375953;-0,1649234;0,7627926;-1,59223;0,236204;0,7712796;-1,615593;
00002;004;63732493591,52;-0,1534757;0,7698978;-1,424826;-0,6723217;-0,325553;0,6646398;-0,01589386;1;3;111;1280,324;-0,172708;0,7658369;-1,394548;-0,1649234;0,7627926;-1,59223;0,236204;0,7712796;-1,615593;
00002;004;63732493600,907;-0,1511802;0,7682595;-1,4828;0,982165;0,1868002;-0,02059075;0,005801153;0;3;112;1289,711;-0,1697949;0,7665021;-1,469488;-0,1649234;0,7627926;-1,59223;0,236204;0,7712796;-1,615593;
00002;004;63732493608,1897;-0,1596755;0,7674966;-1,381666;0,9782701;0,1870765;0,0893719;0,001646151;1;3;113;1296,994;-0,172708;0,7658369;-1,394548;-0,1649234;0,7627926;-1,59223;0,236204;0,7712796;-1,615593;
00002;004;63732493616,4232;-0,06047187;0,7662782;-1,344306;-0,9774772;-0,1946162;-0,0798961;0,01671878;4;3;114;1305,227;-0,08273368;0,7672418;-1,332274;-0,1649234;0,7627926;-1,59223;0,236204;0,7712796;-1,615593;
00002;004;63732493623,9825;-0,1603974;0,7659932;-1,322824;-0,9821653;-0,1728044;-0,05857094;-0,04538331;2;3;115;1312,787;-0,1756212;0,7651716;-1,319607;-0,1649234;0,7627926;-1,59223;0,236204;0,7712796;-1,615593;
00002;004;63732493638,6334;0,01066789;0,7675371;-1,383548;-0,9785156;-0,1902033;-0,07948784;-0,003430297;5;3;116;1327,438;0,0002150387;0,7693509;-1,375953;-0,1649234;0,7627926;-1,59223;0,236204;0,7712796;-1,615593;
00002;004;63732493651,3165;-0,1736593;0,7652448;-1,252202;-0,9833999;-0,1742622;-0,0493544;-0,01102076;3;3;117;1340,121;-0,1785343;0,7645065;-1,244667;-0,1649234;0,7627926;-1,59223;0,236204;0,7712796;-1,615593;
00002;004;63732493661,5696;-0,161466;0,7686666;-1,480736;-0,9809025;-0,1684504;0,0922888;-0,03061948;0;3;118;1350,374;-0,1697949;0,7665021;-1,469488;-0,1649234;0,7627926;-1,59223;0,236204;0,7712796;-1,615593;
00002;004;63732493676,7645;0,07300773;0,7692128;-1,484175;0,9791462;0,1901381;0,07119449;-0,007173487;6;3;119;1365,569;0,06322037;0,771245;-1,445376;-0,1649234;0,7627926;-1,59223;0,236204;0,7712796;-1,615593;
00002;004;63732493685,3954;-0,1711447;0,7651194;-1,251724;0,9841713;0,1652861;0,03357947;0,05440493;3;3;120;1374,2;-0,1785343;0,7645065;-1,244667;-0,1649234;0,7627926;-1,59223;0,236204;0,7712796;-1,615593;
00002;004;63732493693,2484;-0,05750642;0,7671419;-1,340999;0,9869594;0,1410364;0,07471655;0,02091199;4;3;121;1382,052;-0,08273368;0,7672418;-1,332274;-0,1649234;0,7627926;-1,59223;0,236204;0,7712796;-1,615593;
00002;004;63732493702,8629;0,08388343;0,7689095;-1,47554;0,9746422;0,1846016;0,1258068;0,01293728;6;3;122;1391,667;0,06322037;0,771245;-1,445376;-0,1649234;0,7627926;-1,59223;0,236204;0,7712796;-1,615593;
00002;004;63732493710,1701;-0,1635133;0,7658289;-1,326162;0,9834758;0,1805007;-0,009018396;-0,01065707;2;3;123;1398,974;-0,1756212;0,7651716;-1,319607;-0,1649234;0,7627926;-1,59223;0,236204;0,7712796;-1,615593;
00002;004;63732493719,5615;0,01396522;0,7664227;-1,389384;0,9743456;0,2030987;0,08984618;-0,0364601;5;3;124;1408,366;0,0002150387;0,7693509;-1,375953;-0,1649234;0,7627926;-1,59223;0,236204;0,7712796;-1,615593;
00002;004;63732493728,2662;-0,1615548;0,768108;-1,466984;-0,9861188;-0,1569941;0,04319132;-0,0325129;0;3;125;1417,07;-0,1697949;0,7665021;-1,469488;-0,1649234;0,7627926;-1,59223;0,236204;0,7712796;-1,615593;
00002;004;63732493735,8373;-0,1617661;0,7656547;-1,399352;-0,9817526;-0,186557;-0,03439502;-0,01324554;1;3;126;1424,642;-0,172708;0,7658369;-1,394548;-0,1649234;0,7627926;-1,59223;0,236204;0,7712796;-1,615593;
00002;004;63732493744,7122;-0,1717309;0,7645378;-1,322823;-0,9810337;-0,1871325;-0,04879469;0,01317224;2;3;127;1433,516;-0,1756212;0,7651716;-1,319607;-0,1649234;0,7627926;-1,59223;0,236204;0,7712796;-1,615593;
00002;004;63732493753,3163;0,08770847;0,7690706;-1,48736;-0,9734403;-0,1858368;-0,1332363;-0,01126262;6;3;128;1442,12;0,06322037;0,771245;-1,445376;-0,1649234;0,7627926;-1,59223;0,236204;0,7712796;-1,615593;
00002;004;63732493760,9857;-0,176013;0,7642268;-1,256249;-0,9785855;-0,2022802;0,02479088;0,02895852;3;3;129;1449,79;-0,1785343;0,7645065;-1,244667;-0,1649234;0,7627926;-1,59223;0,236204;0,7712796;-1,615593;
00002;004;63732493769,2786;-0,1526789;0,7681508;-1,471689;-0,9826803;-0,1790015;0,0469435;-0,009713911;0;3;130;1458,083;-0,1697949;0,7665021;-1,469488;-0,1649234;0,7627926;-1,59223;0,236204;0,7712796;-1,615593;
00002;004;63732493778,7812;0,01943569;0,7678036;-1,405002;-0,9681023;-0,1945615;-0,152577;0,04054628;5;3;131;1467,585;0,0002150387;0,7693509;-1,375953;-0,1649234;0,7627926;-1,59223;0,236204;0,7712796;-1,615593;
00002;004;63732493786,5941;-0,07301854;0,7669219;-1,343588;0,9801279;0,1752786;0,09133189;0,01689363;4;3;132;1475,398;-0,08273368;0,7672418;-1,332274;-0,1649234;0,7627926;-1,59223;0,236204;0,7712796;-1,615593;
00002;004;63732493794,3783;-0,1679068;0,7679583;-1,389194;-0,9833336;-0,1751554;-0,04690914;-0,0132344;1;3;133;1483,183;-0,172708;0,7658369;-1,394548;-0,1649234;0,7627926;-1,59223;0,236204;0,7712796;-1,615593;
00002;004;63732493805,0717;-0,1605659;0,7690178;-1,479118;-0,9845156;-0,170053;0,03690824;-0,02118402;0;3;134;1493,876;-0,1697949;0,7665021;-1,469488;-0,1649234;0,7627926;-1,59223;0,236204;0,7712796;-1,615593;
00002;004;63732493814,6727;-0,1838896;0,7648426;-1,303564;-0,9810748;-0,1670605;-0,09280601;0,03114731;2;3;135;1503,477;-0,1756212;0,7651716;-1,319607;-0,1649234;0,7627926;-1,59223;0,236204;0,7712796;-1,615593;
00002;004;63732493822,8501;-0,1708575;0,7714276;-1,413637;0,6988558;0,2871172;-0,6550872;-0,005000936;1;3;136;1511,654;-0,172708;0,7658369;-1,394548;-0,1649234;0,7627926;-1,59223;0,236204;0,7712796;-1,615593;
00002;004;63732493830,5218;0,0181907;0,7674008;-1,392398;0,974208;0,1839483;0,1292251;0,01956263;5;3;137;1519,326;0,0002150387;0,7693509;-1,375953;-0,1649234;0,7627926;-1,59223;0,236204;0,7712796;-1,615593;
00002;004;63732493838,0707;0,08313093;0,768899;-1,480217;0,9746609;0,1964733;0,1016033;-0,033335;6;3;138;1526,875;0,06322037;0,771245;-1,445376;-0,1649234;0,7627926;-1,59223;0,236204;0,7712796;-1,615593;
00002;004;63732493847,3081;-0,09172159;0,7743723;-1,349527;0,7205276;0,05231525;-0,6913007;0,01436924;4;3;139;1536,112;-0,08273368;0,7672418;-1,332274;-0,1649234;0,7627926;-1,59223;0,236204;0,7712796;-1,615593;
00002;004;63732493861,6973;-0,1646067;0,7654782;-1,251197;-0,9862064;-0,1502047;-0,06952524;-0,001357911;3;3;140;1550,501;-0,1785343;0,7645065;-1,244667;-0,1649234;0,7627926;-1,59223;0,236204;0,7712796;-1,615593;
