0,25;1,7404;-0,811;0
0,65;1,7402;-0,85;0
ExperimentID;participantID;date;PosRx;PosRy;PosRz;QuaternionRotw;QuaternionRotx;QuaternionRoty;QuaternionRotz;targetNumber;condition;aim_number;PosTargetx;PosTargety;PosTargetz;StartingPositionx;StartingPositiony;StartingPositionz;CalibrationCubex;CalibrationCubey;CalibrationCubez
00001;019;63733712149,1168;-0,3140008;0,7653585;-1,458083;0,9809065;0,1939009;-0,01048984;0,01071566;2;1;3;21,10591;-0,2824663;0,7710491;-1,446842;-0,2789934;0,766403;-1,719623;0,12144;0,7707924;-1,753606;
00001;019;63733712140,6609;-0,1920149;0,7646495;-1,453275;0,9748635;0,2196824;0,03310358;-0,01687892;4;1;1;12,64957;-0,1899301;0,7721127;-1,461966;-0,2789934;0,766403;-1,719623;0,12144;0,7707924;-1,753606;
00001;019;63733712145,3125;-0,07071289;0,7673591;-1,566087;0,9739657;0,2025451;0,1003528;-0,01719304;6;1;2;17,30115;-0,04698157;0,7737951;-1,5789;-0,2789934;0,766403;-1,719623;0,12144;0,7707924;-1,753606;
00001;019;63733712152,6466;-0,3097908;0,7643123;-1,519306;0,97068;0,2209972;-0,09413108;0,008937929;1;1;4;24,63585;-0,2815266;0,7710912;-1,521836;-0,2789934;0,766403;-1,719623;0,12144;0,7707924;-1,753606;
00001;019;63733712156,8236;-0,3003514;0,7660088;-1,591384;0,9555056;0,2218775;-0,1931075;0,02210923;0;1;5;28,81217;-0,2805868;0,7711335;-1,59683;-0,2789934;0,766403;-1,719623;0,12144;0,7707924;-1,753606;
00001;019;63733712162,44;-0,3174482;0,7655615;-1,344398;0,9682372;0,2144347;0,110457;-0,06583125;3;1;6;34,4292;-0,283406;0,7710068;-1,371848;-0,2789934;0,766403;-1,719623;0,12144;0,7707924;-1,753606;
00001;019;63733712166,3997;-0,1281615;0,7663058;-1,467083;0,9846633;0,169405;0,01141986;0,04012337;5;1;7;38,38879;-0,1081472;0,7730663;-1,507829;-0,2789934;0,766403;-1,719623;0,12144;0,7707924;-1,753606;
00001;019;63733712169,9061;-0,07847208;0,766815;-1,567512;0,9729354;0,2039039;0,1069767;-0,01938986;6;1;8;41,89492;-0,04698157;0,7737951;-1,5789;-0,2789934;0,766403;-1,719623;0,12144;0,7707924;-1,753606;
00001;019;63733712174,1854;-0,1423478;0,7651139;-1,458394;0,975424;0,2168144;0,03444987;-0,01878581;5;1;9;46,17443;-0,1081472;0,7730663;-1,507829;-0,2789934;0,766403;-1,719623;0,12144;0,7707924;-1,753606;
00001;019;63733712178,2287;-0,21939;0,7644614;-1,417988;0,975163;0,2175105;-0,04155517;-0,004409616;4;1;10;50,21747;-0,1899301;0,7721127;-1,461966;-0,2789934;0,766403;-1,719623;0,12144;0,7707924;-1,753606;
00001;019;63733712181,329;-0,2969143;0,7663459;-1,597017;0,9698357;0,207316;-0,1272506;0,01568816;0;1;11;53,31826;-0,2805868;0,7711335;-1,59683;-0,2789934;0,766403;-1,719623;0,12144;0,7707924;-1,753606;
00001;019;63733712185,4285;-0,3130787;0,764934;-1,507796;0,9697598;0,2302553;-0,08047976;-0,008454902;1;1;12;57,41774;-0,2815266;0,7710912;-1,521836;-0,2789934;0,766403;-1,719623;0,12144;0,7707924;-1,753606;
00001;019;63733712188,964;-0,3304805;0,7642696;-1,400593;0,9789672;0,1971383;-0,05153159;0,01021416;2;1;13;60,95263;-0,2824663;0,7710491;-1,446842;-0,2789934;0,766403;-1,719623;0,12144;0,7707924;-1,753606;
00001;019;63733712194,7586;-0,3425849;0,7647828;-1,362718;0,9659031;0,2326218;0,09566722;-0,06136914;3;1;14;66,74808;-0,283406;0,7710068;-1,371848;-0,2789934;0,766403;-1,719623;0,12144;0,7707924;-1,753606;
00001;019;63733712199,2273;-0,09828547;0,7670765;-1,566247;0,976511;0,2142579;0,01289791;-0,0188006;6;1;15;71,21619;-0,04698157;0,7737951;-1,5789;-0,2789934;0,766403;-1,719623;0,12144;0,7707924;-1,753606;
00001;019;63733712202,8696;-0,1435442;0,7664094;-1,482908;0,9689681;0,2177126;-0,1162823;0,01343388;5;1;16;74,85845;-0,1081472;0,7730663;-1,507829;-0,2789934;0,766403;-1,719623;0,12144;0,7707924;-1,753606;
00001;019;63733712206,3206;-0,3119138;0,7651727;-1,517838;0,9538934;0,2268722;-0,1956087;0,0188086;1;1;17;78,3091;-0,2815266;0,7710912;-1,521836;-0,2789934;0,766403;-1,719623;0,12144;0,7707924;-1,753606;
00001;019;63733712210,2622;-0,3255257;0,7645352;-1,453322;-0,9523457;-0,2203379;0,209662;-0,02303975;2;1;18;82,25159;-0,2824663;0,7710491;-1,446842;-0,2789934;0,766403;-1,719623;0,12144;0,7707924;-1,753606;
00001;019;63733712213,6813;-0,336961;0,764006;-1,382885;-0,9747468;-0,2225912;0,01319209;0,01215824;3;1;19;85,6701;-0,283406;0,7710068;-1,371848;-0,2789934;0,766403;-1,719623;0,12144;0,7707924;-1,753606;
00001;019;63733712216,8715;-0,313476;0,7664183;-1,596344;-0,9147093;-0,2382651;0,3226332;-0,04944142;0;1;20;88,86065;-0,2805868;0,7711335;-1,59683;-0,2789934;0,766403;-1,719623;0,12144;0,7707924;-1,753606;
00001;019;63733712220,8821;-0,2297685;0,7648197;-1,442079;-0,9664559;-0,2319125;0,1103602;0,0002861492;4;1;21;92,87099;-0,1899301;0,7721127;-1,461966;-0,2789934;0,766403;-1,719623;0,12144;0,7707924;-1,753606;
00001;019;63733712224,5711;-0,3121927;0,7650945;-1,534473;-0,9339049;-0,2037021;0,2880799;-0,05776831;1;1;22;96,56025;-0,2815266;0,7710912;-1,521836;-0,2789934;0,766403;-1,719623;0,12144;0,7707924;-1,753606;
00001;019;63733712227,4731;-0,1286011;0,7656076;-1,485299;-0,9693433;-0,2289597;0,0891435;0,002128828;5;1;23;99,46248;-0,1081472;0,7730663;-1,507829;-0,2789934;0,766403;-1,719623;0,12144;0,7707924;-1,753606;
00001;019;63733712230,7674;-0,2196677;0,7651496;-1,427531;-0,9654286;-0,2293138;0,1238607;-0,004633497;4;1;24;102,7564;-0,1899301;0,7721127;-1,461966;-0,2789934;0,766403;-1,719623;0,12144;0,7707924;-1,753606;
00001;019;63733712233,9421;-0,08016382;0,7674714;-1,595374;0,9802982;0,1957317;0,006507858;-0,02573618;6;1;25;105,9316;-0,04698157;0,7737951;-1,5789;-0,2789934;0,766403;-1,719623;0,12144;0,7707924;-1,753606;
00001;019;63733712238,8634;-0,3254429;0,7647456;-1,471006;0,9603423;0,2250805;-0,1642201;0,01063009;2;1;26;110,8523;-0,2824663;0,7710491;-1,446842;-0,2789934;0,766403;-1,719623;0,12144;0,7707924;-1,753606;
00001;019;63733712241,6216;-0,3134528;0,7658995;-1,597595;0,9068615;0,2198681;-0,3555625;0,05324969;0;1;27;113,6102;-0,2805868;0,7711335;-1,59683;-0,2789934;0,766403;-1,719623;0,12144;0,7707924;-1,753606;
00001;019;63733712244,6439;-0,3301452;0,7642726;-1,407777;0,9739507;0,2242824;-0,03178111;-0,01035663;3;1;28;116,6325;-0,283406;0,7710068;-1,371848;-0,2789934;0,766403;-1,719623;0,12144;0,7707924;-1,753606;
00001;019;63733712247,4528;-0,3096869;0,766194;-1,608638;0,9286298;0,2310709;-0,2876309;0,03900653;0;1;29;119,4423;-0,2805868;0,7711335;-1,59683;-0,2789934;0,766403;-1,719623;0,12144;0,7707924;-1,753606;
00001;019;63733712250,2496;-0,3272917;0,7645761;-1,397497;0,9708923;0,2352088;-0,04482484;-0,005975444;3;1;30;122,2392;-0,283406;0,7710068;-1,371848;-0,2789934;0,766403;-1,719623;0,12144;0,7707924;-1,753606;
00001;019;63733712253,7032;-0,1385809;0,7655272;-1,471273;0,973289;0,219219;-0,06793004;-0,006099344;5;1;31;125,6922;-0,1081472;0,7730663;-1,507829;-0,2789934;0,766403;-1,719623;0,12144;0,7707924;-1,753606;
00001;019;63733712256,5215;-0,2251601;0,7646571;-1,421269;0,964748;0,225319;-0,1358071;0,007002498;4;1;32;128,5103;-0,1899301;0,7721127;-1,461966;-0,2789934;0,766403;-1,719623;0,12144;0,7707924;-1,753606;
00001;019;63733712259,8725;-0,3114659;0,7652019;-1,507139;0,9455874;0,2246726;-0,2333256;0,03075443;1;1;33;131,8617;-0,2815266;0,7710912;-1,521836;-0,2789934;0,766403;-1,719623;0,12144;0,7707924;-1,753606;
00001;019;63733712263,0953;-0,3168992;0,764316;-1,432197;0,9588843;0,2294642;-0,1663545;0,01460637;2;1;34;135,0846;-0,2824663;0,7710491;-1,446842;-0,2789934;0,766403;-1,719623;0,12144;0,7707924;-1,753606;
00001;019;63733712266,794;-0,07055633;0,7675874;-1,588366;0,9737475;0,2266317;0,006696792;-0,02022457;6;1;35;138,7834;-0,04698157;0,7737951;-1,5789;-0,2789934;0,766403;-1,719623;0,12144;0,7707924;-1,753606;
00001;019;63733712270,6306;-0,2085516;0,7644748;-1,426504;0,9746585;0,2182811;-0,04828361;-0,007940376;4;1;36;142,6194;-0,1899301;0,7721127;-1,461966;-0,2789934;0,766403;-1,719623;0,12144;0,7707924;-1,753606;
00001;019;63733712273,9923;-0,3181423;0,7647689;-1,405966;0,9715173;0,2221671;-0,08241537;0,001873504;2;1;37;145,9812;-0,2824663;0,7710491;-1,446842;-0,2789934;0,766403;-1,719623;0,12144;0,7707924;-1,753606;
00001;019;63733712277,6843;-0,06965251;0,7671511;-1,581258;0,9755002;0,2192243;-6,726525E-05;-0,0184431;6;1;38;149,6738;-0,04698157;0,7737951;-1,5789;-0,2789934;0,766403;-1,719623;0,12144;0,7707924;-1,753606;
00001;019;63733712280,5089;-0,3408856;0,7643533;-1,402909;0,9758707;0,2170732;0,01129331;-0,0206902;3;1;39;152,4984;-0,283406;0,7710068;-1,371848;-0,2789934;0,766403;-1,719623;0,12144;0,7707924;-1,753606;
00001;019;63733712283,1636;-0,3100001;0,7648247;-1,512838;0,9514256;0,218993;-0,2155444;0,01929077;1;1;40;155,1527;-0,2815266;0,7710912;-1,521836;-0,2789934;0,766403;-1,719623;0,12144;0,7707924;-1,753606;
00001;019;63733712285,8267;-0,1434365;0,7654056;-1,474992;0,9688561;0,2195602;-0,1142332;0,00788057;5;1;41;157,8155;-0,1081472;0,7730663;-1,507829;-0,2789934;0,766403;-1,719623;0,12144;0,7707924;-1,753606;
00001;019;63733712288,684;-0,2982973;0,7664821;-1,598758;0,9247374;0,2377819;-0,2939554;0,04371359;0;1;42;160,6733;-0,2805868;0,7711335;-1,59683;-0,2789934;0,766403;-1,719623;0,12144;0,7707924;-1,753606;
00001;019;63733712291,0649;-0,137603;0,7656882;-1,469777;0,9642498;0,2325356;-0,1269318;0,006151573;5;1;43;163,0538;-0,1081472;0,7730663;-1,507829;-0,2789934;0,766403;-1,719623;0,12144;0,7707924;-1,753606;
00001;019;63733712294,4282;-0,07654694;0,7672338;-1,581522;0,9743099;0,2236897;0,01067018;-0,02386245;6;1;44;166,4174;-0,04698157;0,7737951;-1,5789;-0,2789934;0,766403;-1,719623;0,12144;0,7707924;-1,753606;
00001;019;63733712297,4875;-0,2142909;0,7653547;-1,461895;0,9636181;0,2341169;-0,1288096;0,006125898;4;1;45;169,4766;-0,1899301;0,7721127;-1,461966;-0,2789934;0,766403;-1,719623;0,12144;0,7707924;-1,753606;
00001;019;63733712300,5273;-0,3067857;0,7654133;-1,529466;0,927707;0,2226043;-0,2969556;0,04030428;1;1;46;172,5163;-0,2815266;0,7710912;-1,521836;-0,2789934;0,766403;-1,719623;0,12144;0,7707924;-1,753606;
00001;019;63733712304,1472;-0,2945293;0,7664256;-1,6175;0,8863052;0,2188028;-0,4015914;0,0728904;0;1;47;176,1363;-0,2805868;0,7711335;-1,59683;-0,2789934;0,766403;-1,719623;0,12144;0,7707924;-1,753606;
00001;019;63733712306,8974;-0,3309516;0,7641776;-1,384369;0,9750144;0,216207;0,04342654;-0,02675334;3;1;48;178,8862;-0,283406;0,7710068;-1,371848;-0,2789934;0,766403;-1,719623;0,12144;0,7707924;-1,753606;
00001;019;63733712310,0966;-0,3206545;0,7645816;-1,434035;0,9611937;0,2279725;-0,1548228;0,01284436;2;1;49;182,0855;-0,2824663;0,7710491;-1,446842;-0,2789934;0,766403;-1,719623;0,12144;0,7707924;-1,753606;
00001;019;63733712313,0556;-0,3258282;0,7641942;-1,370422;0,9744722;0,2203533;0,03963226;-0,01666954;3;1;50;185,0448;-0,283406;0,7710068;-1,371848;-0,2789934;0,766403;-1,719623;0,12144;0,7707924;-1,753606;
00001;019;63733712315,5923;-0,301037;0,7667869;-1,606719;0,9128943;0,2211628;-0,3392618;0,05111152;0;1;51;187,5811;-0,2805868;0,7711335;-1,59683;-0,2789934;0,766403;-1,719623;0,12144;0,7707924;-1,753606;
00001;019;63733712318,3835;-0,3179799;0,7644777;-1,430487;0,9626898;0,2231226;-0,1525423;0,01324899;2;1;52;190,3728;-0,2824663;0,7710491;-1,446842;-0,2789934;0,766403;-1,719623;0,12144;0,7707924;-1,753606;
00001;019;63733712321,6324;-0,07050742;0,7672588;-1,587079;0,9737809;0,2237798;0,03002313;-0,02778719;6;1;53;193,6213;-0,04698157;0,7737951;-1,5789;-0,2789934;0,766403;-1,719623;0,12144;0,7707924;-1,753606;
00001;019;63733712324,2043;-0,1430168;0,7664927;-1,479184;0,9733093;0,2162562;-0,07669215;0,004549029;5;1;54;196,1933;-0,1081472;0,7730663;-1,507829;-0,2789934;0,766403;-1,719623;0,12144;0,7707924;-1,753606;
00001;019;63733712327,0301;-0,2161106;0,7648463;-1,436977;0,9692276;0,2364257;-0,0681645;-0,007382177;4;1;55;199,0195;-0,1899301;0,7721127;-1,461966;-0,2789934;0,766403;-1,719623;0,12144;0,7707924;-1,753606;
00001;019;63733712329,6352;-0,303403;0,7652596;-1,53236;0,9222658;0,2252643;-0,3105423;0,04738639;1;1;56;201,6242;-0,2815266;0,7710912;-1,521836;-0,2789934;0,766403;-1,719623;0,12144;0,7707924;-1,753606;
00001;019;63733712332,3186;-0,3107783;0,7644372;-1,429945;0,9387773;0,2226502;-0,2610084;0,03160107;2;1;57;204,3073;-0,2824663;0,7710491;-1,446842;-0,2789934;0,766403;-1,719623;0,12144;0,7707924;-1,753606;
00001;019;63733712334,9276;-0,1255109;0,7657104;-1,478322;0,9625048;0,233699;-0,1374812;0,008259792;5;1;58;206,9162;-0,1081472;0,7730663;-1,507829;-0,2789934;0,766403;-1,719623;0,12144;0,7707924;-1,753606;
00001;019;63733712338,2993;-0,0672297;0,767014;-1,583041;0,9729437;0,2233036;0,05304427;-0,02650372;6;1;59;210,2887;-0,04698157;0,7737951;-1,5789;-0,2789934;0,766403;-1,719623;0,12144;0,7707924;-1,753606;
00001;019;63733712341,5098;-0,2184509;0,7653294;-1,419702;0,9610401;0,2352093;-0,1448103;0,01041715;4;1;60;213,4985;-0,1899301;0,7721127;-1,461966;-0,2789934;0,766403;-1,719623;0,12144;0,7707924;-1,753606;
00001;019;63733712344,0842;-0,2997957;0,7666692;-1,605024;0,8813677;0,2244486;-0,4088717;0,07508449;0;1;61;216,0731;-0,2805868;0,7711335;-1,59683;-0,2789934;0,766403;-1,719623;0,12144;0,7707924;-1,753606;
00001;019;63733712348,1848;-0,3238713;0,764694;-1,392784;0,969645;0,2395875;0,04438198;-0,0204146;3;1;62;220,1736;-0,283406;0,7710068;-1,371848;-0,2789934;0,766403;-1,719623;0,12144;0,7707924;-1,753606;
00001;019;63733712351,2664;-0,3042672;0,765635;-1,53428;0,9192212;0,2365346;-0,3108562;0,04952069;1;1;63;223,2556;-0,2815266;0,7710912;-1,521836;-0,2789934;0,766403;-1,719623;0,12144;0,7707924;-1,753606;
00001;019;63733712353,4337;-0,2942019;0,7661587;-1,609487;0,8802598;0,2131102;-0,4165824;0,07865112;0;1;64;225,4225;-0,2805868;0,7711335;-1,59683;-0,2789934;0,766403;-1,719623;0,12144;0,7707924;-1,753606;
00001;019;63733712355,8368;-0,1452186;0,7657076;-1,475131;0,9620938;0,2310408;-0,1444998;0,01073854;5;1;65;227,8262;-0,1081472;0,7730663;-1,507829;-0,2789934;0,766403;-1,719623;0,12144;0,7707924;-1,753606;
00001;019;63733712359,1551;-0,08084991;0,7669917;-1,587552;0,97139;0,2273513;0,06198399;-0,02950905;6;1;66;231,1436;-0,04698157;0,7737951;-1,5789;-0,2789934;0,766403;-1,719623;0,12144;0,7707924;-1,753606;
00001;019;63733712361,476;-0,2178618;0,7647628;-1,464402;0,9711595;0,2318496;-0,05504439;-0,008072994;4;1;67;233,4651;-0,1899301;0,7721127;-1,461966;-0,2789934;0,766403;-1,719623;0,12144;0,7707924;-1,753606;
00001;019;63733712363,8727;-0,3078976;0,7651607;-1,514877;0,9370106;0,2238707;-0,2657272;0,03580579;1;1;68;235,8615;-0,2815266;0,7710912;-1,521836;-0,2789934;0,766403;-1,719623;0,12144;0,7707924;-1,753606;
00001;019;63733712367,4633;-0,3141358;0,7648903;-1,366066;0,9632597;0,2285805;0,1247872;-0,06564884;3;1;69;239,452;-0,283406;0,7710068;-1,371848;-0,2789934;0,766403;-1,719623;0,12144;0,7707924;-1,753606;
00001;019;63733712370,0438;-0,3061291;0,7644972;-1,44401;0,9694784;0,2221269;-0,1037149;0,00382795;2;1;70;242,0325;-0,2824663;0,7710491;-1,446842;-0,2789934;0,766403;-1,719623;0,12144;0,7707924;-1,753606;
00001;019;63733712372,0573;-0,2991024;0,7660639;-1,603021;0,9317249;0,2135268;-0,2902824;0,04506965;0;1;71;244,0467;-0,2805868;0,7711335;-1,59683;-0,2789934;0,766403;-1,719623;0,12144;0,7707924;-1,753606;
00001;019;63733712374,4794;-0,07363523;0,7670916;-1,559662;0,9731427;0,2256844;-0,04441807;-0,009321434;6;1;72;246,4679;-0,04698157;0,7737951;-1,5789;-0,2789934;0,766403;-1,719623;0,12144;0,7707924;-1,753606;
00001;019;63733712377,2717;-0,3371816;0,7646407;-1,396133;0,9651629;0,2331848;0,1001713;-0,06364928;3;1;73;249,2608;-0,283406;0,7710068;-1,371848;-0,2789934;0,766403;-1,719623;0,12144;0,7707924;-1,753606;
00001;019;63733712379,773;-0,2100011;0,7643499;-1,418433;0,9743629;0,2198884;-0,04747203;-0,003552272;4;1;74;251,762;-0,1899301;0,7721127;-1,461966;-0,2789934;0,766403;-1,719623;0,12144;0,7707924;-1,753606;
00001;019;63733712382,6392;-0,1333414;0,7654226;-1,482137;0,9640414;0,2335919;-0,1264902;0,007702344;5;1;75;254,6279;-0,1081472;0,7730663;-1,507829;-0,2789934;0,766403;-1,719623;0,12144;0,7707924;-1,753606;
00001;019;63733712385,3729;-0,3157803;0,7644236;-1,43468;0,9720102;0,2344484;-0,009373376;-0,0119278;2;1;76;257,3621;-0,2824663;0,7710491;-1,446842;-0,2789934;0,766403;-1,719623;0,12144;0,7707924;-1,753606;
00001;019;63733712387,9899;-0,3125547;0,7651675;-1,523831;0,9386224;0,2223651;-0,2614634;0,03432975;1;1;77;259,9788;-0,2815266;0,7710912;-1,521836;-0,2789934;0,766403;-1,719623;0,12144;0,7707924;-1,753606;
00001;019;63733712390,8864;-0,3266496;0,7641674;-1,355042;-0,9784188;-0,2051865;-0,02245793;0,00953741;3;1;78;262,8751;-0,283406;0,7710068;-1,371848;-0,2789934;0,766403;-1,719623;0,12144;0,7707924;-1,753606;
00001;019;63733712392,9613;-0,14891;0,765802;-1,489263;-0,9603265;-0,2386779;0,143824;-0,01098278;5;1;79;264,9506;-0,1081472;0,7730663;-1,507829;-0,2789934;0,766403;-1,719623;0,12144;0,7707924;-1,753606;
00001;019;63733712396,1807;-0,3229293;0,7638513;-1,429316;-0,9710275;-0,23494;-0,04221186;0,01127088;2;1;80;268,1698;-0,2824663;0,7710491;-1,446842;-0,2789934;0,766403;-1,719623;0,12144;0,7707924;-1,753606;
00001;019;63733712399,0722;-0,06821172;0,7673485;-1,586158;-0,9734664;-0,2175841;-0,06335164;0,03173341;6;1;81;271,0615;-0,04698157;0,7737951;-1,5789;-0,2789934;0,766403;-1,719623;0,12144;0,7707924;-1,753606;
00001;019;63733712402,76;-0,2302637;0,7647585;-1,449106;-0,9665532;-0,2290856;0,1151139;-0,006594094;4;1;82;274,7486;-0,1899301;0,7721127;-1,461966;-0,2789934;0,766403;-1,719623;0,12144;0,7707924;-1,753606;
00001;019;63733712404,9875;-0,3086253;0,7658513;-1,607809;-0,9054036;-0,2142803;0,3612016;-0,06214174;0;1;83;276,9763;-0,2805868;0,7711335;-1,59683;-0,2789934;0,766403;-1,719623;0,12144;0,7707924;-1,753606;
00001;019;63733712408,3388;-0,3010486;0,7646048;-1,538164;-0,9220043;-0,2177895;0,3153756;-0,05490198;1;1;84;280,3278;-0,2815266;0,7710912;-1,521836;-0,2789934;0,766403;-1,719623;0,12144;0,7707924;-1,753606;
00001;019;63733712411,0591;-0,2130578;0,7640923;-1,429382;-0,9461772;-0,2229476;0,2311388;-0,04022301;4;1;85;283,0482;-0,1899301;0,7721127;-1,461966;-0,2789934;0,766403;-1,719623;0,12144;0,7707924;-1,753606;
00001;019;63733712413,8402;-0,3069893;0,7650895;-1,53209;-0,9412438;-0,2172158;0,2569298;-0,02940213;1;1;86;285,8291;-0,2815266;0,7710912;-1,521836;-0,2789934;0,766403;-1,719623;0,12144;0,7707924;-1,753606;
00001;019;63733712415,985;-0,298507;0,7660787;-1,621691;-0,9099795;-0,2186567;0,3479811;-0,05509805;0;1;87;287,9741;-0,2805868;0,7711335;-1,59683;-0,2789934;0,766403;-1,719623;0,12144;0,7707924;-1,753606;
00001;019;63733712418,8188;-0,03842067;0,7674875;-1,577483;-0,9737418;-0,2254395;-0,02367255;0,0210594;6;1;88;290,8079;-0,04698157;0,7737951;-1,5789;-0,2789934;0,766403;-1,719623;0,12144;0,7707924;-1,753606;
00001;019;63733712421,7182;-0,3329491;0,7635906;-1,39499;-0,9772393;-0,2113483;-0,006246417;0,01720968;3;1;89;293,7068;-0,283406;0,7710068;-1,371848;-0,2789934;0,766403;-1,719623;0,12144;0,7707924;-1,753606;
00001;019;63733712425,1439;-0,1404205;0,7658789;-1,499377;-0,9689898;-0,2348414;0,07673983;0,004401854;5;1;90;297,1331;-0,1081472;0,7730663;-1,507829;-0,2789934;0,766403;-1,719623;0,12144;0,7707924;-1,753606;
00001;019;63733712428,1277;-0,3054259;0,7643952;-1,447453;-0,9678038;-0,231655;0,09843823;-0,001297494;2;1;91;300,1165;-0,2824663;0,7710491;-1,446842;-0,2789934;0,766403;-1,719623;0,12144;0,7707924;-1,753606;
00001;019;63733712431,1124;-0,2950453;0,7650439;-1,508243;-0,9564232;-0,2275602;0,1824084;-0,01407405;1;1;92;303,1014;-0,2815266;0,7710912;-1,521836;-0,2789934;0,766403;-1,719623;0,12144;0,7707924;-1,753606;
00001;019;63733712433,8456;-0,06772409;0,7679846;-1,594552;-0,9699687;-0,2403735;-0,02625892;0,02630198;6;1;93;305,8343;-0,04698157;0,7737951;-1,5789;-0,2789934;0,766403;-1,719623;0,12144;0,7707924;-1,753606;
00001;019;63733712436,7824;-0,1379138;0,7662728;-1,501107;0,9643331;0,248203;-0,09196147;0,0003689014;5;1;94;308,7712;-0,1081472;0,7730663;-1,507829;-0,2789934;0,766403;-1,719623;0,12144;0,7707924;-1,753606;
00001;019;63733712439,2382;-0,296096;0,7661831;-1,610922;0,9178565;0,2266283;-0,3218574;0,05086265;0;1;95;311,2275;-0,2805868;0,7711335;-1,59683;-0,2789934;0,766403;-1,719623;0,12144;0,7707924;-1,753606;
00001;019;63733712441,7404;-0,2130509;0,7647492;-1,442611;0,9619074;0,2273408;-0,1513877;0,01149509;4;1;96;313,7292;-0,1899301;0,7721127;-1,461966;-0,2789934;0,766403;-1,719623;0,12144;0,7707924;-1,753606;
00001;019;63733712444,3657;-0,3152269;0,7648488;-1,435896;0,9596128;0,2272044;-0,165455;0,01208456;2;1;97;316,3542;-0,2824663;0,7710491;-1,446842;-0,2789934;0,766403;-1,719623;0,12144;0,7707924;-1,753606;
00001;019;63733712446,8913;-0,3139099;0,7641131;-1,344487;0,971498;0,2242555;-0,07678513;0,002311367;3;1;98;318,8803;-0,283406;0,7710068;-1,371848;-0,2789934;0,766403;-1,719623;0,12144;0,7707924;-1,753606;
00001;019;63733712449,8387;-0,212446;0,7649179;-1,448156;0,9571388;0,2310063;-0,1739286;0,01644221;4;1;99;321,8276;-0,1899301;0,7721127;-1,461966;-0,2789934;0,766403;-1,719623;0,12144;0,7707924;-1,753606;
00001;019;63733712452,3895;-0,3069453;0,7649824;-1,542138;0,9207614;0,2203057;-0,3185049;0,04710144;1;1;100;324,3789;-0,2815266;0,7710912;-1,521836;-0,2789934;0,766403;-1,719623;0,12144;0,7707924;-1,753606;
00001;019;63733712454,9423;-0,1385776;0,7665941;-1,478831;0,9556177;0,2618067;-0,1350892;0,001745408;5;1;101;326,9314;-0,1081472;0,7730663;-1,507829;-0,2789934;0,766403;-1,719623;0,12144;0,7707924;-1,753606;
00001;019;63733712457,6994;-0,06197327;0,7670442;-1,57265;0,9710296;0,2211595;0,08418079;-0,03322126;6;1;102;329,6887;-0,04698157;0,7737951;-1,5789;-0,2789934;0,766403;-1,719623;0,12144;0,7707924;-1,753606;
00001;019;63733712460,1036;-0,3187153;0,7651803;-1,41753;0,9578439;0,2133665;-0,191133;0,02186573;2;1;103;332,093;-0,2824663;0,7710491;-1,446842;-0,2789934;0,766403;-1,719623;0,12144;0,7707924;-1,753606;
00001;019;63733712462,6772;-0,3056438;0,7657996;-1,610416;0,9223751;0,2102314;-0,3206424;0,04706893;0;1;104;334,6664;-0,2805868;0,7711335;-1,59683;-0,2789934;0,766403;-1,719623;0,12144;0,7707924;-1,753606;
00001;019;63733712465,1589;-0,3351406;0,7644472;-1,400162;0,9735973;0,217232;0,06580746;-0,02424682;3;1;105;337,1482;-0,283406;0,7710068;-1,371848;-0,2789934;0,766403;-1,719623;0,12144;0,7707924;-1,753606;
00001;019;63733712467,4915;-0,1389445;0,7656949;-1,491779;0,9601614;0,234402;-0,1515578;0,01326476;5;1;106;339,4806;-0,1081472;0,7730663;-1,507829;-0,2789934;0,766403;-1,719623;0,12144;0,7707924;-1,753606;
00001;019;63733712469,9155;-0,303983;0,7659642;-1,596618;0,9418733;0,1961529;-0,2703335;0,03631236;0;1;107;341,9044;-0,2805868;0,7711335;-1,59683;-0,2789934;0,766403;-1,719623;0,12144;0,7707924;-1,753606;
00001;019;63733712472,5531;-0,3149178;0,7641973;-1,4389;0,9667221;0,2264542;-0,1189178;0,00503972;2;1;108;344,5426;-0,2824663;0,7710491;-1,446842;-0,2789934;0,766403;-1,719623;0,12144;0,7707924;-1,753606;
00001;019;63733712475,2284;-0,07235271;0,7667841;-1,552075;0,9742386;0,2232912;-0,02785796;-0,01497685;6;1;109;347,2178;-0,04698157;0,7737951;-1,5789;-0,2789934;0,766403;-1,719623;0,12144;0,7707924;-1,753606;
00001;019;63733712477,7759;-0,3084622;0,764962;-1,489326;0,9578321;0,2168455;-0,1878584;0,01565379;1;1;110;349,7647;-0,2815266;0,7710912;-1,521836;-0,2789934;0,766403;-1,719623;0,12144;0,7707924;-1,753606;
00001;019;63733712480,134;-0,2128829;0,7647715;-1,412211;0,9649942;0,2298526;-0,126196;0,005344394;4;1;111;352,1226;-0,1899301;0,7721127;-1,461966;-0,2789934;0,766403;-1,719623;0,12144;0,7707924;-1,753606;
00001;019;63733712483,5043;-0,3151793;0,763883;-1,389348;0,9755706;0,2170659;0,02718303;-0,02014199;3;1;112;355,4932;-0,283406;0,7710068;-1,371848;-0,2789934;0,766403;-1,719623;0,12144;0,7707924;-1,753606;
00001;019;63733712486,2882;-0,3168723;0,764579;-1,381132;0,9655929;0,1943178;-0,1709975;0,02511714;3;1;113;358,277;-0,283406;0,7710068;-1,371848;-0,2789934;0,766403;-1,719623;0,12144;0,7707924;-1,753606;
00001;019;63733712488,8648;-0,1252434;0,7658056;-1,463931;0,9711709;0,2366438;-0,02836223;-0,004742569;5;1;114;360,854;-0,1081472;0,7730663;-1,507829;-0,2789934;0,766403;-1,719623;0,12144;0,7707924;-1,753606;
00001;019;63733712491,8087;-0,3129157;0,7639264;-1,429044;0,9744685;0,2162294;-0,06032972;-0,004038462;2;1;115;363,7979;-0,2824663;0,7710491;-1,446842;-0,2789934;0,766403;-1,719623;0,12144;0,7707924;-1,753606;
00001;019;63733712494,6906;-0,2968177;0,7656608;-1,505041;0,9648538;0,1954273;-0,1719748;0,03591838;1;1;116;366,6798;-0,2815266;0,7710912;-1,521836;-0,2789934;0,766403;-1,719623;0,12144;0,7707924;-1,753606;
00001;019;63733712497,3934;-0,2170229;0,7646001;-1,443012;0,9645761;0,2275976;-0,1332509;0,006039353;4;1;117;369,3827;-0,1899301;0,7721127;-1,461966;-0,2789934;0,766403;-1,719623;0,12144;0,7707924;-1,753606;
00001;019;63733712500,0603;-0,08123142;0,7669702;-1,560105;0,9739127;0,2212291;-0,05012064;-0,006298307;6;1;118;372,0499;-0,04698157;0,7737951;-1,5789;-0,2789934;0,766403;-1,719623;0,12144;0,7707924;-1,753606;
00001;019;63733712502,6874;-0,3017246;0,7652014;-1,588498;0,9217153;0,2162636;-0,3174696;0,05370411;0;1;119;374,6764;-0,2805868;0,7711335;-1,59683;-0,2789934;0,766403;-1,719623;0,12144;0,7707924;-1,753606;
00001;019;63733712505,2422;-0,1491859;0,7658639;-1,47101;0,9664593;0,2192926;-0,1335809;0,004834259;5;1;120;377,2314;-0,1081472;0,7730663;-1,507829;-0,2789934;0,766403;-1,719623;0,12144;0,7707924;-1,753606;
00001;019;63733712507,9557;-0,2282232;0,7652267;-1,452124;0,9550213;0,2406016;-0,1726445;0,01546619;4;1;121;379,9448;-0,1899301;0,7721127;-1,461966;-0,2789934;0,766403;-1,719623;0,12144;0,7707924;-1,753606;
00001;019;63733712510,423;-0,303569;0,7651221;-1,533278;0,9138302;0,2188783;-0,3382125;0,05117685;1;1;122;382,4122;-0,2815266;0,7710912;-1,521836;-0,2789934;0,766403;-1,719623;0,12144;0,7707924;-1,753606;
00001;019;63733712512,6704;-0,2955781;0,7663957;-1,603277;0,899821;0,2027164;-0,3816815;0,05956071;0;1;123;384,6595;-0,2805868;0,7711335;-1,59683;-0,2789934;0,766403;-1,719623;0,12144;0,7707924;-1,753606;
00001;019;63733712516,0341;-0,08014116;0,7669542;-1,572304;0,9756466;0,2183411;0,0002587342;-0,0209977;6;1;124;388,023;-0,04698157;0,7737951;-1,5789;-0,2789934;0,766403;-1,719623;0,12144;0,7707924;-1,753606;
00001;019;63733712518,6691;-0,318426;0,7644681;-1,458794;0,9507626;0,2207622;-0,2162174;0,02376254;2;1;125;390,6577;-0,2824663;0,7710491;-1,446842;-0,2789934;0,766403;-1,719623;0,12144;0,7707924;-1,753606;
00001;019;63733712522,1062;-0,320317;0,7642387;-1,387831;0,97292;0,2217623;0,06167938;-0,02106797;3;1;126;394,0951;-0,283406;0,7710068;-1,371848;-0,2789934;0,766403;-1,719623;0,12144;0,7707924;-1,753606;
00001;019;63733712524,8776;-0,2342026;0,7648069;-1,443026;0,9603386;0,2285617;-0,1593069;0,01142854;4;1;127;396,8666;-0,1899301;0,7721127;-1,461966;-0,2789934;0,766403;-1,719623;0,12144;0,7707924;-1,753606;
00001;019;63733712527,5617;-0,1328541;0,7654106;-1,495863;0,9641771;0,2245481;-0,1409475;0,008631189;5;1;128;399,5506;-0,1081472;0,7730663;-1,507829;-0,2789934;0,766403;-1,719623;0,12144;0,7707924;-1,753606;
00001;019;63733712529,915;-0,3096536;0,76529;-1,515651;0,9466324;0,2298128;-0,2246582;0,02453103;1;1;129;401,9038;-0,2815266;0,7710912;-1,521836;-0,2789934;0,766403;-1,719623;0,12144;0,7707924;-1,753606;
00001;019;63733712532,1927;-0,3218895;0,7648126;-1,481941;0,9343424;0,2121538;-0,282588;0,04625207;2;1;130;404,1819;-0,2824663;0,7710491;-1,446842;-0,2789934;0,766403;-1,719623;0,12144;0,7707924;-1,753606;
00001;019;63733712534,4205;-0,3000358;0,7662128;-1,605571;0,8911527;0,2138707;-0,3945722;0,06647489;0;1;131;406,4092;-0,2805868;0,7711335;-1,59683;-0,2789934;0,766403;-1,719623;0,12144;0,7707924;-1,753606;
00001;019;63733712537,0674;-0,07643224;0,7669756;-1,586567;0,9758189;0,2124117;0,04089715;-0,03140349;6;1;132;409,056;-0,04698157;0,7737951;-1,5789;-0,2789934;0,766403;-1,719623;0,12144;0,7707924;-1,753606;
00001;019;63733712540,1071;-0,326659;0,7638631;-1,414058;0,9761376;0,2143213;0,03012749;-0,01772393;3;1;133;412,0958;-0,283406;0,7710068;-1,371848;-0,2789934;0,766403;-1,719623;0,12144;0,7707924;-1,753606;
00001;019;63733712542,8502;-0,2279429;0,7650651;-1,436821;0,9724588;0,2251173;-0,05876061;-0,01390837;4;1;134;414,8395;-0,1899301;0,7721127;-1,461966;-0,2789934;0,766403;-1,719623;0,12144;0,7707924;-1,753606;
00001;019;63733712545,7247;-0,3080409;0,7647024;-1,452504;0,959718;0,2329471;-0,1570382;0,004017116;2;1;135;417,7133;-0,2824663;0,7710491;-1,446842;-0,2789934;0,766403;-1,719623;0,12144;0,7707924;-1,753606;
00001;019;63733712548,4861;-0,1380963;0,7656147;-1,502986;0,9653;0,2239224;-0,1341297;0,007997462;5;1;136;420,4751;-0,1081472;0,7730663;-1,507829;-0,2789934;0,766403;-1,719623;0,12144;0,7707924;-1,753606;
00001;019;63733712550,8019;-0,3077114;0,7657843;-1,610007;0,9137492;0,2142736;-0,3412441;0,05197924;0;1;137;422,7912;-0,2805868;0,7711335;-1,59683;-0,2789934;0,766403;-1,719623;0,12144;0,7707924;-1,753606;
00001;019;63733712553,4561;-0,3156234;0,7645831;-1,523535;0,9115021;0,2156178;-0,3454718;0,05763976;1;1;138;425,4454;-0,2815266;0,7710912;-1,521836;-0,2789934;0,766403;-1,719623;0,12144;0,7707924;-1,753606;
00001;019;63733712557,5144;-0,3289635;0,7635981;-1,39303;0,9776446;0,2059322;0,03533509;-0,02354626;3;1;139;429,5034;-0,283406;0,7710068;-1,371848;-0,2789934;0,766403;-1,719623;0,12144;0,7707924;-1,753606;
00001;019;63733712561,1676;-0,07392359;0,7669804;-1,59402;0,9743912;0,2080529;0,08112773;-0,02634691;6;1;140;433,1566;-0,04698157;0,7737951;-1,5789;-0,2789934;0,766403;-1,719623;0,12144;0,7707924;-1,753606;
00001;019;63733712808,7332;-0,2880912;0,7634486;-1,396073;-0,9799493;-0,1513314;0,1273046;0,02432628;3;2;1;26,84757;-0,2828498;0,769284;-1,36969;-0,2777519;0,7642441;-1,71745;0,122716;0,7707401;-1,750681;
00001;019;63733712813,1918;-0,0992441;0,7652143;-1,48588;-0,9688911;-0,1541408;-0,1880646;0,04606951;5;2;2;31,30552;-0,1073466;0,7721054;-1,505343;-0,2777519;0,7642441;-1,71745;0,122716;0,7707401;-1,750681;
00001;019;63733712816,5825;-0,296631;0,7635665;-1,448087;-0,9841939;-0,1701983;0,04359605;0,02223733;2;2;3;34,69619;-0,2817679;0,7692322;-1,444682;-0,2777519;0,7642441;-1,71745;0,122716;0,7707401;-1,750681;
00001;019;63733712820,4854;-0,03762189;0,7668127;-1,584836;-0,9222938;-0,1599954;-0,3435017;0,07603966;6;2;4;38,5993;-0,04605085;0,7730687;-1,576298;-0,2777519;0,7642441;-1,71745;0,122716;0,7707401;-1,750681;
00001;019;63733712824,0941;-0,184963;0,7640106;-1,445714;-0,9809801;-0,1526745;-0,1138958;0,03736771;4;2;5;42,20812;-0,1892101;0,770773;-1,459633;-0,2777519;0,7642441;-1,71745;0,122716;0,7707401;-1,750681;
00001;019;63733712826,5724;-0,2897458;0,7655108;-1,615671;-0,9743195;-0,161733;-0,150496;0,04353222;0;2;6;44,68621;-0,279604;0,7691283;-1,594667;-0,2777519;0,7642441;-1,71745;0,122716;0,7707401;-1,750681;
00001;019;63733712829,4099;-0,2976203;0,7646489;-1,523878;-0,9843658;-0,1648076;-0,05472675;0,02945375;1;2;7;47,52408;-0,2806859;0,7691802;-1,519675;-0,2777519;0,7642441;-1,71745;0,122716;0,7707401;-1,750681;
00001;019;63733712833,4199;-0,1140335;0,7652493;-1,485754;-0,9787785;-0,1653238;-0,1156523;0,03585023;5;2;8;51,5341;-0,1073466;0,7721054;-1,505343;-0,2777519;0,7642441;-1,71745;0,122716;0,7707401;-1,750681;
00001;019;63733712836,0434;-0,289429;0,7634287;-1,427022;-0,9848586;-0,1657026;-0,03904262;0,03274265;2;2;9;54,15721;-0,2817679;0,7692322;-1,444682;-0,2777519;0,7642441;-1,71745;0,122716;0,7707401;-1,750681;
00001;019;63733712838,6009;-0,2928794;0,7644616;-1,518442;-0,9848978;-0,1618148;-0,05330716;0,03083287;1;2;10;56,71458;-0,2806859;0,7691802;-1,519675;-0,2777519;0,7642441;-1,71745;0,122716;0,7707401;-1,750681;
00001;019;63733712840,7571;-0,2901123;0,7651491;-1,599755;-0,9824507;-0,1668537;-0,07600635;0,03425702;0;2;11;58,87115;-0,279604;0,7691283;-1,594667;-0,2777519;0,7642441;-1,71745;0,122716;0,7707401;-1,750681;
00001;019;63733712843,6574;-0,1940258;0,7643954;-1,456551;-0,9847431;-0,1607632;-0,05954071;0,02985243;4;2;12;61,77133;-0,1892101;0,770773;-1,459633;-0,2777519;0,7642441;-1,71745;0,122716;0,7707401;-1,750681;
00001;019;63733712846,2539;-0,05684081;0,766411;-1,573272;-0,9389365;-0,1500862;-0,3033229;0,06219147;6;2;13;64,36803;-0,04605085;0,7730687;-1,576298;-0,2777519;0,7642441;-1,71745;0,122716;0,7707401;-1,750681;
00001;019;63733712849,4355;-0,2778806;0,7644992;-1,382221;-0,9794884;-0,1903306;0,06550197;0,009287982;3;2;14;67,54932;-0,2828498;0,769284;-1,36969;-0,2777519;0,7642441;-1,71745;0,122716;0,7707401;-1,750681;
00001;019;63733712852,1359;-0,2888281;0,7640496;-1,424012;-0,98559;-0,1622541;0,04524768;0,01544869;2;2;15;70,25;-0,2817679;0,7692322;-1,444682;-0,2777519;0,7642441;-1,71745;0,122716;0,7707401;-1,750681;
00001;019;63733712854,4464;-0,29153;0,7654296;-1,589908;-0,9858632;-0,1629721;-0,03069425;0,02391187;0;2;16;72,56073;-0,279604;0,7691283;-1,594667;-0,2777519;0,7642441;-1,71745;0,122716;0,7707401;-1,750681;
00001;019;63733712857,9605;-0,1911279;0,7641968;-1,444699;-0,9761772;-0,1537151;-0,1470824;0,04262265;4;2;17;76,07395;-0,1892101;0,770773;-1,459633;-0,2777519;0,7642441;-1,71745;0,122716;0,7707401;-1,750681;
00001;019;63733712861,3837;-0,3039586;0,7635257;-1,361242;-0,9829763;-0,1615785;0,08642413;0,01345223;3;2;18;79,498;-0,2828498;0,769284;-1,36969;-0,2777519;0,7642441;-1,71745;0,122716;0,7707401;-1,750681;
00001;019;63733712863,9025;-0,1095838;0,7656581;-1,490681;-0,9705689;-0,1624558;-0,1728123;0,04171576;5;2;19;82,01635;-0,1073466;0,7721054;-1,505343;-0,2777519;0,7642441;-1,71745;0,122716;0,7707401;-1,750681;
00001;019;63733712866,696;-0,03727286;0,7667752;-1,578578;-0,8997488;-0,1513418;-0,3991133;0,09086452;6;2;20;84,80958;-0,04605085;0,7730687;-1,576298;-0,2777519;0,7642441;-1,71745;0,122716;0,7707401;-1,750681;
00001;019;63733712869,5988;-0,2752929;0,7642293;-1,508621;-0,9828557;-0,1561401;-0,09319159;0,03050212;1;2;21;87,71243;-0,2806859;0,7691802;-1,519675;-0,2777519;0,7642441;-1,71745;0,122716;0,7707401;-1,750681;
00001;019;63733712872,2647;-0,2810425;0,7638352;-1,388439;-0,9780429;-0,1792302;0,1055633;0,01284274;3;2;22;90,37901;-0,2828498;0,769284;-1,36969;-0,2777519;0,7642441;-1,71745;0,122716;0,7707401;-1,750681;
00001;019;63733712875,1496;-0,1709186;0,7646774;-1,458283;-0,9728497;-0,1474019;-0,1732913;0,04250143;4;2;23;93,2635;-0,1892101;0,770773;-1,459633;-0,2777519;0,7642441;-1,71745;0,122716;0,7707401;-1,750681;
00001;019;63733712877,8732;-0,2934924;0,7644759;-1,522339;-0,9856271;-0,1551763;-0,05715575;0,03453992;1;2;24;95,9872;-0,2806859;0,7691802;-1,519675;-0,2777519;0,7642441;-1,71745;0,122716;0,7707401;-1,750681;
00001;019;63733712881,2996;-0,2843739;0,7639801;-1,429824;-0,987431;-0,1564355;-0,006734868;0,02150908;2;2;25;99,41317;-0,2817679;0,7692322;-1,444682;-0,2777519;0,7642441;-1,71745;0,122716;0,7707401;-1,750681;
00001;019;63733712884,0274;-0,2774893;0,7653584;-1,586425;-0,9837906;-0,1635133;-0,06702971;0,0304403;0;2;26;102,1416;-0,279604;0,7691283;-1,594667;-0,2777519;0,7642441;-1,71745;0,122716;0,7707401;-1,750681;
00001;019;63733712886,7753;-0,03659463;0,7666437;-1,585467;-0,9082683;-0,1477051;-0,3819035;0,08591732;6;2;27;104,8897;-0,04605085;0,7730687;-1,576298;-0,2777519;0,7642441;-1,71745;0,122716;0,7707401;-1,750681;
00001;019;63733712889,4702;-0,09990013;0,7652258;-1,500644;-0,9317524;-0,1487518;-0,3253088;0,06232642;5;2;28;107,5839;-0,1073466;0,7721054;-1,505343;-0,2777519;0,7642441;-1,71745;0,122716;0,7707401;-1,750681;
00001;019;63733712892,4712;-0,2838069;0,7632635;-1,435744;-0,9859498;-0,1644889;0,01182089;0,02658572;2;2;29;110,5853;-0,2817679;0,7692322;-1,444682;-0,2777519;0,7642441;-1,71745;0,122716;0,7707401;-1,750681;
00001;019;63733712895,5127;-0,03291085;0,7663477;-1,57105;-0,8977867;-0,1401391;-0,4082109;0,08777212;6;2;30;113,6263;-0,04605085;0,7730687;-1,576298;-0,2777519;0,7642441;-1,71745;0,122716;0,7707401;-1,750681;
00001;019;63733712898,346;-0,1789448;0,7644461;-1,453977;-0,958232;-0,1491338;-0,2381538;0,05322937;4;2;31;116,4597;-0,1892101;0,770773;-1,459633;-0,2777519;0,7642441;-1,71745;0,122716;0,7707401;-1,750681;
00001;019;63733712900,8959;-0,2674081;0,7660441;-1,613889;-0,9639204;-0,1763672;-0,1935953;0,04767535;0;2;32;119,01;-0,279604;0,7691283;-1,594667;-0,2777519;0,7642441;-1,71745;0,122716;0,7707401;-1,750681;
00001;019;63733712903,4075;-0,2783868;0,7651373;-1,545435;-0,9664528;-0,172767;-0,1835938;0,049131;1;2;33;121,521;-0,2806859;0,7691802;-1,519675;-0,2777519;0,7642441;-1,71745;0,122716;0,7707401;-1,750681;
00001;019;63733712905,8882;-0,1016247;0,7651979;-1,518057;-0,945674;-0,1483127;-0,2827959;0,0610784;5;2;34;124,0022;-0,1073466;0,7721054;-1,505343;-0,2777519;0,7642441;-1,71745;0,122716;0,7707401;-1,750681;
00001;019;63733712910,3665;-0,2895697;0,7641261;-1,377327;-0,9808806;-0,1611196;0,1088102;0,008614572;3;2;35;128,4804;-0,2828498;0,769284;-1,36969;-0,2777519;0,7642441;-1,71745;0,122716;0,7707401;-1,750681;
00001;019;63733712913,2152;-0,2904312;0,7649973;-1,536421;-0,986173;-0,1598114;-0,03585123;0,02525665;1;2;36;131,3293;-0,2806859;0,7691802;-1,519675;-0,2777519;0,7642441;-1,71745;0,122716;0,7707401;-1,750681;
00001;019;63733712915,7943;-0,03400967;0,7673684;-1,58063;-0,8913701;-0,1519885;-0,4168815;0,09256759;6;2;37;133,9086;-0,04605085;0,7730687;-1,576298;-0,2777519;0,7642441;-1,71745;0,122716;0,7707401;-1,750681;
00001;019;63733712918,5994;-0,266033;0,7641575;-1,395373;-0,9815289;-0,1832625;0,05124509;0,01974778;3;2;38;136,713;-0,2828498;0,769284;-1,36969;-0,2777519;0,7642441;-1,71745;0,122716;0,7707401;-1,750681;
00001;019;63733712921,3765;-0,286604;0,7653382;-1,599364;-0,982515;-0,1835272;-0,0162972;0,02676922;0;2;39;139,4905;-0,279604;0,7691283;-1,594667;-0,2777519;0,7642441;-1,71745;0,122716;0,7707401;-1,750681;
00001;019;63733712923,9615;-0,1143945;0,7651159;-1,504219;-0,9445855;-0,1528342;-0,2836994;0,06256705;5;2;40;142,0755;-0,1073466;0,7721054;-1,505343;-0,2777519;0,7642441;-1,71745;0,122716;0,7707401;-1,750681;
00001;019;63733712926,8754;-0,179421;0,7643241;-1,440123;-0,9719924;-0,1553413;-0,1702725;0,04590448;4;2;41;144,9896;-0,1892101;0,770773;-1,459633;-0,2777519;0,7642441;-1,71745;0,122716;0,7707401;-1,750681;
00001;019;63733712929,2156;-0,279869;0,7639186;-1,413296;-0,9869013;-0,159333;0,0138973;0,02111373;2;2;42;147,3293;-0,2817679;0,7692322;-1,444682;-0,2777519;0,7642441;-1,71745;0,122716;0,7707401;-1,750681;
00001;019;63733712931,8116;-0,1767933;0,7639191;-1,435158;-0,9831409;-0,1578167;-0,08526032;0,03547428;4;2;43;149,9258;-0,1892101;0,770773;-1,459633;-0,2777519;0,7642441;-1,71745;0,122716;0,7707401;-1,750681;
00001;019;63733712934,7385;-0,2941771;0,7630894;-1,416529;0,9860802;0,1637394;0,005593737;-0,02835305;2;2;44;152,8525;-0,2817679;0,7692322;-1,444682;-0,2777519;0,7642441;-1,71745;0,122716;0,7707401;-1,750681;
00001;019;63733712937,2311;-0,0154992;0,7676497;-1,577051;0,8829849;0,1285885;0,4435884;-0,08385772;6;2;45;155,3446;-0,04605085;0,7730687;-1,576298;-0,2777519;0,7642441;-1,71745;0,122716;0,7707401;-1,750681;
00001;019;63733712940,1337;-0,2840864;0,7632467;-1,380051;0,9851611;0,1675258;0,01760745;-0,03290264;3;2;46;158,248;-0,2828498;0,769284;-1,36969;-0,2777519;0,7642441;-1,71745;0,122716;0,7707401;-1,750681;
00001;019;63733712942,511;-0,2861271;0,7641549;-1,512938;0,9793066;0,1533142;0,126499;-0,03809686;1;2;47;160,6253;-0,2806859;0,7691802;-1,519675;-0,2777519;0,7642441;-1,71745;0,122716;0,7707401;-1,750681;
00001;019;63733712945,0254;-0,08269103;0,76519;-1,498099;0,9530786;0,1463869;0,2589511;-0,05618251;5;2;48;163,139;-0,1073466;0,7721054;-1,505343;-0,2777519;0,7642441;-1,71745;0,122716;0,7707401;-1,750681;
00001;019;63733712947,7813;-0,2782398;0,7651932;-1,600193;0,9497925;0,1554649;0,2638152;-0,06423825;0;2;49;165,8954;-0,279604;0,7691283;-1,594667;-0,2777519;0,7642441;-1,71745;0,122716;0,7707401;-1,750681;
00001;019;63733712951,0663;-0,2812323;0,7637;-1,449072;0,976779;0,1496738;0,1464116;-0,04543307;2;2;50;169,1806;-0,2817679;0,7692322;-1,444682;-0,2777519;0,7642441;-1,71745;0,122716;0,7707401;-1,750681;
00001;019;63733712953,412;-0,2826004;0,7643412;-1,52762;0,964492;0,1535357;0,2082611;-0,05300435;1;2;51;171,5261;-0,2806859;0,7691802;-1,519675;-0,2777519;0,7642441;-1,71745;0,122716;0,7707401;-1,750681;
00001;019;63733712956,3266;-0,2830229;0,7635635;-1,391321;0,9879095;0,1514691;-0,02898402;-0,01587119;3;2;52;174,4406;-0,2828498;0,769284;-1,36969;-0,2777519;0,7642441;-1,71745;0,122716;0,7707401;-1,750681;
00001;019;63733712958,7952;-0,2745393;0,7651396;-1,58704;0,9737329;0,1556859;0,16036;-0,04348451;0;2;53;176,9095;-0,279604;0,7691283;-1,594667;-0,2777519;0,7642441;-1,71745;0,122716;0,7707401;-1,750681;
00001;019;63733712961,3503;-0,007046943;0,7664896;-1,575873;0,8635314;0,1338253;0,4744142;-0,1064686;6;2;54;179,4646;-0,04605085;0,7730687;-1,576298;-0,2777519;0,7642441;-1,71745;0,122716;0,7707401;-1,750681;
00001;019;63733712964,8613;-0,1680632;0,7643084;-1,445367;0,9634415;0,1555546;0,2140843;-0,04184732;4;2;55;182,9754;-0,1892101;0,770773;-1,459633;-0,2777519;0,7642441;-1,71745;0,122716;0,7707401;-1,750681;
00001;019;63733712967,0952;-0,08875306;0,7651863;-1,517681;0,9238199;0,1435387;0,3478697;-0,07028665;5;2;56;185,2091;-0,1073466;0,7721054;-1,505343;-0,2777519;0,7642441;-1,71745;0,122716;0,7707401;-1,750681;
00001;019;63733712969,8254;-0,2899711;0,7631093;-1,398387;0,9840522;0,1610958;-0,07199161;-0,0225073;3;2;57;187,9395;-0,2828498;0,769284;-1,36969;-0,2777519;0,7642441;-1,71745;0,122716;0,7707401;-1,750681;
00001;019;63733712972,4849;-0,09472509;0,7652143;-1,510201;0,9424416;0,1448521;0,2950081;-0,06157911;5;2;58;190,5987;-0,1073466;0,7721054;-1,505343;-0,2777519;0,7642441;-1,71745;0,122716;0,7707401;-1,750681;
00001;019;63733712975,2653;-0,1876918;0,7644634;-1,444171;0,9702148;0,1580136;0,1773167;-0,04768524;4;2;59;193,3788;-0,1892101;0,770773;-1,459633;-0,2777519;0,7642441;-1,71745;0,122716;0,7707401;-1,750681;
00001;019;63733712978,2893;-0,009470517;0,766975;-1,611911;0,8452219;0,1368478;0,5025432;-0,1196788;6;2;60;196,4028;-0,04605085;0,7730687;-1,576298;-0,2777519;0,7642441;-1,71745;0,122716;0,7707401;-1,750681;
00001;019;63733712980,5955;-0,2745001;0,7649927;-1,583849;0,9465099;0,1488372;0,2795207;-0,06192508;0;2;61;198,7098;-0,279604;0,7691283;-1,594667;-0,2777519;0,7642441;-1,71745;0,122716;0,7707401;-1,750681;
00001;019;63733712982,8094;-0,2572755;0,7640896;-1,432863;0,9742018;0,1453612;0,1684941;-0,03756203;2;2;62;200,9233;-0,2817679;0,7692322;-1,444682;-0,2777519;0,7642441;-1,71745;0,122716;0,7707401;-1,750681;
00001;019;63733712985,7288;-0,2711627;0,7646421;-1,529571;0,9467162;0,1545191;0,2754483;-0,06309208;1;2;63;203,8426;-0,2806859;0,7691802;-1,519675;-0,2777519;0,7642441;-1,71745;0,122716;0,7707401;-1,750681;
00001;019;63733712987,7256;-0,2769442;0,7641676;-1,439128;0,977141;0,1547177;0,1398567;-0,04120506;2;2;64;205,8399;-0,2817679;0,7692322;-1,444682;-0,2777519;0,7642441;-1,71745;0,122716;0,7707401;-1,750681;
00001;019;63733712990,3628;-0,0002660134;0,7678963;-1,591516;0,8814857;0,1271873;0,4468939;-0,08421596;6;2;65;208,4768;-0,04605085;0,7730687;-1,576298;-0,2777519;0,7642441;-1,71745;0,122716;0,7707401;-1,750681;
00001;019;63733712992,7743;-0,08840454;0,7651479;-1,492744;0,9016731;0,139681;0,3999035;-0,08690248;5;2;66;210,8881;-0,1073466;0,7721054;-1,505343;-0,2777519;0,7642441;-1,71745;0,122716;0,7707401;-1,750681;
00001;019;63733712995,0362;-0,2691873;0,7649317;-1,613695;0,910423;0,1426046;0,3799289;-0,08029889;0;2;67;213,1502;-0,279604;0,7691283;-1,594667;-0,2777519;0,7642441;-1,71745;0,122716;0,7707401;-1,750681;
00001;019;63733712997,2078;-0,2780352;0,7639228;-1,395944;0,9888614;0,1451232;-0,01719075;-0,02822882;3;2;68;215,3222;-0,2828498;0,769284;-1,36969;-0,2777519;0,7642441;-1,71745;0,122716;0,7707401;-1,750681;
00001;019;63733712999,5891;-0,2732228;0,7645331;-1,5303;0,952338;0,1531187;0,2567294;-0,06080434;1;2;69;217,7031;-0,2806859;0,7691802;-1,519675;-0,2777519;0,7642441;-1,71745;0,122716;0,7707401;-1,750681;
00001;019;63733713001,9818;-0,1610004;0,7642011;-1,476591;-0,9302658;-0,1447641;-0,3294686;0,07141011;4;2;70;220,0958;-0,1892101;0,770773;-1,459633;-0,2777519;0,7642441;-1,71745;0,122716;0,7707401;-1,750681;
00001;019;63733713004,5689;-0,1655216;0,7646446;-1,460827;-0,9484516;-0,1530413;-0,2706407;0,06141336;4;2;71;222,6833;-0,1892101;0,770773;-1,459633;-0,2777519;0,7642441;-1,71745;0,122716;0,7707401;-1,750681;
00001;019;63733713006,9321;-0,27478;0,7639788;-1,545443;-0,9366449;-0,1451126;-0,3109663;0,07027538;1;2;72;225,0459;-0,2806859;0,7691802;-1,519675;-0,2777519;0,7642441;-1,71745;0,122716;0,7707401;-1,750681;
00001;019;63733713009,5177;-0,2780093;0,7635319;-1,382834;-0,9873919;-0,1520434;0,04044133;0,01744986;3;2;73;227,6316;-0,2828498;0,769284;-1,36969;-0,2777519;0,7642441;-1,71745;0,122716;0,7707401;-1,750681;
00001;019;63733713012,4349;-0,08145569;0,7657151;-1,523009;-0,8967498;-0,1446422;-0,4084575;0,0898945;5;2;74;230,5485;-0,1073466;0,7721054;-1,505343;-0,2777519;0,7642441;-1,71745;0,122716;0,7707401;-1,750681;
00001;019;63733713015,43;-0,2806784;0,7634206;-1,44305;-0,9849815;-0,1697723;-0,01071638;0,02956413;2;2;75;233,5444;-0,2817679;0,7692322;-1,444682;-0,2777519;0,7642441;-1,71745;0,122716;0,7707401;-1,750681;
00001;019;63733713017,9748;-0,02421367;0,7666153;-1,590877;-0,9049357;-0,1404492;-0,3927405;0,0843817;6;2;76;236,0884;-0,04605085;0,7730687;-1,576298;-0,2777519;0,7642441;-1,71745;0,122716;0,7707401;-1,750681;
00001;019;63733713020,1678;-0,2748728;0,7660047;-1,620432;-0,9647675;-0,171353;-0,1945452;0,04487923;0;2;77;238,282;-0,279604;0,7691283;-1,594667;-0,2777519;0,7642441;-1,71745;0,122716;0,7707401;-1,750681;
00001;019;63733713022,5754;-0,008840712;0,7673926;-1,58709;-0,8829083;-0,1371643;-0,4398812;0,09035105;6;2;78;240,6897;-0,04605085;0,7730687;-1,576298;-0,2777519;0,7642441;-1,71745;0,122716;0,7707401;-1,750681;
00001;019;63733713025,6122;-0,2783526;0,7633975;-1,368865;-0,9830826;-0,1770676;0,04168957;0,0213946;3;2;79;243,7261;-0,2828498;0,769284;-1,36969;-0,2777519;0,7642441;-1,71745;0,122716;0,7707401;-1,750681;
00001;019;63733713028,0865;-0,1621615;0,7643026;-1,441291;0,9652606;0,1499851;0,2085727;-0,04768572;4;2;80;246,2007;-0,1892101;0,770773;-1,459633;-0,2777519;0,7642441;-1,71745;0,122716;0,7707401;-1,750681;
00001;019;63733713030,2505;-0,07579219;0,7650653;-1,496493;0,9344022;0,1427428;0,3199962;-0,06418347;5;2;81;248,3647;-0,1073466;0,7721054;-1,505343;-0,2777519;0,7642441;-1,71745;0,122716;0,7707401;-1,750681;
00001;019;63733713034,1802;-0,2813384;0,7641052;-1,521031;0,9811327;0,1553845;0,1072146;-0,0417039;1;2;82;252,2937;-0,2806859;0,7691802;-1,519675;-0,2777519;0,7642441;-1,71745;0,122716;0,7707401;-1,750681;
00001;019;63733713036,7386;-0,2659716;0,7655737;-1,602094;0,9599413;0,1565735;0,2260518;-0,05383241;0;2;83;254,8525;-0,279604;0,7691283;-1,594667;-0,2777519;0,7642441;-1,71745;0,122716;0,7707401;-1,750681;
00001;019;63733713039,6225;-0,2708932;0,7630129;-1,40154;0,9861673;0,1549949;0,04664916;-0,03570304;2;2;84;257,7367;-0,2817679;0,7692322;-1,444682;-0,2777519;0,7642441;-1,71745;0,122716;0,7707401;-1,750681;
00001;019;63733713043,3386;-0,2824692;0,763132;-1,366922;0,9849456;0,163355;-0,05262632;-0,0206833;3;2;85;261,4529;-0,2828498;0,769284;-1,36969;-0,2777519;0,7642441;-1,71745;0,122716;0,7707401;-1,750681;
00001;019;63733713046,5928;-0,1832971;0,7646973;-1,462954;0,9768092;0,1385884;0,15536;-0,05000289;4;2;86;264,7067;-0,1892101;0,770773;-1,459633;-0,2777519;0,7642441;-1,71745;0,122716;0,7707401;-1,750681;
00001;019;63733713049,2056;-0,07537218;0,7655734;-1,504681;0,9402055;0,1322004;0,3076634;-0,06229046;5;2;87;267,3193;-0,1073466;0,7721054;-1,505343;-0,2777519;0,7642441;-1,71745;0,122716;0,7707401;-1,750681;
00001;019;63733713052,2237;-0,2741297;0,7643951;-1,500394;0,976971;0,1468026;0,1490993;-0,04178638;1;2;88;270,3372;-0,2806859;0,7691802;-1,519675;-0,2777519;0,7642441;-1,71745;0,122716;0,7707401;-1,750681;
00001;019;63733713054,369;-0,2688785;0,7634456;-1,439029;0,9841821;0,1620498;0,06015555;-0,03881986;2;2;89;272,4826;-0,2817679;0,7692322;-1,444682;-0,2777519;0,7642441;-1,71745;0,122716;0,7707401;-1,750681;
00001;019;63733713056,6191;-0,2694065;0,7656979;-1,612375;0,9671593;0,1624781;0,1900188;-0,04579145;0;2;90;274,7331;-0,279604;0,7691283;-1,594667;-0,2777519;0,7642441;-1,71745;0,122716;0,7707401;-1,750681;
00001;019;63733713058,9993;-0,002877372;0,7666888;-1,572823;-0,9231488;-0,144991;-0,3489545;0,07074523;6;2;91;277,1135;-0,04605085;0,7730687;-1,576298;-0,2777519;0,7642441;-1,71745;0,122716;0,7707401;-1,750681;
00001;019;63733713062,4837;-0,2704156;0,7632069;-1,395174;-0,9866545;-0,1600514;0,01460231;0,02613991;2;2;92;280,5979;-0,2817679;0,7692322;-1,444682;-0,2777519;0,7642441;-1,71745;0,122716;0,7707401;-1,750681;
00001;019;63733713064,893;-0,2819223;0,7647071;-1,591246;-0,9849521;-0,1680287;-0,02481359;0,03193686;0;2;93;283,0072;-0,279604;0,7691283;-1,594667;-0,2777519;0,7642441;-1,71745;0,122716;0,7707401;-1,750681;
00001;019;63733713067,3882;-0,1719884;0,7643132;-1,439259;-0,9778257;-0,1575327;-0,1309762;0,04342307;4;2;94;285,5017;-0,1892101;0,770773;-1,459633;-0,2777519;0,7642441;-1,71745;0,122716;0,7707401;-1,750681;
00001;019;63733713069,4795;-0,2864572;0,7643729;-1,525249;0,985321;0,1596396;0,05142745;-0,03182897;1;2;95;287,5937;-0,2806859;0,7691802;-1,519675;-0,2777519;0,7642441;-1,71745;0,122716;0,7707401;-1,750681;
00001;019;63733713071,9527;-0,007674384;0,7669555;-1,591202;0,9252062;0,1233487;0,3497078;-0,08051772;6;2;96;290,0671;-0,04605085;0,7730687;-1,576298;-0,2777519;0,7642441;-1,71745;0,122716;0,7707401;-1,750681;
00001;019;63733713074,4808;-0,08612537;0,7942542;-1,486013;0,5037996;-0,3596336;0,03139169;0,7847702;5;2;97;292,5952;-0,1073466;0,7721054;-1,505343;-0,2777519;0,7642441;-1,71745;0,122716;0,7707401;-1,750681;
00001;019;63733713076,9721;-0,2679778;0,7633445;-1,382794;-0,9839724;-0,1626268;0,0705393;0,01936682;3;2;98;295,0864;-0,2828498;0,769284;-1,36969;-0,2777519;0,7642441;-1,71745;0,122716;0,7707401;-1,750681;
00001;019;63733713079,5734;-0,2635235;0,7650342;-1,603695;-0,9783169;-0,1577061;-0,1259976;0,0463619;0;2;99;297,6878;-0,279604;0,7691283;-1,594667;-0,2777519;0,7642441;-1,71745;0,122716;0,7707401;-1,750681;
00001;019;63733713083,2051;-0,1598987;0,7646675;-1,464911;-0,9716742;-0,1515489;-0,1754744;0,04572634;4;2;100;301,3188;-0,1892101;0,770773;-1,459633;-0,2777519;0,7642441;-1,71745;0,122716;0,7707401;-1,750681;
00001;019;63733713085,7946;-0,274479;0,7643381;-1,513779;-0,9859908;-0,1610308;-0,03331112;0,02795839;1;2;101;303,9081;-0,2806859;0,7691802;-1,519675;-0,2777519;0,7642441;-1,71745;0,122716;0,7707401;-1,750681;
00001;019;63733713088,1204;-0,01488211;0,7665679;-1,592159;-0,9295553;-0,1437371;-0,3323563;0,06932451;6;2;102;306,234;-0,04605085;0,7730687;-1,576298;-0,2777519;0,7642441;-1,71745;0,122716;0,7707401;-1,750681;
00001;019;63733713091,2902;-0,2880525;0,7630593;-1,367331;-0,9868568;-0,1570845;0,02956271;0,02375618;3;2;103;309,4041;-0,2828498;0,769284;-1,36969;-0,2777519;0,7642441;-1,71745;0,122716;0,7707401;-1,750681;
00001;019;63733713093,895;-0,09133695;0,7651058;-1,496755;0,9371736;0,1475856;0,3094717;-0,06443085;5;2;104;312,0087;-0,1073466;0,7721054;-1,505343;-0,2777519;0,7642441;-1,71745;0,122716;0,7707401;-1,750681;
00001;019;63733713097,0876;-0,2792284;0,7635185;-1,449853;0,9821095;0,1656178;0,08060756;-0,03916912;2;2;105;315,2013;-0,2817679;0,7692322;-1,444682;-0,2777519;0,7642441;-1,71745;0,122716;0,7707401;-1,750681;
00001;019;63733713099,3909;-0,1705912;0,7647253;-1,437579;0,9741586;0,1569185;0,1562537;-0,04445541;4;2;106;317,5044;-0,1892101;0,770773;-1,459633;-0,2777519;0,7642441;-1,71745;0,122716;0,7707401;-1,750681;
00001;019;63733713102,429;-0,2906247;0,7627189;-1,36571;0,9859591;0,1570081;-0,05129095;-0,02454601;3;2;107;320,543;-0,2828498;0,769284;-1,36969;-0,2777519;0,7642441;-1,71745;0,122716;0,7707401;-1,750681;
00001;019;63733713105,0863;-0,08821982;0,7655483;-1,507439;0,9606562;0,1332481;0,2365957;-0,05837103;5;2;108;323,2003;-0,1073466;0,7721054;-1,505343;-0,2777519;0,7642441;-1,71745;0,122716;0,7707401;-1,750681;
00001;019;63733713107,4298;-0,2952773;0,763922;-1,505842;0,9856184;0,1648872;-0,02604656;-0,02627406;1;2;109;325,5439;-0,2806859;0,7691802;-1,519675;-0,2777519;0,7642441;-1,71745;0,122716;0,7707401;-1,750681;
00001;019;63733713110,0495;-0,2790418;0,7632223;-1,438422;0,9867266;0,1600644;-0,002269855;-0,02729401;2;2;110;328,1632;-0,2817679;0,7692322;-1,444682;-0,2777519;0,7642441;-1,71745;0,122716;0,7707401;-1,750681;
00001;019;63733713112,667;-0,0004474896;0,7680217;-1,591423;-0,8789204;-0,1262363;-0,452011;0,08514354;6;2;111;330,7805;-0,04605085;0,7730687;-1,576298;-0,2777519;0,7642441;-1,71745;0,122716;0,7707401;-1,750681;
00001;019;63733713114,9923;-0,27887;0,7650039;-1,587291;-0,9846017;-0,1712447;-0,01669062;0,03092407;0;2;112;333,1066;-0,279604;0,7691283;-1,594667;-0,2777519;0,7642441;-1,71745;0,122716;0,7707401;-1,750681;
00001;019;63733713117,4989;-0,2744133;0,7631611;-1,378672;-0,9864494;-0,1615938;0,002608502;0,02825594;3;2;113;335,6126;-0,2828498;0,769284;-1,36969;-0,2777519;0,7642441;-1,71745;0,122716;0,7707401;-1,750681;
00001;019;63733713120,1562;-0,2708702;0,7637988;-1,441847;-0,9851671;-0,1680339;-0,01754491;0,03004615;2;2;114;338,2697;-0,2817679;0,7692322;-1,444682;-0,2777519;0,7642441;-1,71745;0,122716;0,7707401;-1,750681;
00001;019;63733713122,823;-0,154729;0,7644488;-1,456861;-0,9763041;-0,1539256;-0,1445008;0,04750708;4;2;115;340,937;-0,1892101;0,770773;-1,459633;-0,2777519;0,7642441;-1,71745;0,122716;0,7707401;-1,750681;
00001;019;63733713125,0118;-0,2782718;0,7649572;-1,597003;-0,9809497;-0,1671574;-0,09006521;0,04104182;0;2;116;343,1255;-0,279604;0,7691283;-1,594667;-0,2777519;0,7642441;-1,71745;0,122716;0,7707401;-1,750681;
00001;019;63733713127,8949;-0,09758998;0,7652795;-1,487314;-0,9584057;-0,146899;-0,2389324;0,05282548;5;2;117;346,0089;-0,1073466;0,7721054;-1,505343;-0,2777519;0,7642441;-1,71745;0,122716;0,7707401;-1,750681;
00001;019;63733713130,4722;-0,2806446;0,7640634;-1,508646;-0,987137;-0,1555475;-0,01181211;0,03501681;1;2;118;348,5861;-0,2806859;0,7691802;-1,519675;-0,2777519;0,7642441;-1,71745;0,122716;0,7707401;-1,750681;
00001;019;63733713132,9211;-0,01450683;0,7667202;-1,584389;-0,8922517;-0,1342255;-0,4215778;0,09023643;6;2;119;351,0354;-0,04605085;0,7730687;-1,576298;-0,2777519;0,7642441;-1,71745;0,122716;0,7707401;-1,750681;
00001;019;63733713135,2812;-0,2708899;0,7648662;-1,586522;-0,984124;-0,1670627;-0,04998499;0,03303859;0;2;120;353,3947;-0,279604;0,7691283;-1,594667;-0,2777519;0,7642441;-1,71745;0,122716;0,7707401;-1,750681;
00001;019;63733713137,61;-0,2839929;0,7634257;-1,394492;-0,9884073;-0,143084;0,02684721;0,0430981;3;2;121;355,7239;-0,2828498;0,769284;-1,36969;-0,2777519;0,7642441;-1,71745;0,122716;0,7707401;-1,750681;
00001;019;63733713139,8711;-0,2869921;0,7638863;-1,520968;-0,9847512;-0,1610335;-0,0553459;0,0356399;1;2;122;357,9851;-0,2806859;0,7691802;-1,519675;-0,2777519;0,7642441;-1,71745;0,122716;0,7707401;-1,750681;
00001;019;63733713142,1834;-0,2764724;0,7636278;-1,443032;-0,9855849;-0,1638294;-0,02597402;0,03328165;2;2;123;360,297;-0,2817679;0,7692322;-1,444682;-0,2777519;0,7642441;-1,71745;0,122716;0,7707401;-1,750681;
00001;019;63733713144,5825;0,0002493626;0,7674847;-1,598439;-0,8891645;-0,1337991;-0,4293601;0,08446501;6;2;124;362,6962;-0,04605085;0,7730687;-1,576298;-0,2777519;0,7642441;-1,71745;0,122716;0,7707401;-1,750681;
00001;019;63733713147,1067;-0,1650548;0,7642729;-1,430743;-0,9633157;-0,1492375;-0,2171109;0,05112577;4;2;125;365,2203;-0,1892101;0,770773;-1,459633;-0,2777519;0,7642441;-1,71745;0,122716;0,7707401;-1,750681;
00001;019;63733713149,5969;-0,07144185;0,7658671;-1,523757;-0,9049714;-0,1469885;-0,3899101;0,08597334;5;2;126;367,7106;-0,1073466;0,7721054;-1,505343;-0,2777519;0,7642441;-1,71745;0,122716;0,7707401;-1,750681;
00001;019;63733713151,9751;-0,1723424;0,7645614;-1,44934;-0,9777675;-0,1336981;-0,1523299;0,05377;4;2;127;370,0893;-0,1892101;0,770773;-1,459633;-0,2777519;0,7642441;-1,71745;0,122716;0,7707401;-1,750681;
00001;019;63733713154,3368;-0,2727672;0,7647035;-1,58327;-0,985421;-0,162616;-0,0391885;0,03107786;0;2;128;372,4503;-0,279604;0,7691283;-1,594667;-0,2777519;0,7642441;-1,71745;0,122716;0,7707401;-1,750681;
00001;019;63733713157,0772;-0,07812752;0,7943587;-1,495441;-0,5006746;0,3519321;-0,03792521;-0,7899559;5;2;129;375,1909;-0,1073466;0,7721054;-1,505343;-0,2777519;0,7642441;-1,71745;0,122716;0,7707401;-1,750681;
00001;019;63733713159,2941;0,006540636;0,766739;-1,625704;-0,8316416;-0,1478298;-0,5181749;0,1342143;6;2;130;377,4079;-0,04605085;0,7730687;-1,576298;-0,2777519;0,7642441;-1,71745;0,122716;0,7707401;-1,750681;
00001;019;63733713161,8256;-0,2757604;0,7637765;-1,520984;-0,9851541;-0,1597394;-0,05207649;0,03525235;1;2;131;379,94;-0,2806859;0,7691802;-1,519675;-0,2777519;0,7642441;-1,71745;0,122716;0,7707401;-1,750681;
00001;019;63733713164,2419;-0,2779508;0,7636855;-1,384063;-0,9790466;-0,1633593;0,1209203;0,01264403;3;2;132;382,3556;-0,2828498;0,769284;-1,36969;-0,2777519;0,7642441;-1,71745;0,122716;0,7707401;-1,750681;
00001;019;63733713166,9146;-0,2851091;0,7634014;-1,442309;-0,9880543;-0,1470366;0,0233961;0,03977069;2;2;133;385,0284;-0,2817679;0,7692322;-1,444682;-0,2777519;0,7642441;-1,71745;0,122716;0,7707401;-1,750681;
00001;019;63733713169,3656;-0,2707542;0,7637397;-1,504457;-0,9854579;-0,150817;-0,06726144;0,04003712;1;2;134;387,4793;-0,2806859;0,7691802;-1,519675;-0,2777519;0,7642441;-1,71745;0,122716;0,7707401;-1,750681;
00001;019;63733713171,9046;-0,0199204;0,7667397;-1,559387;-0,9451122;-0,1406448;-0,2897373;0,05508362;6;2;135;390,0181;-0,04605085;0,7730687;-1,576298;-0,2777519;0,7642441;-1,71745;0,122716;0,7707401;-1,750681;
00001;019;63733713174,3468;-0,05736313;0,7655027;-1,493927;-0,9180368;-0,1413067;-0,3632077;0,07294525;5;2;136;392,4608;-0,1073466;0,7721054;-1,505343;-0,2777519;0,7642441;-1,71745;0,122716;0,7707401;-1,750681;
00001;019;63733713176,834;-0,1797488;0,7639734;-1,433981;-0,9838406;-0,1647249;-0,06063898;0,03530411;4;2;137;394,9478;-0,1892101;0,770773;-1,459633;-0,2777519;0,7642441;-1,71745;0,122716;0,7707401;-1,750681;
00001;019;63733713179,3628;-0,2895777;0,7635551;-1,386961;-0,9830965;-0,1574253;0,09107397;0,02107143;3;2;138;397,4771;-0,2828498;0,769284;-1,36969;-0,2777519;0,7642441;-1,71745;0,122716;0,7707401;-1,750681;
00001;019;63733713183,3838;-0,2872394;0,7637282;-1,444113;-0,9878171;-0,1541263;0,001127811;0,02147707;2;2;139;401,4978;-0,2817679;0,7692322;-1,444682;-0,2777519;0,7642441;-1,71745;0,122716;0,7707401;-1,750681;
00001;019;63733713185,7631;-0,2837527;0,7644844;-1,578427;-0,9861827;-0,1619968;-0,02020936;0,02814743;0;2;140;403,877;-0,279604;0,7691283;-1,594667;-0,2777519;0,7642441;-1,71745;0,122716;0,7707401;-1,750681;
00001;019;63733710169,4721;-0,3058725;0,7640092;-1,388243;-0,9796305;-0,1994312;-0,02346233;-0,0009783921;3;3;1;27,99035;-0,2845559;0,7684116;-1,372924;-0,2784823;0,7587179;-1,720569;0,1219057;0,7714458;-1,752949;
00001;019;63733710179,1475;-0,05985516;0,7670753;-1,590245;0,9769389;0,2126923;-0,006001442;-0,01779033;6;3;2;37,66611;-0,0473235;0,773333;-1,57901;-0,2784823;0,7587179;-1,720569;0,1219057;0,7714458;-1,752949;
00001;019;63733710196,1504;-0,1830999;0,7645307;-1,465255;0,9746733;0,2228811;-0,005709378;-0,01741751;4;3;3;54,66879;-0,1907236;0,7702377;-1,462659;-0,2784823;0,7587179;-1,720569;0,1219057;0,7714458;-1,752949;
00001;019;63733710212,2422;-0,1003885;0,7669591;-1,509297;0,9726109;0,1623122;0,1627125;0,03474966;5;3;4;70,76083;-0,1087765;0,7723136;-1,508191;-0,2784823;0,7587179;-1,720569;0,1219057;0,7714458;-1,752949;
00001;019;63733710227,9717;-0,2814896;0,7644126;-1,453168;0,9715921;0,2270728;0,0629919;-0,0218817;2;3;5;86,48962;-0,2832808;0,7673556;-1,447906;-0,2784823;0,7587179;-1,720569;0,1219057;0,7714458;-1,752949;
00001;019;63733710241,8856;-0,273427;0,7661383;-1,541403;-0,9855757;-0,1623554;0,001839543;-0,04772586;1;3;6;100,4033;-0,2820057;0,7662996;-1,522888;-0,2784823;0,7587179;-1,720569;0,1219057;0,7714458;-1,752949;
00001;019;63733710254,3434;-0,2926074;0,766023;-1,607333;-0,9701545;-0,1718732;0,1619666;-0,05501611;0;3;7;112,8619;-0,2807306;0,7652436;-1,597869;-0,2784823;0,7587179;-1,720569;0,1219057;0,7714458;-1,752949;
00001;019;63733710267,9183;-0,0465748;0,7674664;-1,591896;-0,9696925;-0,1865288;-0,1571222;0,01469881;6;3;8;126,4361;-0,0473235;0,773333;-1,57901;-0,2784823;0,7587179;-1,720569;0,1219057;0,7714458;-1,752949;
00001;019;63733710294,7283;-0,3204198;0,7645153;-1,394492;-0,9868285;-0,1563202;0,008417276;-0,04077639;3;3;9;153,2466;-0,2845559;0,7684116;-1,372924;-0,2784823;0,7587179;-1,720569;0,1219057;0,7714458;-1,752949;
00001;019;63733710310,1304;-0,1055937;0,7661093;-1,504252;-0,977725;-0,1746889;-0,1154687;-0,01430446;5;3;10;168,6488;-0,1087765;0,7723136;-1,508191;-0,2784823;0,7587179;-1,720569;0,1219057;0,7714458;-1,752949;
00001;019;63733710321,2394;-0,2874275;0,7661608;-1,594379;-0,9827247;-0,1776482;0,03870664;-0,03456906;0;3;11;179,7573;-0,2807306;0,7652436;-1,597869;-0,2784823;0,7587179;-1,720569;0,1219057;0,7714458;-1,752949;
00001;019;63733710331,326;-0,2891248;0,7658446;-1,525948;-0,9848219;-0,1589726;-0,05610393;-0,04130444;1;3;12;189,8445;-0,2820057;0,7662996;-1,522888;-0,2784823;0,7587179;-1,720569;0,1219057;0,7714458;-1,752949;
00001;019;63733710341,3606;-0,1828667;0,7658659;-1,467301;-0,9798655;-0,1661765;-0,1096876;-0,01475862;4;3;13;199,879;-0,1907236;0,7702377;-1,462659;-0,2784823;0,7587179;-1,720569;0,1219057;0,7714458;-1,752949;
00001;019;63733710355,0264;-0,2955688;0,7646215;-1,472833;-0,9682882;-0,2020586;-0,1426982;0,0350359;2;3;14;213,5443;-0,2832808;0,7673556;-1,447906;-0,2784823;0,7587179;-1,720569;0,1219057;0,7714458;-1,752949;
00001;019;63733710365,2524;-0,2987328;0,7650559;-1,551767;-0,9731295;-0,2288919;0,01821641;0,01719456;0;3;15;223,771;-0,2807306;0,7652436;-1,597869;-0,2784823;0,7587179;-1,720569;0,1219057;0,7714458;-1,752949;
00001;019;63733710378,7279;-0,06549457;0,7673751;-1,590165;-0,9701297;-0,1884673;-0,1519273;0,01570097;6;3;16;237,2457;-0,0473235;0,773333;-1,57901;-0,2784823;0,7587179;-1,720569;0,1219057;0,7714458;-1,752949;
00001;019;63733710392,5529;-0,3036187;0,7638464;-1,402174;-0,9862286;-0,1610249;-0,02068591;-0,03156221;3;3;17;251,071;-0,2845559;0,7684116;-1,372924;-0,2784823;0,7587179;-1,720569;0,1219057;0,7714458;-1,752949;
00001;019;63733710402,9408;-0,189928;0,7652092;-1,471735;-0,9664771;-0,1904768;-0,1710992;0,01912449;4;3;18;261,4586;-0,1907236;0,7702377;-1,462659;-0,2784823;0,7587179;-1,720569;0,1219057;0,7714458;-1,752949;
00001;019;63733710415,8517;-0,1132877;0,7657224;-1,513798;0,9696033;0,2030345;0,1340483;-0,02602977;5;3;19;274,3704;-0,1087765;0,7723136;-1,508191;-0,2784823;0,7587179;-1,720569;0,1219057;0,7714458;-1,752949;
00001;019;63733710428,9367;-0,3122869;0,763945;-1,466238;0,9764261;0,2147916;0,01416856;-0,01599983;2;3;20;287,4549;-0,2832808;0,7673556;-1,447906;-0,2784823;0,7587179;-1,720569;0,1219057;0,7714458;-1,752949;
00001;019;63733710439,0246;-0,3033299;0,7658752;-1,536044;0,9775085;0,2084081;-0,03104894;0,008894362;1;3;21;297,5425;-0,2820057;0,7662996;-1,522888;-0,2784823;0,7587179;-1,720569;0,1219057;0,7714458;-1,752949;
00001;019;63733710452,5011;-0,3097325;0,7653666;-1,536463;0,9811478;0,1932032;0,002568909;0,003857291;1;3;22;311,0191;-0,2820057;0,7662996;-1,522888;-0,2784823;0,7587179;-1,720569;0,1219057;0,7714458;-1,752949;
00001;019;63733710465,3315;-0,2102617;0,7646732;-1,472684;0,9766761;0,1965832;-0,08555312;0,01181607;4;3;23;323,8498;-0,1907236;0,7702377;-1,462659;-0,2784823;0,7587179;-1,720569;0,1219057;0,7714458;-1,752949;
00001;019;63733710478,1421;-0,3173827;0,7638891;-1,364969;0,9849575;0,1701953;0,02387597;0,01795251;3;3;24;336,66;-0,2845559;0,7684116;-1,372924;-0,2784823;0,7587179;-1,720569;0,1219057;0,7714458;-1,752949;
00001;019;63733710490,0062;-0,0684791;0,766623;-1,579731;0,9768626;0,2068444;0,04635635;-0,02839033;6;3;25;348,5247;-0,0473235;0,773333;-1,57901;-0,2784823;0,7587179;-1,720569;0,1219057;0,7714458;-1,752949;
00001;019;63733710509,4288;-0,3079184;0,7639481;-1,462224;0,9757034;0,1954099;-0,0974391;0,0179894;2;3;26;367,9473;-0,2832808;0,7673556;-1,447906;-0,2784823;0,7587179;-1,720569;0,1219057;0,7714458;-1,752949;
00001;019;63733710520,4499;-0,1208046;0,765357;-1,508424;0,9753552;0,1996306;0,09260388;-0,01594752;5;3;27;378,9684;-0,1087765;0,7723136;-1,508191;-0,2784823;0,7587179;-1,720569;0,1219057;0,7714458;-1,752949;
00001;019;63733710542,0093;-0,29784;0,7656531;-1,5985;0,9608695;0,2216367;-0,1658174;0,01056843;0;3;28;400,527;-0,2807306;0,7652436;-1,597869;-0,2784823;0,7587179;-1,720569;0,1219057;0,7714458;-1,752949;
00001;019;63733710559,332;-0,2789419;0,7639084;-1,452642;0,9733418;0,2175621;0,06831013;-0,02462441;2;3;29;417,8503;-0,2832808;0,7673556;-1,447906;-0,2784823;0,7587179;-1,720569;0,1219057;0,7714458;-1,752949;
00001;019;63733710572,4256;-0,2935059;0,7667083;-1,616032;0,9685087;0,237817;-0,07342533;-0,006550879;0;3;30;430,9435;-0,2807306;0,7652436;-1,597869;-0,2784823;0,7587179;-1,720569;0,1219057;0,7714458;-1,752949;
00001;019;63733710584,6201;-0,305783;0,764357;-1,388498;0,9767665;0,1825367;0,1121731;-0,004983714;3;3;31;443,1388;-0,2845559;0,7684116;-1,372924;-0,2784823;0,7587179;-1,720569;0,1219057;0,7714458;-1,752949;
00001;019;63733710596,7823;-0,1900854;0,7647535;-1,451761;0,9827277;0,1837503;0,02108652;0,006125874;4;3;32;455,3004;-0,1907236;0,7702377;-1,462659;-0,2784823;0,7587179;-1,720569;0,1219057;0,7714458;-1,752949;
00001;019;63733710609,7074;-0,1328398;0,7671373;-1,524449;0,9846337;0,1644561;0,0437884;0,03915622;5;3;33;468,2259;-0,1087765;0,7723136;-1,508191;-0,2784823;0,7587179;-1,720569;0,1219057;0,7714458;-1,752949;
00001;019;63733710622,8869;-0,04505612;0,767653;-1,590878;-0,9770337;-0,1706229;-0,1272744;-0,009708402;6;3;34;481,4048;-0,0473235;0,773333;-1,57901;-0,2784823;0,7587179;-1,720569;0,1219057;0,7714458;-1,752949;
00001;019;63733710639,8148;-0,2934821;0,7650553;-1,526935;-0,9793468;-0,1791398;0,08974805;-0,02709424;1;3;35;498,3334;-0,2820057;0,7662996;-1,522888;-0,2784823;0,7587179;-1,720569;0,1219057;0,7714458;-1,752949;
00001;019;63733710654,1169;-0,06456593;0,766975;-1,584787;-0,9762484;-0,1748892;-0,1277859;-0,004842688;6;3;36;512,6348;-0,0473235;0,773333;-1,57901;-0,2784823;0,7587179;-1,720569;0,1219057;0,7714458;-1,752949;
00001;019;63733710666,9402;-0,3126006;0,7643392;-1,435586;-0,9795423;-0,1885367;-0,06989447;0,008110067;2;3;37;525,4581;-0,2832808;0,7673556;-1,447906;-0,2784823;0,7587179;-1,720569;0,1219057;0,7714458;-1,752949;
00001;019;63733710676,4788;-0,3025635;0,7655838;-1,52356;-0,9839758;-0,1639551;-0,06215829;-0,03235125;1;3;38;534,9973;-0,2820057;0,7662996;-1,522888;-0,2784823;0,7587179;-1,720569;0,1219057;0,7714458;-1,752949;
00001;019;63733710687,2679;-0,2969856;0,7664008;-1,589793;-0,9825236;-0,1772258;0,04639443;-0,0329547;0;3;39;545,7858;-0,2807306;0,7652436;-1,597869;-0,2784823;0,7587179;-1,720569;0,1219057;0,7714458;-1,752949;
00001;019;63733710698,4505;-0,1991538;0,7645146;-1,461253;-0,982756;-0,1799049;-0,04224062;-0,006378711;4;3;40;556,9692;-0,1907236;0,7702377;-1,462659;-0,2784823;0,7587179;-1,720569;0,1219057;0,7714458;-1,752949;
00001;019;63733710709,0053;-0,3367427;0,7644131;-1,391863;-0,9881053;-0,1483778;-0,01935386;-0,03545957;3;3;41;567,5237;-0,2845559;0,7684116;-1,372924;-0,2784823;0,7587179;-1,720569;0,1219057;0,7714458;-1,752949;
00001;019;63733710720,2416;-0,1009902;0,7664791;-1,532101;-0,9778782;-0,1553363;-0,137344;-0,02759728;5;3;42;578,7597;-0,1087765;0,7723136;-1,508191;-0,2784823;0,7587179;-1,720569;0,1219057;0,7714458;-1,752949;
00001;019;63733710739,4027;-0,191224;0,7651684;-1,469919;-0,9815827;-0,1660036;-0,09058813;-0,02705777;4;3;43;597,9208;-0,1907236;0,7702377;-1,462659;-0,2784823;0,7587179;-1,720569;0,1219057;0,7714458;-1,752949;
00001;019;63733710751,5607;-0,2883376;0,7646106;-1,538447;-0,9686526;-0,220676;0,1140789;0,0005016995;1;3;44;610,0793;-0,2820057;0,7662996;-1,522888;-0,2784823;0,7587179;-1,720569;0,1219057;0,7714458;-1,752949;
00001;019;63733710761,8529;-0,2862785;0,7656503;-1,619128;-0,970435;-0,204852;0,1273974;-0,007831757;0;3;45;620,3716;-0,2807306;0,7652436;-1,597869;-0,2784823;0,7587179;-1,720569;0,1219057;0,7714458;-1,752949;
00001;019;63733710774,2925;-0,3299724;0,7634726;-1,452254;-0,9719246;-0,2013278;-0,1179143;0,0304294;2;3;46;632,811;-0,2832808;0,7673556;-1,447906;-0,2784823;0,7587179;-1,720569;0,1219057;0,7714458;-1,752949;
00001;019;63733710791,0711;-0,05370381;0,7673718;-1,578094;-0,9686019;-0,1549272;-0,1936088;-0,01798526;6;3;47;649,589;-0,0473235;0,773333;-1,57901;-0,2784823;0,7587179;-1,720569;0,1219057;0,7714458;-1,752949;
00001;019;63733710803,0314;-0,3192652;0,7638159;-1,364325;-0,9887966;-0,1396593;-0,01769608;-0,04963436;3;3;48;661,5498;-0,2845559;0,7684116;-1,372924;-0,2784823;0,7587179;-1,720569;0,1219057;0,7714458;-1,752949;
00001;019;63733710818,9604;-0,1270887;0,7649231;-1,507778;-0,975083;-0,2135419;-0,05445367;0,02545359;5;3;49;677,4785;-0,1087765;0,7723136;-1,508191;-0,2784823;0,7587179;-1,720569;0,1219057;0,7714458;-1,752949;
00001;019;63733710833,2244;-0,2926103;0,7643871;-1,527855;-0,9400721;-0,2085085;0,2675458;-0,03475596;1;3;50;691,7427;-0,2820057;0,7662996;-1,522888;-0,2784823;0,7587179;-1,720569;0,1219057;0,7714458;-1,752949;
00001;019;63733710843,6908;-0,2965419;0,7657543;-1,595452;-0,9531918;-0,185766;0,2338184;-0,04738557;0;3;51;702,2088;-0,2807306;0,7652436;-1,597869;-0,2784823;0,7587179;-1,720569;0,1219057;0,7714458;-1,752949;
00001;019;63733710855,9239;-0,1101874;0,7657031;-1,496499;-0,9710033;-0,1848823;-0,1509293;0,01383646;5;3;52;714,4418;-0,1087765;0,7723136;-1,508191;-0,2784823;0,7587179;-1,720569;0,1219057;0,7714458;-1,752949;
00001;019;63733710869,8835;-0,3172629;0,7639807;-1,384568;-0,9880096;-0,1438914;-0,03434345;-0,04419074;3;3;53;728,4019;-0,2845559;0,7684116;-1,372924;-0,2784823;0,7587179;-1,720569;0,1219057;0,7714458;-1,752949;
00001;019;63733710884,6906;-0,2176318;0,7647793;-1,460706;0,9851246;0,1688466;0,019897;0,02499044;4;3;54;743,2084;-0,1907236;0,7702377;-1,462659;-0,2784823;0,7587179;-1,720569;0,1219057;0,7714458;-1,752949;
00001;019;63733710894,7714;-0,0790169;0,7675483;-1,581084;0,9688748;0,2389998;-0,06418417;-0,006417253;6;3;55;753,2892;-0,0473235;0,773333;-1,57901;-0,2784823;0,7587179;-1,720569;0,1219057;0,7714458;-1,752949;
00001;019;63733710910,898;-0,3442579;0,7637333;-1,461989;0,9774486;0,2093358;-0,02455549;-0,01303811;2;3;56;769,4166;-0,2832808;0,7673556;-1,447906;-0,2784823;0,7587179;-1,720569;0,1219057;0,7714458;-1,752949;
00001;019;63733710924,7751;-0,2371953;0,7649159;-1,476252;0,9813954;0,191891;-0,006180999;0,001716834;4;3;57;783,2935;-0,1907236;0,7702377;-1,462659;-0,2784823;0,7587179;-1,720569;0,1219057;0,7714458;-1,752949;
00001;019;63733710935,9931;-0,3443507;0,7654948;-1,402369;0,9901522;0,1062811;-0,01451678;0,08995634;3;3;58;794,511;-0,2845559;0,7684116;-1,372924;-0,2784823;0,7587179;-1,720569;0,1219057;0,7714458;-1,752949;
00001;019;63733710947,448;-0,3192321;0,7643756;-1,525005;0,9767762;0,2131063;-0,01051475;-0,01957719;1;3;59;805,9666;-0,2820057;0,7662996;-1,522888;-0,2784823;0,7587179;-1,720569;0,1219057;0,7714458;-1,752949;
00001;019;63733710958,462;-0,3073353;0,7654202;-1,600064;0,9517142;0,1935161;-0,2356614;0,03543139;0;3;60;816,9804;-0,2807306;0,7652436;-1,597869;-0,2784823;0,7587179;-1,720569;0,1219057;0,7714458;-1,752949;
00001;019;63733710971,0197;-0,05442863;0,7668417;-1,586951;0,9662424;0,1883294;0,1727557;-0,03260551;6;3;61;829,5376;-0,0473235;0,773333;-1,57901;-0,2784823;0,7587179;-1,720569;0,1219057;0,7714458;-1,752949;
00001;019;63733710987,2566;-0,3149889;0,7642859;-1,471829;0,9746526;0,2049414;0,08586554;-0,02604649;2;3;62;845,775;-0,2832808;0,7673556;-1,447906;-0,2784823;0,7587179;-1,720569;0,1219057;0,7714458;-1,752949;
00001;019;63733711003,2882;-0,1257551;0,765509;-1,515724;0,9741856;0,163596;0,1548614;0,01472252;5;3;63;861,8066;-0,1087765;0,7723136;-1,508191;-0,2784823;0,7587179;-1,720569;0,1219057;0,7714458;-1,752949;
00001;019;63733711019,594;-0,2169098;0,7638229;-1,453426;0,9765851;0,1881673;0,1032935;-0,0143155;4;3;64;878,1119;-0,1907236;0,7702377;-1,462659;-0,2784823;0,7587179;-1,720569;0,1219057;0,7714458;-1,752949;
00001;019;63733711035,4515;-0,3395826;0,7631401;-1,392839;0,9781283;0,1953416;0,06657321;-0,02597323;3;3;65;893,9698;-0,2845559;0,7684116;-1,372924;-0,2784823;0,7587179;-1,720569;0,1219057;0,7714458;-1,752949;
00001;019;63733711045,8489;-0,3392999;0,763989;-1,451563;0,981872;0,1886011;0,01734177;-0,007511471;2;3;66;904,3671;-0,2832808;0,7673556;-1,447906;-0,2784823;0,7587179;-1,720569;0,1219057;0,7714458;-1,752949;
00001;019;63733711055,8789;-0,3279781;0,7650449;-1,534738;-0,9747522;-0,1910444;0,114045;-0,01880823;1;3;67;914,3973;-0,2820057;0,7662996;-1,522888;-0,2784823;0,7587179;-1,720569;0,1219057;0,7714458;-1,752949;
00001;019;63733711069,3872;-0,0806309;0,7671147;-1,577112;0,9854684;0,1468784;0,06959055;0,04935566;6;3;68;927,9053;-0,0473235;0,773333;-1,57901;-0,2784823;0,7587179;-1,720569;0,1219057;0,7714458;-1,752949;
00001;019;63733711083,9995;-0,3167128;0,7657462;-1,593406;0,974814;0,1629815;-0,1468946;0,03995958;0;3;69;942,5173;-0,2807306;0,7652436;-1,597869;-0,2784823;0,7587179;-1,720569;0,1219057;0,7714458;-1,752949;
00001;019;63733711094,4922;-0,1214206;0,7652531;-1,506344;0,9725565;0,2128757;-0,09388939;0,00164677;5;3;70;953,0106;-0,1087765;0,7723136;-1,508191;-0,2784823;0,7587179;-1,720569;0,1219057;0,7714458;-1,752949;
00001;019;63733711223,9581;-0,2788293;0,7660042;-1,613094;0,9598166;0,2064921;-0,1885437;0,02375958;0;3;71;1082,476;-0,2807306;0,7652436;-1,597869;-0,2784823;0,7587179;-1,720569;0,1219057;0,7714458;-1,752949;
00001;019;63733711233,9921;-0,06171017;0,7668985;-1,588096;0,9778649;0,1930347;0,07853088;-0,01873099;6;3;72;1092,51;-0,0473235;0,773333;-1,57901;-0,2784823;0,7587179;-1,720569;0,1219057;0,7714458;-1,752949;
00001;019;63733711240,5926;-0,3128303;0,7634998;-1,38609;0,9782705;0,2018739;-0,04711215;-0,003782935;3;3;73;1099,111;-0,2845559;0,7684116;-1,372924;-0,2784823;0,7587179;-1,720569;0,1219057;0,7714458;-1,752949;
00001;019;63733711251,3349;-0,3130735;0,765444;-1,527323;0,9580486;0,1871719;-0,212067;0,0462296;1;3;74;1109,853;-0,2820057;0,7662996;-1,522888;-0,2784823;0,7587179;-1,720569;0,1219057;0,7714458;-1,752949;
00001;019;63733711261,5498;-0,1241063;0,7660671;-1,516931;-0,975224;-0,2154717;0,05005749;0,002095477;5;3;75;1120,068;-0,1087765;0,7723136;-1,508191;-0,2784823;0,7587179;-1,720569;0,1219057;0,7714458;-1,752949;
00001;019;63733711270,3636;-0,1940996;0,7649521;-1,454692;0,9673777;0,2033677;-0,1503049;0,01518399;4;3;76;1128,882;-0,1907236;0,7702377;-1,462659;-0,2784823;0,7587179;-1,720569;0,1219057;0,7714458;-1,752949;
00001;019;63733711286,0902;-0,3222665;0,7653997;-1,438336;-0,9791983;-0,1646529;0,1105848;-0,04279383;2;3;77;1144,609;-0,2832808;0,7673556;-1,447906;-0,2784823;0,7587179;-1,720569;0,1219057;0,7714458;-1,752949;
00001;019;63733711293,3365;-0,04735706;0,7670782;-1,575116;-0,9777003;-0,2090467;0,01381707;0,01452069;6;3;78;1151,855;-0,0473235;0,773333;-1,57901;-0,2784823;0,7587179;-1,720569;0,1219057;0,7714458;-1,752949;
00001;019;63733711304,8943;-0,2060355;0,7648121;-1,461624;-0,9787719;-0,1954898;0,05947388;-0,01588043;4;3;79;1163,412;-0,1907236;0,7702377;-1,462659;-0,2784823;0,7587179;-1,720569;0,1219057;0,7714458;-1,752949;
00001;019;63733711327,6077;-0,2994014;0,7646875;-1,539855;-0,9392759;-0,2103529;0,2686952;-0,03627042;1;3;80;1186,126;-0,2820057;0,7662996;-1,522888;-0,2784823;0,7587179;-1,720569;0,1219057;0,7714458;-1,752949;
00001;019;63733711338,3823;-0,1260981;0,7651035;-1,510253;-0,9648934;-0,2103584;0,1552611;-0,02498243;5;3;81;1196,901;-0,1087765;0,7723136;-1,508191;-0,2784823;0,7587179;-1,720569;0,1219057;0,7714458;-1,752949;
00001;019;63733711347,8847;-0,2913464;0,7655406;-1,599331;-0,9245394;-0,1868701;0,3273092;-0,05634728;0;3;82;1206,403;-0,2807306;0,7652436;-1,597869;-0,2784823;0,7587179;-1,720569;0,1219057;0,7714458;-1,752949;
00001;019;63733711362,0614;-0,313495;0,7636161;-1,390707;-0,9785404;-0,1992491;0,05175953;0,008925666;3;3;83;1220,579;-0,2845559;0,7684116;-1,372924;-0,2784823;0,7587179;-1,720569;0,1219057;0,7714458;-1,752949;
00001;019;63733711373,0535;-0,322167;0,7640734;-1,445608;0,9736416;0,2206812;-0,05761248;-0,001662403;2;3;84;1231,571;-0,2832808;0,7673556;-1,447906;-0,2784823;0,7587179;-1,720569;0,1219057;0,7714458;-1,752949;
00001;019;63733711383,7907;-0,2334841;0,7644115;-1,465091;0,9664397;0,221153;-0,1306861;0,002624403;4;3;85;1242,309;-0,1907236;0,7702377;-1,462659;-0,2784823;0,7587179;-1,720569;0,1219057;0,7714458;-1,752949;
00001;019;63733711393,3853;-0,3023003;0,765879;-1,599164;0,9149714;0,1900268;-0,3521713;0,05189113;0;3;86;1251,904;-0,2807306;0,7652436;-1,597869;-0,2784823;0,7587179;-1,720569;0,1219057;0,7714458;-1,752949;
00001;019;63733711405,2982;-0,3361669;0,764335;-1,457536;-0,9709418;-0,1796875;0,1545139;-0,03331606;2;3;87;1263,816;-0,2832808;0,7673556;-1,447906;-0,2784823;0,7587179;-1,720569;0,1219057;0,7714458;-1,752949;
00001;019;63733711418,7016;-0,3164882;0,7645875;-1,527356;-0,9249924;-0,1813689;0,3278328;-0,06340266;1;3;88;1277,219;-0,2820057;0,7662996;-1,522888;-0,2784823;0,7587179;-1,720569;0,1219057;0,7714458;-1,752949;
00001;019;63733711426,8352;-0,3167084;0,7639804;-1,386715;-0,9796093;-0,1943281;0,05087861;0,003694062;3;3;89;1285,354;-0,2845559;0,7684116;-1,372924;-0,2784823;0,7587179;-1,720569;0,1219057;0,7714458;-1,752949;
00001;019;63733711435,3592;-0,07657307;0,7664288;-1,595967;-0,9786436;-0,2042847;0,02288581;-0,0009033084;6;3;90;1293,877;-0,0473235;0,773333;-1,57901;-0,2784823;0,7587179;-1,720569;0,1219057;0,7714458;-1,752949;
00001;019;63733711449,0533;-0,1230883;0,7655419;-1,511123;0,9786034;0,2007707;-0,04501062;0,0008355836;5;3;91;1307,571;-0,1087765;0,7723136;-1,508191;-0,2784823;0,7587179;-1,720569;0,1219057;0,7714458;-1,752949;
00001;019;63733711461,1819;-0,3125297;0,7645742;-1,535266;0,9269673;0,1947756;-0,3156655;0,05612053;1;3;92;1319,7;-0,2820057;0,7662996;-1,522888;-0,2784823;0,7587179;-1,720569;0,1219057;0,7714458;-1,752949;
00001;019;63733711473,6747;-0,127104;0,7656363;-1,515564;0,9767172;0,2073182;-0,05516034;0,0001376049;5;3;93;1332,193;-0,1087765;0,7723136;-1,508191;-0,2784823;0,7587179;-1,720569;0,1219057;0,7714458;-1,752949;
00001;019;63733711484,4364;-0,2970572;0,7650586;-1,598091;0,9283736;0,187685;-0,315531;0,05776564;0;3;94;1342,955;-0,2807306;0,7652436;-1,597869;-0,2784823;0,7587179;-1,720569;0,1219057;0,7714458;-1,752949;
00001;019;63733711502,3175;-0,2215152;0,765252;-1,457022;0,980353;0,1630941;-0,09981136;0,04843708;4;3;95;1360,836;-0,1907236;0,7702377;-1,462659;-0,2784823;0,7587179;-1,720569;0,1219057;0,7714458;-1,752949;
00001;019;63733711514,0983;-0,3193133;0,7637542;-1,3794;0,984556;0,1749937;0,005030835;0,001173031;3;3;96;1372,616;-0,2845559;0,7684116;-1,372924;-0,2784823;0,7587179;-1,720569;0,1219057;0,7714458;-1,752949;
00001;019;63733711524,7341;-0,08281381;0,7664284;-1,589562;-0,9814054;-0,1909513;0,01943737;0,001777767;6;3;97;1383,252;-0,0473235;0,773333;-1,57901;-0,2784823;0,7587179;-1,720569;0,1219057;0,7714458;-1,752949;
00001;019;63733711535,0442;-0,3189919;0,7638801;-1,453187;-0,9769793;-0,2087964;0,04361327;0,003663563;2;3;98;1393,563;-0,2832808;0,7673556;-1,447906;-0,2784823;0,7587179;-1,720569;0,1219057;0,7714458;-1,752949;
00001;019;63733711542,2462;-0,3120373;0,7648415;-1,555439;-0,9364085;-0,2063171;0,2818961;-0,03327427;1;3;99;1400,765;-0,2820057;0,7662996;-1,522888;-0,2784823;0,7587179;-1,720569;0,1219057;0,7714458;-1,752949;
00001;019;63733711549,6809;-0,2097497;0,7648047;-1,470122;-0,9668136;-0,1914043;0,1673449;-0,02513264;4;3;100;1408,199;-0,1907236;0,7702377;-1,462659;-0,2784823;0,7587179;-1,720569;0,1219057;0,7714458;-1,752949;
00001;019;63733711557,682;-0,1364156;0,7658425;-1,52247;0,947683;0,229891;-0,2200631;0,02488754;5;3;101;1416,2;-0,1087765;0,7723136;-1,508191;-0,2784823;0,7587179;-1,720569;0,1219057;0,7714458;-1,752949;
00001;019;63733711564,5383;-0,3074976;0,7660859;-1,609539;0,9110764;0,1856283;-0,363454;0,05816573;0;3;102;1423,056;-0,2807306;0,7652436;-1,597869;-0,2784823;0,7587179;-1,720569;0,1219057;0,7714458;-1,752949;
00001;019;63733711574,212;-0,08769859;0,7663417;-1,597445;0,9663848;0,2073786;-0,1505093;0,02101222;6;3;103;1432,731;-0,0473235;0,773333;-1,57901;-0,2784823;0,7587179;-1,720569;0,1219057;0,7714458;-1,752949;
00001;019;63733711581,968;-0,3418396;0,7645565;-1,481867;0,9425529;0,1956533;-0,2684573;0,03527821;2;3;104;1440,487;-0,2832808;0,7673556;-1,447906;-0,2784823;0,7587179;-1,720569;0,1219057;0,7714458;-1,752949;
00001;019;63733711592,1987;-0,3408875;0,7649629;-1,384113;0,9795374;0,1629385;-0,1094761;0,04441495;3;3;105;1450,717;-0,2845559;0,7684116;-1,372924;-0,2784823;0,7587179;-1,720569;0,1219057;0,7714458;-1,752949;
00001;019;63733711606,2829;-0,3312668;0,7641378;-1,464718;0,9492415;0,2024422;-0,2391851;0,02735451;2;3;106;1464,801;-0,2832808;0,7673556;-1,447906;-0,2784823;0,7587179;-1,720569;0,1219057;0,7714458;-1,752949;
00001;019;63733711616,0724;-0,3095382;0,7663077;-1,613811;0,9332292;0,2166084;-0,2848149;0,03231955;0;3;107;1474,591;-0,2807306;0,7652436;-1,597869;-0,2784823;0,7587179;-1,720569;0,1219057;0,7714458;-1,752949;
00001;019;63733711623,4847;-0,3375276;0,7632252;-1,384677;0,9786917;0,2003546;-0,04441621;-0,006911904;3;3;108;1482,003;-0,2845559;0,7684116;-1,372924;-0,2784823;0,7587179;-1,720569;0,1219057;0,7714458;-1,752949;
00001;019;63733711634,0074;-0,3316976;0,7650245;-1,543441;0,9313927;0,2096924;-0,2949302;0,03940734;1;3;109;1492,526;-0,2820057;0,7662996;-1,522888;-0,2784823;0,7587179;-1,720569;0,1219057;0,7714458;-1,752949;
00001;019;63733711643,3082;-0,2250023;0,7645362;-1,479827;0,9571081;0,192503;-0,2143846;0,03043092;4;3;110;1501,827;-0,1907236;0,7702377;-1,462659;-0,2784823;0,7587179;-1,720569;0,1219057;0,7714458;-1,752949;
00001;019;63733711651,1576;-0,07122815;0,7677838;-1,600055;0,9726147;0,2256983;-0,05446869;-0,01068469;6;3;111;1509,676;-0,0473235;0,773333;-1,57901;-0,2784823;0,7587179;-1,720569;0,1219057;0,7714458;-1,752949;
00001;019;63733711666,5204;-0,153503;0,7658148;-1,530855;-0,9685369;-0,2075641;0,1372506;-0,003963706;5;3;112;1525,038;-0,1087765;0,7723136;-1,508191;-0,2784823;0,7587179;-1,720569;0,1219057;0,7714458;-1,752949;
00001;019;63733711676,4175;-0,1384702;0,7657097;-1,510504;-0,9754295;-0,2075951;0,07363852;0,004350651;5;3;113;1534,935;-0,1087765;0,7723136;-1,508191;-0,2784823;0,7587179;-1,720569;0,1219057;0,7714458;-1,752949;
00001;019;63733711685,4237;-0,3458375;0,7651537;-1,390033;-0,9837228;-0,1406085;0,1019981;-0,04599098;3;3;114;1543,941;-0,2845559;0,7684116;-1,372924;-0,2784823;0,7587179;-1,720569;0,1219057;0,7714458;-1,752949;
00001;019;63733711695,2163;-0,3560919;0,7646915;-1,460659;0,9743779;0,169936;-0,1414105;0,04138336;2;3;115;1553,734;-0,2832808;0,7673556;-1,447906;-0,2784823;0,7587179;-1,720569;0,1219057;0,7714458;-1,752949;
00001;019;63733711707,8163;-0,09238496;0,7670504;-1,587248;0,9747395;0,222394;-0,005275091;-0,01990026;6;3;116;1566,335;-0,0473235;0,773333;-1,57901;-0,2784823;0,7587179;-1,720569;0,1219057;0,7714458;-1,752949;
00001;019;63733711718,0997;-0,3124869;0,7654464;-1,608055;0,9107202;0,1987587;-0,358512;0,05052578;0;3;117;1576,618;-0,2807306;0,7652436;-1,597869;-0,2784823;0,7587179;-1,720569;0,1219057;0,7714458;-1,752949;
00001;019;63733711726,5735;-0,3319079;0,7651452;-1,531466;0,9388214;0,1868669;-0,284918;0,05016849;1;3;118;1585,092;-0,2820057;0,7662996;-1,522888;-0,2784823;0,7587179;-1,720569;0,1219057;0,7714458;-1,752949;
00001;019;63733711741,8771;-0,22385;0,7647086;-1,463728;-0,9641368;-0,1917848;0,181367;-0,02765648;4;3;119;1600,395;-0,1907236;0,7702377;-1,462659;-0,2784823;0,7587179;-1,720569;0,1219057;0,7714458;-1,752949;
00001;019;63733711750,0463;-0,06121971;0,7673885;-1,597589;0,9835184;0,1788152;0,01612862;0,02137036;6;3;120;1608,565;-0,0473235;0,773333;-1,57901;-0,2784823;0,7587179;-1,720569;0,1219057;0,7714458;-1,752949;
00001;019;63733711757,7986;-0,1348309;0,7654557;-1,513189;0,9712756;0,2145391;-0,102938;0,0007391195;5;3;121;1616,317;-0,1087765;0,7723136;-1,508191;-0,2784823;0,7587179;-1,720569;0,1219057;0,7714458;-1,752949;
00001;019;63733711767,6698;-0,2977409;0,766421;-1,617773;-0,9393601;-0,2118601;0,267647;-0,03290953;0;3;122;1626,188;-0,2807306;0,7652436;-1,597869;-0,2784823;0,7587179;-1,720569;0,1219057;0,7714458;-1,752949;
00001;019;63733711779,7761;-0,3105966;0,7653332;-1,538148;-0,9471288;-0,1691392;0,2665216;-0,05749247;1;3;123;1638,294;-0,2820057;0,7662996;-1,522888;-0,2784823;0,7587179;-1,720569;0,1219057;0,7714458;-1,752949;
00001;019;63733711791,5372;-0,3406766;0,7644632;-1,449582;0,9756132;0,1880274;-0,1119046;0,01737757;2;3;124;1650,055;-0,2832808;0,7673556;-1,447906;-0,2784823;0,7587179;-1,720569;0,1219057;0,7714458;-1,752949;
00001;019;63733711799,0694;-0,3556812;0,7640639;-1,386557;0,9809625;0,1891096;0,03371843;-0,02851837;3;3;125;1657,588;-0,2845559;0,7684116;-1,372924;-0,2784823;0,7587179;-1,720569;0,1219057;0,7714458;-1,752949;
00001;019;63733711805,9183;-0,2137243;0,7646099;-1,474778;0,9765159;0,1994128;-0,08134135;0,005907593;4;3;126;1664,437;-0,1907236;0,7702377;-1,462659;-0,2784823;0,7587179;-1,720569;0,1219057;0,7714458;-1,752949;
00001;019;63733711813,812;-0,3183384;0,7648317;-1,548869;0,918767;0,2050615;-0,3346967;0,04236934;1;3;127;1672,331;-0,2820057;0,7662996;-1,522888;-0,2784823;0,7587179;-1,720569;0,1219057;0,7714458;-1,752949;
00001;019;63733711821,4604;-0,3443969;0,7640189;-1,464918;0,9669198;0,2036799;-0,1526733;0,01647777;2;3;128;1679,979;-0,2832808;0,7673556;-1,447906;-0,2784823;0,7587179;-1,720569;0,1219057;0,7714458;-1,752949;
00001;019;63733711829,3825;-0,093518;0,7663957;-1,601239;0,9774044;0,2012732;-0,06432859;0,005619972;6;3;129;1687,901;-0,0473235;0,773333;-1,57901;-0,2784823;0,7587179;-1,720569;0,1219057;0,7714458;-1,752949;
00001;019;63733711839,0077;-0,1282283;0,7654446;-1,517463;0,9647089;0,2171529;-0,1486499;0,009193871;5;3;130;1697,526;-0,1087765;0,7723136;-1,508191;-0,2784823;0,7587179;-1,720569;0,1219057;0,7714458;-1,752949;
00001;019;63733711847,1368;-0,3536787;0,7651052;-1,393725;0,9840554;0,1695933;-0,05098754;0,01653792;3;3;131;1705,655;-0,2845559;0,7684116;-1,372924;-0,2784823;0,7587179;-1,720569;0,1219057;0,7714458;-1,752949;
00001;019;63733711857,0102;-0,3028592;0,7657841;-1,611138;0,9154103;0,2023316;-0,3417231;0,0656606;0;3;132;1715,528;-0,2807306;0,7652436;-1,597869;-0,2784823;0,7587179;-1,720569;0,1219057;0,7714458;-1,752949;
00001;019;63733711867,4615;-0,2335206;0,7649314;-1,49095;0,9678543;0,2043464;-0,1463244;0,009485753;4;3;133;1725,98;-0,1907236;0,7702377;-1,462659;-0,2784823;0,7587179;-1,720569;0,1219057;0,7714458;-1,752949;
00001;019;63733711876,3738;-0,2312134;0,764297;-1,46847;0,9637428;0,2148642;-0,1580482;0,007357794;4;3;134;1734,892;-0,1907236;0,7702377;-1,462659;-0,2784823;0,7587179;-1,720569;0,1219057;0,7714458;-1,752949;
00001;019;63733711883,5773;-0,09393952;0,7673275;-1,596065;0,9702247;0,2371574;-0,0398571;-0,02884116;6;3;135;1742,096;-0,0473235;0,773333;-1,57901;-0,2784823;0,7587179;-1,720569;0,1219057;0,7714458;-1,752949;
00001;019;63733711891,8096;-0,3479806;0,7645297;-1,391561;0,9810853;0,1874405;0,02892411;-0,03874381;3;3;136;1750,328;-0,2845559;0,7684116;-1,372924;-0,2784823;0,7587179;-1,720569;0,1219057;0,7714458;-1,752949;
00001;019;63733711899,8895;-0,1416689;0,7657271;-1,524204;0,9758866;0,2094383;-0,06129459;-0,004898284;5;3;137;1758,408;-0,1087765;0,7723136;-1,508191;-0,2784823;0,7587179;-1,720569;0,1219057;0,7714458;-1,752949;
00001;019;63733711911,1622;-0,3250094;0,7645738;-1,540631;0,9595318;0,2177604;-0,1768006;0,02491247;1;3;138;1769,68;-0,2820057;0,7662996;-1,522888;-0,2784823;0,7587179;-1,720569;0,1219057;0,7714458;-1,752949;
00001;019;63733711920,2675;-0,346436;0,7638596;-1,456182;0,9765177;0,1981524;-0,08455022;0,0003654;2;3;139;1778,786;-0,2832808;0,7673556;-1,447906;-0,2784823;0,7587179;-1,720569;0,1219057;0,7714458;-1,752949;
00001;019;63733711929,4077;-0,3177964;0,7657049;-1,619001;0,9404963;0,2103434;-0,2656632;0,02540662;0;3;140;1787,926;-0,2807306;0,7652436;-1,597869;-0,2784823;0,7587179;-1,720569;0,1219057;0,7714458;-1,752949;
