0,25;1,7404;-0,8081996;0
0,65;1,7402;-0,85;0
ExperimentID;participantID;date;PosRx;PosRy;PosRz;QuaternionRotw;QuaternionRotx;QuaternionRoty;QuaternionRotz;targetNumber;condition;aim_number;PosTargetx;PosTargety;PosTargetz;StartingPositionx;StartingPositiony;StartingPositionz;CalibrationCubex;CalibrationCubey;CalibrationCubez
00001;003;63714683954,8502;-0,1959611;0,8230647;-1,09169;-0,9921365;-0,1059519;-0,05726492;-0,03406101;2;1;1;100,6649;-0,1770905;0,8222108;-1,07218;-0,170692;0,8253065;-1,372134;0,2300902;0,8294991;-1,405351;
00001;003;63714683958,242;-0,1890807;0,8230835;-1,160918;-0,9880772;-0,126666;-0,06791673;-0,0551961;1;1;2;104,0567;-0,1751836;0,824579;-1,162128;-0,170692;0,8253065;-1,372134;0,2300902;0,8294991;-1,405351;
00001;003;63714683962,4461;0,1075422;0,8265247;-1,217922;-0,9384626;-0,1237696;-0,3217064;-0,02177173;6;1;3;108,2606;0,08582689;0,8282964;-1,216532;-0,170692;0,8253065;-1,372134;0,2300902;0,8294991;-1,405351;
00001;003;63714683964,9212;-0,1692169;0,8251086;-1,233363;-0,9873805;-0,1085582;-0,05159107;-0,1031176;0;1;4;110,7358;-0,1732767;0,8269472;-1,252077;-0,170692;0,8253065;-1,372134;0,2300902;0,8294991;-1,405351;
00001;003;63714683968,2879;0,02209447;0,8239366;-1,129861;-0,9474345;-0,1436066;-0,2846165;-0,02717624;5;1;5;114,1025;0,01718202;0,825645;-1,138198;-0,170692;0,8253065;-1,372134;0,2300902;0,8294991;-1,405351;
00001;003;63714683972,7114;-0,1818409;0,8220378;-0,9800065;-0,9869811;-0,1166932;-0,09260064;-0,0606312;3;1;6;118,5271;-0,1789974;0,8198427;-0,9822313;-0,170692;0,8253065;-1,372134;0,2300902;0,8294991;-1,405351;
00001;003;63714683977,6427;-0,07314543;0,8224109;-1,0697;-0,9641256;-0,1421479;-0,2241445;-0,003867802;4;1;7;123,4577;-0,07412814;0,8235315;-1,088065;-0,170692;0,8253065;-1,372134;0,2300902;0,8294991;-1,405351;
00001;003;63714683981,8472;0,1234056;0,8260301;-1,203117;-0,9159248;-0,1353899;-0,3738977;0,05433055;6;1;8;127,6619;0,08582689;0,8282964;-1,216532;-0,170692;0,8253065;-1,372134;0,2300902;0,8294991;-1,405351;
00001;003;63714683987,1198;0,05093619;0,8252017;-1,111734;-0,9470745;-0,1123298;-0,2963406;-0,05113032;5;1;9;132,9346;0,01718202;0,825645;-1,138198;-0,170692;0,8253065;-1,372134;0,2300902;0,8294991;-1,405351;
00001;003;63714683991,8851;-0,1815436;0,821602;-0,961883;-0,9844075;-0,1286864;-0,1080246;-0,05207925;3;1;10;137,7003;-0,1789974;0,8198427;-0,9822313;-0,170692;0,8253065;-1,372134;0,2300902;0,8294991;-1,405351;
00001;003;63714683995,7718;-0,07601586;0,822601;-1,081447;-0,968511;-0,1398394;-0,2028255;-0,03596336;4;1;11;141,587;-0,07412814;0,8235315;-1,088065;-0,170692;0,8253065;-1,372134;0,2300902;0,8294991;-1,405351;
00001;003;63714683998,4455;-0,1788595;0,822459;-1,050403;-0,9933343;-0,1041171;-0,04939539;-0,002605867;2;1;12;144,2605;-0,1770905;0,8222108;-1,07218;-0,170692;0,8253065;-1,372134;0,2300902;0,8294991;-1,405351;
00001;003;63714684001,3162;-0,1854849;0,8227291;-1,136777;-0,9868335;-0,1367933;-0,06708062;-0,05429093;1;1;13;147,1311;-0,1751836;0,824579;-1,162128;-0,170692;0,8253065;-1,372134;0,2300902;0,8294991;-1,405351;
00001;003;63714684003,6281;-0,1888148;0,8238971;-1,237116;-0,9837059;-0,1675317;-0,06019276;-0,0251539;0;1;14;149,4429;-0,1732767;0,8269472;-1,252077;-0,170692;0,8253065;-1,372134;0,2300902;0,8294991;-1,405351;
00001;003;63714684006,1757;-0,1906806;0,8223965;-1,07002;-0,9883718;-0,1273897;-0,06780591;-0,04791199;2;1;15;151,9904;-0,1770905;0,8222108;-1,07218;-0,170692;0,8253065;-1,372134;0,2300902;0,8294991;-1,405351;
00001;003;63714684008,6558;-0,1851006;0,8237106;-1,156066;-0,9873208;-0,1287024;-0,05736658;-0,07309178;1;1;16;154,4708;-0,1751836;0,824579;-1,162128;-0,170692;0,8253065;-1,372134;0,2300902;0,8294991;-1,405351;
00001;003;63714684011,7121;0,1116043;0,8262242;-1,194723;-0,9328197;-0,134919;-0,3323118;-0,03483243;6;1;17;157,5268;0,08582689;0,8282964;-1,216532;-0,170692;0,8253065;-1,372134;0,2300902;0,8294991;-1,405351;
00001;003;63714684014,8491;-0,2017076;0,8224173;-0,9534057;-0,989528;-0,1089084;-0,06697466;-0,06699136;3;1;18;160,6637;-0,1789974;0,8198427;-0,9822313;-0,170692;0,8253065;-1,372134;0,2300902;0,8294991;-1,405351;
00001;003;63714684017,8031;-0,0835274;0,821883;-1,062941;-0,9684475;-0,165258;-0,1865167;0,003295884;4;1;19;163,6184;-0,07412814;0,8235315;-1,088065;-0,170692;0,8253065;-1,372134;0,2300902;0,8294991;-1,405351;
00001;003;63714684020,6382;0,02399975;0,8235041;-1,104888;-0,9514146;-0,1495635;-0,2688533;-0,01260834;5;1;20;166,4531;0,01718202;0,825645;-1,138198;-0,170692;0,8253065;-1,372134;0,2300902;0,8294991;-1,405351;
00001;003;63714684023,2099;-0,1791308;0,8238178;-1,240153;-0,9842922;-0,160128;-0,06382654;-0,03813228;0;1;21;169,0244;-0,1732767;0,8269472;-1,252077;-0,170692;0,8253065;-1,372134;0,2300902;0,8294991;-1,405351;
00001;003;63714684025,5217;0,01932826;0,8241025;-1,128106;-0,9548833;-0,1226087;-0,2695069;0,02304474;5;1;22;171,3369;0,01718202;0,825645;-1,138198;-0,170692;0,8253065;-1,372134;0,2300902;0,8294991;-1,405351;
00001;003;63714684028,4206;0,1135965;0,8263831;-1,207074;-0,9188142;-0,116259;-0,3732213;0,05450001;6;1;23;174,2353;0,08582689;0,8282964;-1,216532;-0,170692;0,8253065;-1,372134;0,2300902;0,8294991;-1,405351;
00001;003;63714684031,5866;-0,2097398;0,8221186;-0,9581672;-0,9843543;-0,1278488;-0,1121001;-0,046206;3;1;24;177,4017;-0,1789974;0,8198427;-0,9822313;-0,170692;0,8253065;-1,372134;0,2300902;0,8294991;-1,405351;
00001;003;63714684035,7187;-0,2104575;0,8216954;-1,050185;-0,9865758;-0,1402401;-0,07504293;-0,03700733;2;1;25;181,5336;-0,1770905;0,8222108;-1,07218;-0,170692;0,8253065;-1,372134;0,2300902;0,8294991;-1,405351;
00001;003;63714684037,7638;-0,1770887;0,8251324;-1,278694;-0,9830604;-0,1703225;-0,0551445;-0,03926312;1;1;26;183,5783;-0,1751836;0,824579;-1,162128;-0,170692;0,8253065;-1,372134;0,2300902;0,8294991;-1,405351;
00001;003;63714684042,0522;-0,06553295;0,8219271;-1,098509;-0,9577788;-0,1692992;-0,2317683;0,01676746;4;1;27;187,8675;-0,07412814;0,8235315;-1,088065;-0,170692;0,8253065;-1,372134;0,2300902;0,8294991;-1,405351;
00001;003;63714684044,7948;-0,1736551;0,8242346;-1,247609;-0,9846397;-0,1540541;-0,07127355;-0,04089274;0;1;28;190,61;-0,1732767;0,8269472;-1,252077;-0,170692;0,8253065;-1,372134;0,2300902;0,8294991;-1,405351;
00001;003;63714684047,1015;-0,1668484;0,8235111;-1,255888;-0,979908;-0,1839077;-0,07718423;0,0008600554;0;1;29;192,9159;-0,1732767;0,8269472;-1,252077;-0,170692;0,8253065;-1,372134;0,2300902;0,8294991;-1,405351;
00001;003;63714684050,5965;0,1130146;0,8250806;-1,212915;-0,9230872;-0,1683506;-0,3415845;0,05374064;6;1;30;196,4116;0,08582689;0,8282964;-1,216532;-0,170692;0,8253065;-1,372134;0,2300902;0,8294991;-1,405351;
00001;003;63714684054,9449;-0,182045;0,8219232;-0,958021;-0,9890025;-0,1199324;-0,05505071;-0,06678024;3;1;31;200,76;-0,1789974;0,8198427;-0,9822313;-0,170692;0,8253065;-1,372134;0,2300902;0,8294991;-1,405351;
00001;003;63714684057,6567;-0,1926051;0,822637;-1,164757;-0,9862258;-0,1595068;-0,03041589;-0,03148197;1;1;32;203,4712;-0,1751836;0,824579;-1,162128;-0,170692;0,8253065;-1,372134;0,2300902;0,8294991;-1,405351;
00001;003;63714684059,7629;-0,2001966;0,8216842;-1,074308;-0,986513;-0,1542544;-0,04711239;-0,02789875;2;1;33;205,5781;-0,1770905;0,8222108;-1,07218;-0,170692;0,8253065;-1,372134;0,2300902;0,8294991;-1,405351;
00001;003;63714684061,9352;0,03828045;0,8232067;-1,126178;-0,9354575;-0,1644429;-0,3109614;0,03436439;5;1;34;207,7496;0,01718202;0,825645;-1,138198;-0,170692;0,8253065;-1,372134;0,2300902;0,8294991;-1,405351;
00001;003;63714684064,0684;-0,05789731;0,8217769;-1,054825;-0,9715659;-0,1673432;-0,167494;0,001352951;4;1;35;209,8831;-0,07412814;0,8235315;-1,088065;-0,170692;0,8253065;-1,372134;0,2300902;0,8294991;-1,405351;
00001;003;63714684066,2783;-0,04972692;0,821824;-1,051289;-0,9674282;-0,1702168;-0,1872191;0,00761942;4;1;36;212,0937;-0,07412814;0,8235315;-1,088065;-0,170692;0,8253065;-1,372134;0,2300902;0,8294991;-1,405351;
00001;003;63714684069,5031;0,1212809;0,8250999;-1,206248;-0,9215553;-0,1571408;-0,344698;0,08500493;6;1;37;215,3177;0,08582689;0,8282964;-1,216532;-0,170692;0,8253065;-1,372134;0,2300902;0,8294991;-1,405351;
00001;003;63714684072,1098;0,04372257;0,8228729;-1,099716;-0,9299886;-0,1701661;-0,3230749;0,04227882;5;1;38;217,9243;0,01718202;0,825645;-1,138198;-0,170692;0,8253065;-1,372134;0,2300902;0,8294991;-1,405351;
00001;003;63714684074,2747;-0,1860136;0,8236415;-1,234998;-0,9840903;-0,1635236;-0,06386087;-0,02735294;0;1;39;220,09;-0,1732767;0,8269472;-1,252077;-0,170692;0,8253065;-1,372134;0,2300902;0,8294991;-1,405351;
00001;003;63714684076,3429;-0,1955653;0,8219584;-1,136218;-0,9822252;-0,1762196;-0,0637291;-0,01090504;1;1;40;222,1577;-0,1751836;0,824579;-1,162128;-0,170692;0,8253065;-1,372134;0,2300902;0,8294991;-1,405351;
00001;003;63714684078,3766;-0,2021799;0,8210385;-1,042023;-0,9822879;-0,1719796;-0,07418968;-0,005422863;2;1;41;224,1909;-0,1770905;0,8222108;-1,07218;-0,170692;0,8253065;-1,372134;0,2300902;0,8294991;-1,405351;
00001;003;63714684081,7935;-0,2140308;0,8210148;-0,9549363;-0,9803001;-0,1760613;-0,08950525;-0,001712429;3;1;42;227,6081;-0,1789974;0,8198427;-0,9822313;-0,170692;0,8253065;-1,372134;0,2300902;0,8294991;-1,405351;
00001;003;63714684084,2531;-0,2070522;0,8221201;-1,158026;-0,9814001;-0,1871703;-0,04252808;-0,003565956;1;1;43;230,0675;-0,1751836;0,824579;-1,162128;-0,170692;0,8253065;-1,372134;0,2300902;0,8294991;-1,405351;
00001;003;63714684087,0893;-0,2204199;0,8205771;-0,934585;-0,9821145;-0,1737274;-0,07259189;-0,0007004441;3;1;44;232,9038;-0,1789974;0,8198427;-0,9822313;-0,170692;0,8253065;-1,372134;0,2300902;0,8294991;-1,405351;
00001;003;63714684089,8815;-0,1942141;0,822939;-1,235758;-0,9753972;-0,2158705;-0,04028441;0,01942438;0;1;45;235,6967;-0,1732767;0,8269472;-1,252077;-0,170692;0,8253065;-1,372134;0,2300902;0,8294991;-1,405351;
00001;003;63714684092,4564;0,1102693;0,8246462;-1,192755;-0,9268152;-0,1775725;-0,3262161;0,05536005;6;1;46;238,2715;0,08582689;0,8282964;-1,216532;-0,170692;0,8253065;-1,372134;0,2300902;0,8294991;-1,405351;
00001;003;63714684095,7559;-0,1933361;0,8207989;-1,000239;-0,9766626;-0,1872799;-0,1040716;0,01501649;2;1;47;241,5711;-0,1770905;0,8222108;-1,07218;-0,170692;0,8253065;-1,372134;0,2300902;0,8294991;-1,405351;
00001;003;63714684098,2806;-0,05623771;0,8213935;-1,054434;-0,9533069;-0,1989792;-0,2221741;0,04745558;4;1;48;244,0953;-0,07412814;0,8235315;-1,088065;-0,170692;0,8253065;-1,372134;0,2300902;0,8294991;-1,405351;
00001;003;63714684101,5196;0,04525291;0,8229588;-1,104482;-0,925762;-0,1995795;-0,3128089;0,072686;5;1;49;247,3341;0,01718202;0,825645;-1,138198;-0,170692;0,8253065;-1,372134;0,2300902;0,8294991;-1,405351;
00001;003;63714684105,0267;-0,201747;0,8208213;-1,007766;-0,9705418;-0,2056929;-0,1226004;0,02661146;2;1;50;250,8415;-0,1770905;0,8222108;-1,07218;-0,170692;0,8253065;-1,372134;0,2300902;0,8294991;-1,405351;
00001;003;63714684107,2832;-0,1978758;0,8220668;-1,168077;-0,9670412;-0,2455888;-0,05946985;0,03131833;1;1;51;253,0981;-0,1751836;0,824579;-1,162128;-0,170692;0,8253065;-1,372134;0,2300902;0,8294991;-1,405351;
00001;003;63714684110,0143;-0,04916891;0,8211018;-1,045169;-0,9350693;-0,2410047;-0,2457703;0,0846118;4;1;52;255,829;-0,07412814;0,8235315;-1,088065;-0,170692;0,8253065;-1,372134;0,2300902;0,8294991;-1,405351;
00001;003;63714684112,0744;-0,1919013;0,8232068;-1,250368;-0,9683101;-0,2458978;-0,03448482;0,02684721;0;1;53;257,8894;-0,1732767;0,8269472;-1,252077;-0,170692;0,8253065;-1,372134;0,2300902;0,8294991;-1,405351;
00001;003;63714684114,778;-0,2228043;0,8199407;-0,9665927;-0,9703572;-0,2353144;-0,03943087;0,03846274;3;1;54;260,5925;-0,1789974;0,8198427;-0,9822313;-0,170692;0,8253065;-1,372134;0,2300902;0,8294991;-1,405351;
00001;003;63714684117,5482;0,1107447;0,8244244;-1,209926;-0,9111793;-0,1699116;-0,3585818;0,1109121;6;1;55;263,3628;0,08582689;0,8282964;-1,216532;-0,170692;0,8253065;-1,372134;0,2300902;0,8294991;-1,405351;
00001;003;63714684120,1277;0,03394622;0,8220127;-1,109761;-0,9429508;-0,2183025;-0,2387565;0,07863367;5;1;56;265,9426;0,01718202;0,825645;-1,138198;-0,170692;0,8253065;-1,372134;0,2300902;0,8294991;-1,405351;
00001;003;63714684122,123;0,04374452;0,8226042;-1,112757;-0,9451855;-0,2226438;-0,229765;0,06528693;5;1;57;267,9376;0,01718202;0,825645;-1,138198;-0,170692;0,8253065;-1,372134;0,2300902;0,8294991;-1,405351;
00001;003;63714684125,021;-0,2038547;0,820448;-0,9268218;-0,9784871;-0,1913108;-0,07622547;0,01236997;3;1;58;270,8356;-0,1789974;0,8198427;-0,9822313;-0,170692;0,8253065;-1,372134;0,2300902;0,8294991;-1,405351;
00001;003;63714684127,4113;-0,2060426;0,8206803;-1,122142;-0,9714278;-0,2334355;-0,02566351;0,03431182;1;1;59;273,2263;-0,1751836;0,824579;-1,162128;-0,170692;0,8253065;-1,372134;0,2300902;0,8294991;-1,405351;
00001;003;63714684129,3659;-0,1720541;0,8228368;-1,228951;-0,9658315;-0,2537467;-0,0423691;0,03141886;0;1;60;275,1812;-0,1732767;0,8269472;-1,252077;-0,170692;0,8253065;-1,372134;0,2300902;0,8294991;-1,405351;
00001;003;63714684131,6331;-0,1992491;0,8204128;-1,002679;-0,9682459;-0,2316868;-0,07931456;0,05030221;2;1;61;277,4475;-0,1770905;0,8222108;-1,07218;-0,170692;0,8253065;-1,372134;0,2300902;0,8294991;-1,405351;
00001;003;63714684134,0138;-0,05234818;0,8213069;-1,034348;-0,9445645;-0,2367009;-0,2115135;0,08385993;4;1;62;279,8283;-0,07412814;0,8235315;-1,088065;-0,170692;0,8253065;-1,372134;0,2300902;0,8294991;-1,405351;
00001;003;63714684136,2903;0,1337371;0,8244696;-1,16627;-0,9294106;-0,1765348;-0,319472;0,05449031;6;1;63;282,1056;0,08582689;0,8282964;-1,216532;-0,170692;0,8253065;-1,372134;0,2300902;0,8294991;-1,405351;
00001;003;63714684138,3458;0,137417;0,8244038;-1,16974;-0,9185191;-0,200457;-0,3300248;0,08498971;6;1;64;284,1605;0,08582689;0,8282964;-1,216532;-0,170692;0,8253065;-1,372134;0,2300902;0,8294991;-1,405351;
00001;003;63714684141,3168;-0,1887353;0,8212513;-1,130325;-0,9690153;-0,2389603;-0,05023091;0,03720563;1;1;65;287,1321;-0,1751836;0,824579;-1,162128;-0,170692;0,8253065;-1,372134;0,2300902;0,8294991;-1,405351;
00001;003;63714684144,6569;-0,1861674;0,8233511;-1,238069;-0,9703905;-0,217023;-0,1029275;0,02548132;0;1;66;290,4723;-0,1732767;0,8269472;-1,252077;-0,170692;0,8253065;-1,372134;0,2300902;0,8294991;-1,405351;
00001;003;63714684146,8862;-0,1919349;0,8215212;-1,016928;-0,984137;-0,1595086;-0,07262574;-0,02751351;2;1;67;292,7012;-0,1770905;0,8222108;-1,07218;-0,170692;0,8253065;-1,372134;0,2300902;0,8294991;-1,405351;
00001;003;63714684149,3473;-0,06902413;0,8208231;-1,051582;-0,966885;-0,2025217;-0,1486308;0,04502593;4;1;68;295,1624;-0,07412814;0,8235315;-1,088065;-0,170692;0,8253065;-1,372134;0,2300902;0,8294991;-1,405351;
00001;003;63714684152,3295;0,04124394;0,8234099;-1,102973;-0,9447228;-0,2308122;-0,2238425;0,06418062;5;1;69;298,1448;0,01718202;0,825645;-1,138198;-0,170692;0,8253065;-1,372134;0,2300902;0,8294991;-1,405351;
00001;003;63714684155,5928;-0,2186694;0,8206519;-0,9399772;-0,9792779;-0,1922837;-0,06205804;0,01380873;3;1;70;301,4072;-0,1789974;0,8198427;-0,9822313;-0,170692;0,8253065;-1,372134;0,2300902;0,8294991;-1,405351;
00001;003;63714684158,1054;-0,1953247;0,8230331;-1,22989;-0,9654085;-0,2497514;-0,06105632;0,04339226;0;1;71;303,9206;-0,1732767;0,8269472;-1,252077;-0,170692;0,8253065;-1,372134;0,2300902;0,8294991;-1,405351;
00001;003;63714684160,2934;-0,2040931;0,8219777;-1,019239;-0,9866208;-0,1565681;-0,02153864;-0,04002434;2;1;72;306,1079;-0,1770905;0,8222108;-1,07218;-0,170692;0,8253065;-1,372134;0,2300902;0,8294991;-1,405351;
00001;003;63714684163,3168;-0,2180668;0,8206717;-0,9177281;-0,9762577;-0,2080169;-0,05473217;0,02557842;3;1;73;309,132;-0,1789974;0,8198427;-0,9822313;-0,170692;0,8253065;-1,372134;0,2300902;0,8294991;-1,405351;
00001;003;63714684165,8917;0,04381454;0,8234382;-1,104254;-0,9489298;-0,2342401;-0,2028608;0,05925667;5;1;74;311,7068;0,01718202;0,825645;-1,138198;-0,170692;0,8253065;-1,372134;0,2300902;0,8294991;-1,405351;
00001;003;63714684168,9342;-0,06715308;0,8217777;-1,018023;-0,9483838;-0,2162424;-0,2250556;0,05619085;4;1;75;314,7491;-0,07412814;0,8235315;-1,088065;-0,170692;0,8253065;-1,372134;0,2300902;0,8294991;-1,405351;
00001;003;63714684171,3266;-0,2004295;0,8223833;-1,110641;-0,9737447;-0,2229365;-0,04603001;0,00139181;1;1;76;317,1411;-0,1751836;0,824579;-1,162128;-0,170692;0,8253065;-1,372134;0,2300902;0,8294991;-1,405351;
00001;003;63714684174,5708;0,1228073;0,8243244;-1,14019;-0,9476165;-0,1932185;-0,2491811;0,05097576;6;1;77;320,3853;0,08582689;0,8282964;-1,216532;-0,170692;0,8253065;-1,372134;0,2300902;0,8294991;-1,405351;
00001;003;63714684179,4456;0,05570556;0,8234373;-1,069834;-0,9479614;-0,1733966;-0,2665886;0,01527516;5;1;78;325,26;0,01718202;0,825645;-1,138198;-0,170692;0,8253065;-1,372134;0,2300902;0,8294991;-1,405351;
00001;003;63714684181,829;-0,1930641;0,820487;-0,9932029;-0,9696488;-0,2211562;-0,0933805;0,04638177;2;1;79;327,6436;-0,1770905;0,8222108;-1,07218;-0,170692;0,8253065;-1,372134;0,2300902;0,8294991;-1,405351;
00001;003;63714684184,1062;-0,1932332;0,8219972;-1,122196;-0,9814466;-0,1760117;-0,07500639;-0,01251465;1;1;80;329,9214;-0,1751836;0,824579;-1,162128;-0,170692;0,8253065;-1,372134;0,2300902;0,8294991;-1,405351;
00001;003;63714684187,3813;0,1518571;0,8252557;-1,154862;-0,9263375;-0,2049259;-0,30964;0,06346125;6;1;81;333,1958;0,08582689;0,8282964;-1,216532;-0,170692;0,8253065;-1,372134;0,2300902;0,8294991;-1,405351;
00001;003;63714684190,4532;-0,204903;0,821445;-0,9262383;-0,9888133;-0,1295261;-0,05444024;-0,05007617;3;1;82;336,2677;-0,1789974;0,8198427;-0,9822313;-0,170692;0,8253065;-1,372134;0,2300902;0,8294991;-1,405351;
00001;003;63714684192,8758;-0,1885689;0,8231369;-1,2307;-0,9821181;-0,1829229;-0,04445993;-0,002556926;0;1;83;338,6911;-0,1732767;0,8269472;-1,252077;-0,170692;0,8253065;-1,372134;0,2300902;0,8294991;-1,405351;
00001;003;63714684196,3386;-0,05051596;0,8208063;-1,032144;-0,9596202;-0,1886515;-0,2027874;0,04916113;4;1;84;342,1533;-0,07412814;0,8235315;-1,088065;-0,170692;0,8253065;-1,372134;0,2300902;0,8294991;-1,405351;
00001;003;63714684198,84;-0,1813309;0,8215315;-1,099513;-0,9802511;-0,1775968;-0,08698842;-0,0003478853;1;1;85;344,6553;-0,1751836;0,824579;-1,162128;-0,170692;0,8253065;-1,372134;0,2300902;0,8294991;-1,405351;
00001;003;63714684201,0973;-0,2050975;0,8222758;-0,9937246;-0,991338;-0,1185423;-0,03717246;-0,04260224;2;1;86;346,9125;-0,1770905;0,8222108;-1,07218;-0,170692;0,8253065;-1,372134;0,2300902;0,8294991;-1,405351;
00001;003;63714684205,6781;0,1229574;0,8249347;-1,16484;-0,9424154;-0,1834046;-0,2771474;0,03749009;6;1;87;351,4927;0,08582689;0,8282964;-1,216532;-0,170692;0,8253065;-1,372134;0,2300902;0,8294991;-1,405351;
00001;003;63714684208,3682;-0,05637547;0,822155;-1,016863;-0,9770955;-0,1339496;-0,1649576;-0,01143781;4;1;88;354,183;-0,07412814;0,8235315;-1,088065;-0,170692;0,8253065;-1,372134;0,2300902;0,8294991;-1,405351;
00001;003;63714684211,2953;-0,2145934;0,8211809;-0,9134977;-0,9886112;-0,1372686;-0,06071679;0,01089547;3;1;89;357,1103;-0,1789974;0,8198427;-0,9822313;-0,170692;0,8253065;-1,372134;0,2300902;0,8294991;-1,405351;
00001;003;63714684213,5351;-0,1890982;0,8235576;-1,225176;-0,9838356;-0,1611763;-0,07573906;-0,01879361;0;1;90;359,35;-0,1732767;0,8269472;-1,252077;-0,170692;0,8253065;-1,372134;0,2300902;0,8294991;-1,405351;
00001;003;63714684215,9825;0,05283925;0,8230362;-1,073509;-0,9549606;-0,1454378;-0,2544948;0,04615825;5;1;91;361,797;0,01718202;0,825645;-1,138198;-0,170692;0,8253065;-1,372134;0,2300902;0,8294991;-1,405351;
00001;003;63714684218,9468;0,06764422;0,822694;-1,076834;-0,9452146;-0,1745488;-0,2715556;0,04857665;5;1;92;364,7613;0,01718202;0,825645;-1,138198;-0,170692;0,8253065;-1,372134;0,2300902;0,8294991;-1,405351;
00001;003;63714684221,2793;-0,2146378;0,8204193;-1,0082;-0,9800771;-0,1886228;-0,05986095;0,01694068;2;1;93;367,094;-0,1770905;0,8222108;-1,07218;-0,170692;0,8253065;-1,372134;0,2300902;0,8294991;-1,405351;
00001;003;63714684223,8344;-0,1971912;0,8215421;-1,132352;-0,9768766;-0,1983974;-0,07821053;0,01528768;1;1;94;369,6495;-0,1751836;0,824579;-1,162128;-0,170692;0,8253065;-1,372134;0,2300902;0,8294991;-1,405351;
00001;003;63714684226,5059;-0,2200468;0,8209622;-0,9142312;-0,9842275;-0,1620929;-0,0701922;-0,009751562;3;1;95;372,3209;-0,1789974;0,8198427;-0,9822313;-0,170692;0,8253065;-1,372134;0,2300902;0,8294991;-1,405351;
00001;003;63714684228,9042;-0,1907245;0,8228025;-1,215979;-0,9796512;-0,1957699;-0,0441367;0,003130569;0;1;96;374,7194;-0,1732767;0,8269472;-1,252077;-0,170692;0,8253065;-1,372134;0,2300902;0,8294991;-1,405351;
00001;003;63714684231,6864;-0,04358608;0,8210595;-1,040539;-0,9543548;-0,1848443;-0,2293594;0,04933402;4;1;97;377,5012;-0,07412814;0,8235315;-1,088065;-0,170692;0,8253065;-1,372134;0,2300902;0,8294991;-1,405351;
00001;003;63714684234,7396;0,1367936;0,8246096;-1,172762;-0,9312907;-0,1941464;-0,3006783;0,06780308;6;1;98;380,5544;0,08582689;0,8282964;-1,216532;-0,170692;0,8253065;-1,372134;0,2300902;0,8294991;-1,405351;
00001;003;63714684237,7549;0,02276505;0,8216927;-1,0702;-0,9601108;-0,2053016;-0,1808055;0,05786211;5;1;99;383,5696;0,01718202;0,825645;-1,138198;-0,170692;0,8253065;-1,372134;0,2300902;0,8294991;-1,405351;
00001;003;63714684240,0067;-0,1838422;0,8231812;-1,227429;-0,9787373;-0,1976918;-0,0542716;0,00677595;0;1;100;385,822;-0,1732767;0,8269472;-1,252077;-0,170692;0,8253065;-1,372134;0,2300902;0,8294991;-1,405351;
00001;003;63714684242,7377;-0,04144875;0,8219623;-1,056675;-0,9520531;-0,1850265;-0,2408813;0,03655674;4;1;101;388,5523;-0,07412814;0,8235315;-1,088065;-0,170692;0,8253065;-1,372134;0,2300902;0,8294991;-1,405351;
00001;003;63714684245,485;0,1218841;0,8246047;-1,188463;-0,9444729;-0,1863219;-0,2655208;0,05247768;6;1;102;391,3;0,08582689;0,8282964;-1,216532;-0,170692;0,8253065;-1,372134;0,2300902;0,8294991;-1,405351;
00001;003;63714684247,8083;-0,175256;0,8215403;-1,126335;-0,9745964;-0,2076238;-0,07955485;0,02693278;1;1;103;393,623;-0,1751836;0,824579;-1,162128;-0,170692;0,8253065;-1,372134;0,2300902;0,8294991;-1,405351;
00001;003;63714684250,6119;-0,2126633;0,8207679;-0,9087039;-0,9839471;-0,1711109;-0,05046333;-0,004757287;3;1;104;396,4271;-0,1789974;0,8198427;-0,9822313;-0,170692;0,8253065;-1,372134;0,2300902;0,8294991;-1,405351;
00001;003;63714684253,4716;-0,2055085;0,8207209;-1,029737;-0,9813167;-0,1830624;-0,05873305;0,007490483;2;1;105;399,2868;-0,1770905;0,8222108;-1,07218;-0,170692;0,8253065;-1,372134;0,2300902;0,8294991;-1,405351;
00001;003;63714684255,6719;-0,05548445;0,8210579;-1,042441;-0,9699134;-0,1842953;-0,1555263;0,03339097;4;1;106;401,4866;-0,07412814;0,8235315;-1,088065;-0,170692;0,8253065;-1,372134;0,2300902;0,8294991;-1,405351;
00001;003;63714684258,1025;-0,2130709;0,8208867;-0,9159583;-0,9843882;-0,1684813;-0,05029663;-0,008014338;3;1;107;403,9171;-0,1789974;0,8198427;-0,9822313;-0,170692;0,8253065;-1,372134;0,2300902;0,8294991;-1,405351;
00001;003;63714684260,5962;-0,209165;0,8205813;-1,024206;-0,9817461;-0,1827165;-0,05185509;0,01002303;2;1;108;406,4109;-0,1770905;0,8222108;-1,07218;-0,170692;0,8253065;-1,372134;0,2300902;0,8294991;-1,405351;
00001;003;63714684263,0118;0,1311165;0,8253101;-1,192555;-0,9442306;-0,1600095;-0,272913;0,09134559;6;1;109;408,8263;0,08582689;0,8282964;-1,216532;-0,170692;0,8253065;-1,372134;0,2300902;0,8294991;-1,405351;
00001;003;63714684265,3894;-0,1889511;0,8234838;-1,22646;-0,9811891;-0,1839841;-0,05686847;-0,0135522;0;1;110;411,2044;-0,1732767;0,8269472;-1,252077;-0,170692;0,8253065;-1,372134;0,2300902;0,8294991;-1,405351;
00001;003;63714684267,3054;-0,1947334;0,8219338;-1,131625;-0,9795418;-0,1914032;-0,06207917;0,002993322;1;1;111;413,1202;-0,1751836;0,824579;-1,162128;-0,170692;0,8253065;-1,372134;0,2300902;0,8294991;-1,405351;
00001;003;63714684270,2266;0,02693247;0,8219393;-1,103578;-0,9511757;-0,2062607;-0,2187781;0,06969539;5;1;112;416,0415;0,01718202;0,825645;-1,138198;-0,170692;0,8253065;-1,372134;0,2300902;0,8294991;-1,405351;
00001;003;63714684273,4314;0,1199907;0,824297;-1,180795;-0,9542546;-0,1971183;-0,2179456;0,05515597;6;1;113;419,246;0,08582689;0,8282964;-1,216532;-0,170692;0,8253065;-1,372134;0,2300902;0,8294991;-1,405351;
00001;003;63714684276,476;0,05634854;0,8229084;-1,08971;-0,9656602;-0,17735;-0,1815616;0,05552268;5;1;114;422,2907;0,01718202;0,825645;-1,138198;-0,170692;0,8253065;-1,372134;0,2300902;0,8294991;-1,405351;
00001;003;63714684279,0798;-0,1759441;0,8222462;-1,142084;-0,9810779;-0,1858934;-0,05403873;-0,003109651;1;1;115;424,8945;-0,1751836;0,824579;-1,162128;-0,170692;0,8253065;-1,372134;0,2300902;0,8294991;-1,405351;
00001;003;63714684281,4849;-0,209055;0,8209274;-0,9365952;-0,9767449;-0,2050793;-0,06045774;0,01602601;3;1;116;427,3002;-0,1789974;0,8198427;-0,9822313;-0,170692;0,8253065;-1,372134;0,2300902;0,8294991;-1,405351;
00001;003;63714684284,3958;-0,2047959;0,8204263;-1,037568;-0,9726411;-0,2245213;-0,0441836;0,04009091;2;1;117;430,2104;-0,1770905;0,8222108;-1,07218;-0,170692;0,8253065;-1,372134;0,2300902;0,8294991;-1,405351;
00001;003;63714684286,9909;-0,04343135;0,820734;-1,032754;-0,9601741;-0,208301;-0,1758491;0,06126617;4;1;118;432,8062;-0,07412814;0,8235315;-1,088065;-0,170692;0,8253065;-1,372134;0,2300902;0,8294991;-1,405351;
00001;003;63714684288,9086;-0,1981502;0,8231058;-1,23366;-0,9820517;-0,1883216;-0,008548206;-0,006045393;0;1;119;434,7231;-0,1732767;0,8269472;-1,252077;-0,170692;0,8253065;-1,372134;0,2300902;0,8294991;-1,405351;
00001;003;63714684291,4898;-0,2000251;0,8203133;-1,03932;-0,9713749;-0,2196052;-0,07751526;0,04685972;2;1;120;437,3047;-0,1770905;0,8222108;-1,07218;-0,170692;0,8253065;-1,372134;0,2300902;0,8294991;-1,405351;
00001;003;63714684294,4303;0,05283207;0,8226969;-1,093866;-0,9558856;-0,1789761;-0,2297848;0,03806773;5;1;121;440,2455;0,01718202;0,825645;-1,138198;-0,170692;0,8253065;-1,372134;0,2300902;0,8294991;-1,405351;
00001;003;63714684297,0673;0,1403797;0,8250052;-1,15542;-0,9392437;-0,1781854;-0,2910422;0,03695539;6;1;122;442,882;0,08582689;0,8282964;-1,216532;-0,170692;0,8253065;-1,372134;0,2300902;0,8294991;-1,405351;
00001;003;63714684299,2499;-0,1882259;0,8229295;-1,2232;-0,9805235;-0,1923701;-0,03956991;0,00130233;0;1;123;445,0652;-0,1732767;0,8269472;-1,252077;-0,170692;0,8253065;-1,372134;0,2300902;0,8294991;-1,405351;
00001;003;63714684300,9151;-0,1864137;0,8213983;-1,13741;-0,9763433;-0,2112628;-0,04093802;0,02111945;1;1;124;446,73;-0,1751836;0,824579;-1,162128;-0,170692;0,8253065;-1,372134;0,2300902;0,8294991;-1,405351;
00001;003;63714684303,2553;-0,1999674;0,8206449;-0,9206056;-0,9805587;-0,1808497;-0,07599977;0,004695673;3;1;125;449,0703;-0,1789974;0,8198427;-0,9822313;-0,170692;0,8253065;-1,372134;0,2300902;0,8294991;-1,405351;
00001;003;63714684306,2547;-0,04144848;0,8208663;-1,045874;-0,9615782;-0,1933262;-0,1830572;0,06695045;4;1;126;452,0701;-0,07412814;0,8235315;-1,088065;-0,170692;0,8253065;-1,372134;0,2300902;0,8294991;-1,405351;
00001;003;63714684308,3217;-0,03047413;0,8208925;-1,043057;-0,9551041;-0,2065522;-0,2013402;0,06763599;4;1;127;454,1365;-0,07412814;0,8235315;-1,088065;-0,170692;0,8253065;-1,372134;0,2300902;0,8294991;-1,405351;
00001;003;63714684311,1802;0,07911807;0,8228872;-1,101371;-0,9423094;-0,1815048;-0,2722733;0,07054332;5;1;128;456,9955;0,01718202;0,825645;-1,138198;-0,170692;0,8253065;-1,372134;0,2300902;0,8294991;-1,405351;
00001;003;63714684313,7718;-0,2033865;0,8202425;-0,9153032;-0,9765427;-0,1963567;-0,08174519;0,0335577;3;1;129;459,5864;-0,1789974;0,8198427;-0,9822313;-0,170692;0,8253065;-1,372134;0,2300902;0,8294991;-1,405351;
00001;003;63714684316,0278;-0,1930435;0,8224544;-1,226425;-0,9768715;-0,2091275;-0,03906859;0,02148348;0;1;130;461,8428;-0,1732767;0,8269472;-1,252077;-0,170692;0,8253065;-1,372134;0,2300902;0,8294991;-1,405351;
00001;003;63714684317,6191;-0,1855239;0,8201215;-1,029428;-0,972249;-0,2094473;-0,09274981;0,0475524;2;1;131;463,4338;-0,1770905;0,8222108;-1,07218;-0,170692;0,8253065;-1,372134;0,2300902;0,8294991;-1,405351;
00001;003;63714684319,351;-0,186443;0,8211748;-1,132624;-0,9751687;-0,2128562;-0,05209898;0,03200014;1;1;132;465,1655;-0,1751836;0,824579;-1,162128;-0,170692;0,8253065;-1,372134;0,2300902;0,8294991;-1,405351;
00001;003;63714684321,5838;0,10292;0,8258073;-1,195135;-0,9559005;-0,1533237;-0,2498103;-0,01846285;6;1;133;467,3992;0,08582689;0,8282964;-1,216532;-0,170692;0,8253065;-1,372134;0,2300902;0,8294991;-1,405351;
00001;003;63714684323,7287;-0,06086952;0,8208126;-1,043781;-0,971836;-0,1852688;-0,1412405;0,03551763;4;1;134;469,5435;-0,07412814;0,8235315;-1,088065;-0,170692;0,8253065;-1,372134;0,2300902;0,8294991;-1,405351;
00001;003;63714684325,7014;0,04684386;0,8226606;-1,121711;-0,9603427;-0,1849315;-0,2034846;0,04621955;5;1;135;471,5167;0,01718202;0,825645;-1,138198;-0,170692;0,8253065;-1,372134;0,2300902;0,8294991;-1,405351;
00001;003;63714684328,0575;-0,1726538;0,821809;-1,151746;-0,9811051;-0,1825472;-0,06403828;0,00289317;1;1;136;473,8722;-0,1751836;0,824579;-1,162128;-0,170692;0,8253065;-1,372134;0,2300902;0,8294991;-1,405351;
00001;003;63714684330,7989;-0,1726906;0,8208252;-1,047119;-0,97957;-0,1889957;-0,0674955;0,01294747;2;1;137;476,6138;-0,1770905;0,8222108;-1,07218;-0,170692;0,8253065;-1,372134;0,2300902;0,8294991;-1,405351;
00001;003;63714684335,6358;0,1359586;0,8244718;-1,175567;-0,9427125;-0,1797785;-0,276545;0,04995871;6;1;138;481,4505;0,08582689;0,8282964;-1,216532;-0,170692;0,8253065;-1,372134;0,2300902;0,8294991;-1,405351;
00001;003;63714684338,9411;-0,2043654;0,8202403;-0,9160144;-0,9825463;-0,1793302;-0,04778061;0,01266884;3;1;139;484,7563;-0,1789974;0,8198427;-0,9822313;-0,170692;0,8253065;-1,372134;0,2300902;0,8294991;-1,405351;
00001;003;63714684341,8123;-0,1923914;0,822774;-1,216171;-0,9800999;-0,1926768;-0,04631937;0,01159714;0;1;140;487,6269;-0,1732767;0,8269472;-1,252077;-0,170692;0,8253065;-1,372134;0,2300902;0,8294991;-1,405351;
00001;003;63714684766,9091;-0,1781922;0,9180311;-1,298051;0,9946195;0,03561475;0,09475053;0,02204743;1;1;1;32,15253;-0,174569;0,8241613;-1,162153;-0,1705704;0,8246455;-1,372169;0,2301245;0,8295277;-1,406331;
00001;003;63714684772,2188;-0,05877404;0,8219921;-1,081253;0,9797043;0,139581;0,1360734;-0,04669866;4;1;2;37,46267;-0,07333867;0,8233864;-1,088325;-0,1705704;0,8246455;-1,372169;0,2301245;0,8295277;-1,406331;
00001;003;63714684925,0248;0,03635604;0,8231933;-1,120363;0,9041951;0,1388033;0,4004492;-0,05296745;5;1;3;190,2686;0,01784986;0,825606;-1,138674;-0,1705704;0,8246455;-1,372169;0,2301245;0,8295277;-1,406331;
00001;003;63714684929,3545;-0,1839609;0,8204308;-0,9480397;0,9845838;0,1532711;0,08420941;-0,003401193;3;1;4;194,5977;-0,177953;0,8196335;-0,9822419;-0,1705704;0,8246455;-1,372169;0,2301245;0,8295277;-1,406331;
00001;003;63714684933,2128;0,109581;0,8248583;-1,182834;0,9128703;0,1600325;0,3738186;-0,03629182;6;1;5;198,4564;0,08630618;0,8282886;-1,217172;-0,1705704;0,8246455;-1,372169;0,2301245;0,8295277;-1,406331;
00001;003;63714684935,95;-0,1976475;0,8227507;-1,236379;0,977285;0,1956231;0,07668173;-0,0276699;0;1;6;201,1936;-0,1728771;0,8264251;-1,252109;-0,1705704;0,8246455;-1,372169;0,2301245;0,8295277;-1,406331;
00001;003;63714684939,4894;-0,1929416;0,8212751;-1,017099;0,9719659;0,1325788;0,1926693;-0,02416195;2;1;7;204,7332;-0,176261;0,8218974;-1,072197;-0,1705704;0,8246455;-1,372169;0,2301245;0,8295277;-1,406331;
00001;003;63714684942,112;-0,04545338;0,8229812;-1,063091;0,9400548;0,1094779;0,3226317;0,01484504;4;1;8;207,3552;-0,07333867;0,8233864;-1,088325;-0,1705704;0,8246455;-1,372169;0,2301245;0,8295277;-1,406331;
00001;003;63714684944,5271;-0,1914937;0,8227975;-1,142691;0,9777975;0,1289247;0,1641032;0,01898909;1;1;9;209,7706;-0,174569;0,8241613;-1,162153;-0,1705704;0,8246455;-1,372169;0,2301245;0,8295277;-1,406331;
00001;003;63714684946,8955;-0,2011031;0,8217371;-1,039839;0,9734253;0,1247184;0,1841283;-0,05463814;2;1;10;212,139;-0,176261;0,8218974;-1,072197;-0,1705704;0,8246455;-1,372169;0,2301245;0,8295277;-1,406331;
00001;003;63714684949,5985;0,036103;0,8232307;-1,103778;0,9114534;0,1447935;0,3842278;-0,02562509;5;1;11;214,8425;0,01784986;0,825606;-1,138674;-0,1705704;0,8246455;-1,372169;0,2301245;0,8295277;-1,406331;
00001;003;63714684951,7673;-0,1870106;0,8244095;-1,239816;0,9722627;0,1172739;0,202359;-0,001703633;0;1;12;217,0108;-0,1728771;0,8264251;-1,252109;-0,1705704;0,8246455;-1,372169;0,2301245;0,8295277;-1,406331;
00001;003;63714684954,8489;0,1320865;0,8239828;-1,188072;0,844305;0,1621632;0,4952553;-0,1247974;6;1;13;220,092;0,08630618;0,8282886;-1,217172;-0,1705704;0,8246455;-1,372169;0,2301245;0,8295277;-1,406331;
00001;003;63714684957,7421;-0,1667135;0,8202584;-0,9527448;0,9757824;0,1546242;0,1544437;-0,009338483;3;1;14;222,9854;-0,177953;0,8196335;-0,9822419;-0,1705704;0,8246455;-1,372169;0,2301245;0,8295277;-1,406331;
00001;003;63714684960,6518;-0,2033217;0,8209019;-1,046403;0,9791778;0,1447489;0,1354453;-0,04374222;2;1;15;225,8948;-0,176261;0,8218974;-1,072197;-0,1705704;0,8246455;-1,372169;0,2301245;0,8295277;-1,406331;
00001;003;63714684963,2872;-0,05560404;0,8219254;-1,064229;0,9413767;0,1466042;0,3035339;-0,01357884;4;1;16;228,531;-0,07333867;0,8233864;-1,088325;-0,1705704;0,8246455;-1,372169;0,2301245;0,8295277;-1,406331;
00001;003;63714684965,9446;0,05280003;0,8237568;-1,106149;0,8927069;0,1361219;0,4286421;-0,02847814;5;1;17;231,1875;0,01784986;0,825606;-1,138674;-0,1705704;0,8246455;-1,372169;0,2301245;0,8295277;-1,406331;
00001;003;63714684967,9731;-0,1816191;0,8231785;-1,242067;0,9683707;0,1565281;0,1886399;-0,04660861;0;1;18;233,2164;-0,1728771;0,8264251;-1,252109;-0,1705704;0,8246455;-1,372169;0,2301245;0,8295277;-1,406331;
00001;003;63714684970,3605;-0,1950112;0,8210924;-1,132764;0,9740632;0,1520126;0,1444312;-0,08504657;1;1;19;235,6039;-0,174569;0,8241613;-1,162153;-0,1705704;0,8246455;-1,372169;0,2301245;0,8295277;-1,406331;
00001;003;63714684973,2796;-0,208009;0,8205929;-0,9528462;0,9783266;0,1697932;0,1179915;-0,01120418;3;1;20;238,5228;-0,177953;0,8196335;-0,9822419;-0,1705704;0,8246455;-1,372169;0,2301245;0,8295277;-1,406331;
00001;003;63714684976,1814;0,127689;0,8242537;-1,195956;0,8762609;0,1529525;0,4484841;-0,08737461;6;1;21;241,4253;0,08630618;0,8282886;-1,217172;-0,1705704;0,8246455;-1,372169;0,2301245;0,8295277;-1,406331;
00001;003;63714684979,0973;-0,1922179;0,8198602;-0,9591594;0,9813269;0,1743954;0,07282992;-0,03577112;3;1;22;244,341;-0,177953;0,8196335;-0,9822419;-0,1705704;0,8246455;-1,372169;0,2301245;0,8295277;-1,406331;
00001;003;63714684982,482;0,1337239;0,8240471;-1,173992;0,909485;0,1409524;0,378311;-0,09924842;6;1;23;247,7258;0,08630618;0,8282886;-1,217172;-0,1705704;0,8246455;-1,372169;0,2301245;0,8295277;-1,406331;
00001;003;63714684985,208;-0,2034051;0,8205065;-1,01922;0,9848576;0,1496669;0,04069433;-0,07745633;2;1;24;250,4515;-0,176261;0,8218974;-1,072197;-0,1705704;0,8246455;-1,372169;0,2301245;0,8295277;-1,406331;
00001;003;63714684991,7421;-0,1916051;0,8217158;-1,130275;0,9791967;0,1378359;0,1379661;-0,05604057;1;1;25;256,9861;-0,174569;0,8241613;-1,162153;-0,1705704;0,8246455;-1,372169;0,2301245;0,8295277;-1,406331;
00001;003;63714684994,5895;0,0385616;0,8222958;-1,087606;0,9224085;0,1212134;0,3498268;-0,1099595;5;1;26;259,8335;0,01784986;0,825606;-1,138674;-0,1705704;0,8246455;-1,372169;0,2301245;0,8295277;-1,406331;
00001;003;63714684997,2831;-0,183571;0,823668;-1,237461;0,976391;0,1125063;0,161956;-0,0881667;0;1;27;262,5262;-0,1728771;0,8264251;-1,252109;-0,1705704;0,8246455;-1,372169;0,2301245;0,8295277;-1,406331;
00001;003;63714685000,0361;-0,04775028;0,8211206;-1,061535;0,9511123;0,1360897;0,2617163;-0,09148571;4;1;28;265,2793;-0,07333867;0,8233864;-1,088325;-0,1705704;0,8246455;-1,372169;0,2301245;0,8295277;-1,406331;
00001;003;63714685003,4694;-0,1694099;0,8209655;-1,155461;0,9646161;0,1699385;0,1873004;-0,07453485;1;1;29;268,7131;-0,174569;0,8241613;-1,162153;-0,1705704;0,8246455;-1,372169;0,2301245;0,8295277;-1,406331;
00001;003;63714685006,0668;-0,1699229;0,823864;-1,231503;0,9737089;0,125084;0,1865275;-0,0381139;0;1;30;271,3106;-0,1728771;0,8264251;-1,252109;-0,1705704;0,8246455;-1,372169;0,2301245;0,8295277;-1,406331;
00001;003;63714685008,2847;-0,184332;0,820495;-0,9199732;0,9843811;0,1321312;0,1133605;-0,02616586;3;1;31;273,528;-0,177953;0,8196335;-0,9822419;-0,1705704;0,8246455;-1,372169;0,2301245;0,8295277;-1,406331;
00001;003;63714685010,7382;-0,1927909;0,8206184;-1,011219;0,9775969;0,1308931;0,1518644;-0,06409761;2;1;32;275,9813;-0,176261;0,8218974;-1,072197;-0,1705704;0,8246455;-1,372169;0,2301245;0,8295277;-1,406331;
00001;003;63714685016,1207;0,06001807;0,8238346;-1,10222;-0,8993375;-0,1227951;-0,4187688;0,02731636;5;1;33;281,3638;0,01784986;0,825606;-1,138674;-0,1705704;0,8246455;-1,372169;0,2301245;0,8295277;-1,406331;
00001;003;63714685018,9065;0,1389775;0,8261592;-1,191959;-0,8659922;-0,09003354;-0,4894648;0,04874116;6;1;34;284,1496;0,08630618;0,8282886;-1,217172;-0,1705704;0,8246455;-1,372169;0,2301245;0,8295277;-1,406331;
00001;003;63714685021,218;-0,0514239;0,8222606;-1,033837;-0,9544058;-0,1023335;-0,2784617;0,03311503;4;1;35;286,4617;-0,07333867;0,8233864;-1,088325;-0,1705704;0,8246455;-1,372169;0,2301245;0,8295277;-1,406331;
00001;003;63714685023,7873;0,07783047;0,8238298;-1,10316;-0,908371;-0,1204442;-0,3992998;0,03025072;5;1;36;289,0308;0,01784986;0,825606;-1,138674;-0,1705704;0,8246455;-1,372169;0,2301245;0,8295277;-1,406331;
00001;003;63714685026,1369;-0,1724244;0,8223118;-1,247708;-0,949976;-0,175509;-0,2514834;0,05914681;0;1;37;291,3808;-0,1728771;0,8264251;-1,252109;-0,1705704;0,8246455;-1,372169;0,2301245;0,8295277;-1,406331;
00001;003;63714685029,792;-0,1790931;0,8210181;-1,015703;-0,9727687;-0,1226977;-0,1936408;0,03419836;2;1;38;295,0353;-0,176261;0,8218974;-1,072197;-0,1705704;0,8246455;-1,372169;0,2301245;0,8295277;-1,406331;
00001;003;63714685032,6792;-0,1811254;0,8202056;-1,127121;-0,9696623;-0,1891059;-0,1445716;0,05561614;1;1;39;297,9224;-0,174569;0,8241613;-1,162153;-0,1705704;0,8246455;-1,372169;0,2301245;0,8295277;-1,406331;
00001;003;63714685035,9739;-0,1689923;0,8207806;-0,9121254;-0,9867051;-0,1213229;-0,1031497;0,03246544;3;1;40;301,2171;-0,177953;0,8196335;-0,9822419;-0,1705704;0,8246455;-1,372169;0,2301245;0,8295277;-1,406331;
00001;003;63714685039,9608;0,131441;0,8249847;-1,203324;-0,8798105;-0,0989383;-0,4536438;0,1017449;6;1;41;305,2044;0,08630618;0,8282886;-1,217172;-0,1705704;0,8246455;-1,372169;0,2301245;0,8295277;-1,406331;
00001;003;63714685042,7754;-0,04836185;0,8209062;-1,04371;-0,9471608;-0,1416035;-0,2794162;0,06900425;4;1;42;308,0191;-0,07333867;0,8233864;-1,088325;-0,1705704;0,8246455;-1,372169;0,2301245;0,8295277;-1,406331;
00001;003;63714685045,4233;-0,1881647;0,8208318;-1,145165;-0,9798473;-0,1699977;-0,08661184;0,05914996;1;1;43;310,6663;-0,174569;0,8241613;-1,162153;-0,1705704;0,8246455;-1,372169;0,2301245;0,8295277;-1,406331;
00001;003;63714685048,5233;-0,1949628;0,8200441;-0,994985;-0,9792325;-0,1533712;-0,1108979;0,07268196;2;1;44;313,7669;-0,176261;0,8218974;-1,072197;-0,1705704;0,8246455;-1,372169;0,2301245;0,8295277;-1,406331;
00001;003;63714685051,3631;0,1246783;0,8237678;-1,19161;-0,8650909;-0,1625953;-0,4614524;0,1106445;6;1;45;316,6062;0,08630618;0,8282886;-1,217172;-0,1705704;0,8246455;-1,372169;0,2301245;0,8295277;-1,406331;
00001;003;63714685056,325;-0,1880843;0,8221612;-0,9205329;-0,9940784;-0,07061761;-0,06785138;0,04709127;3;1;46;321,568;-0,177953;0,8196335;-0,9822419;-0,1705704;0,8246455;-1,372169;0,2301245;0,8295277;-1,406331;
00001;003;63714685059,5477;0,06992172;0,8226802;-1,104248;-0,907832;-0,1166924;-0,3885638;0,1060292;5;1;47;324,7911;0,01784986;0,825606;-1,138674;-0,1705704;0,8246455;-1,372169;0,2301245;0,8295277;-1,406331;
00001;003;63714685061,6967;-0,2040872;0,8226826;-1,21067;-0,9844406;-0,1236995;-0,08055847;0,09531722;0;1;48;326,9405;-0,1728771;0,8264251;-1,252109;-0,1705704;0,8246455;-1,372169;0,2301245;0,8295277;-1,406331;
00001;003;63714685063,8636;-0,05678513;0,8211635;-1,039183;-0,9695824;-0,1276164;-0,1912396;0,08397241;4;1;49;329,1075;-0,07333867;0,8233864;-1,088325;-0,1705704;0,8246455;-1,372169;0,2301245;0,8295277;-1,406331;
00001;003;63714685066,8137;0,03720103;0,8223551;-1,118034;-0,9249321;-0,1222557;-0,3445769;0,1040233;5;1;50;332,0576;0,01784986;0,825606;-1,138674;-0,1705704;0,8246455;-1,372169;0,2301245;0,8295277;-1,406331;
00001;003;63714685069,2827;-0,1963147;0,8209913;-1,137141;-0,9833701;-0,1513848;-0,07221585;0,06964754;1;1;51;334,5264;-0,174569;0,8241613;-1,162153;-0,1705704;0,8246455;-1,372169;0,2301245;0,8295277;-1,406331;
00001;003;63714685071,7022;-0,1744986;0,8201035;-0,9291147;-0,9884857;-0,133363;-0,02534923;0,06684215;3;1;52;336,9452;-0,177953;0,8196335;-0,9822419;-0,1705704;0,8246455;-1,372169;0,2301245;0,8295277;-1,406331;
00001;003;63714685074,6605;0,1407882;0,8241714;-1,202738;-0,8843144;-0,1331388;-0,4344853;0,1071671;6;1;53;339,9037;0,08630618;0,8282886;-1,217172;-0,1705704;0,8246455;-1,372169;0,2301245;0,8295277;-1,406331;
00001;003;63714685077,2006;-0,1771871;0,8204265;-1,026904;-0,9873189;-0,1386961;-0,02505616;0,07305466;2;1;54;342,4443;-0,176261;0,8218974;-1,072197;-0,1705704;0,8246455;-1,372169;0,2301245;0,8295277;-1,406331;
00001;003;63714685079,3909;-0,1831646;0,8224736;-1,229313;-0,9842547;-0,1452061;-0,06923275;0,07324518;0;1;55;344,6341;-0,1728771;0,8264251;-1,252109;-0,1705704;0,8246455;-1,372169;0,2301245;0,8295277;-1,406331;
00001;003;63714685083,0092;-0,02381616;0,8204271;-1,041695;-0,9378977;-0,1589198;-0,2960322;0,08635667;4;1;56;348,2524;-0,07333867;0,8233864;-1,088325;-0,1705704;0,8246455;-1,372169;0,2301245;0,8295277;-1,406331;
00001;003;63714685085,8678;0,1370616;0,8239532;-1,180723;-0,9069356;-0,1204659;-0,390537;0,1021605;6;1;57;351,1115;0,08630618;0,8282886;-1,217172;-0,1705704;0,8246455;-1,372169;0,2301245;0,8295277;-1,406331;
00001;003;63714685088,4937;-0,2097715;0,8210006;-1,095043;-0,9872928;-0,1402598;-0,006895248;0,07438104;1;1;58;353,7367;-0,174569;0,8241613;-1,162153;-0,1705704;0,8246455;-1,372169;0,2301245;0,8295277;-1,406331;
00001;003;63714685090,9687;0,05380718;0,8224303;-1,092956;-0,943229;-0,1225875;-0,2927469;0,09793106;5;1;59;356,2117;0,01784986;0,825606;-1,138674;-0,1705704;0,8246455;-1,372169;0,2301245;0,8295277;-1,406331;
00001;003;63714685099,1666;-0,1829192;0,822634;-1,203678;0,9873273;0,1135921;0,05024534;-0,09877786;0;1;60;364,4104;-0,1728771;0,8264251;-1,252109;-0,1705704;0,8246455;-1,372169;0,2301245;0,8295277;-1,406331;
00001;003;63714685101,2378;-0,0413086;0,8210276;-1,032492;0,967469;0,1267425;0,1983146;-0,09279736;4;1;61;366,4818;-0,07333867;0,8233864;-1,088325;-0,1705704;0,8246455;-1,372169;0,2301245;0,8295277;-1,406331;
00001;003;63714685104,4732;-0,1966893;0,819977;-0,91331;0,9881946;0,133331;0,01310328;-0,07431447;3;1;62;369,7163;-0,177953;0,8196335;-0,9822419;-0,1705704;0,8246455;-1,372169;0,2301245;0,8295277;-1,406331;
00001;003;63714685107,2249;-0,1945354;0,8199642;-1,032516;0,9795582;0,1958945;0,02576304;-0,03778084;2;1;63;372,468;-0,176261;0,8218974;-1,072197;-0,1705704;0,8246455;-1,372169;0,2301245;0,8295277;-1,406331;
00001;003;63714685109,9389;0,05146525;0,8217722;-1,100315;0,9374259;0,1696806;0,2933629;-0,07987274;5;1;64;375,1825;0,01784986;0,825606;-1,138674;-0,1705704;0,8246455;-1,372169;0,2301245;0,8295277;-1,406331;
00001;003;63714685112,4309;0,126091;0,8239666;-1,192241;0,9140173;0,1423208;0,3674527;-0,09641522;6;1;65;377,6746;0,08630618;0,8282886;-1,217172;-0,1705704;0,8246455;-1,372169;0,2301245;0,8295277;-1,406331;
00001;003;63714685114,759;-0,2046702;0,8199108;-1,013601;0,9862084;0,1568564;-0,004633014;-0,05260863;2;1;66;380,0024;-0,176261;0,8218974;-1,072197;-0,1705704;0,8246455;-1,372169;0,2301245;0,8295277;-1,406331;
00001;003;63714685117,0832;-0,2066884;0,8220386;-1,221143;0,9824118;0,173669;0,04365553;-0,05291907;0;1;67;382,3265;-0,1728771;0,8264251;-1,252109;-0,1705704;0,8246455;-1,372169;0,2301245;0,8295277;-1,406331;
00001;003;63714685121,2203;-0,1923424;0,8204007;-0,9471116;0,9887152;0,1248445;-0,02177125;-0,07988799;3;1;68;386,4636;-0,177953;0,8196335;-0,9822419;-0,1705704;0,8246455;-1,372169;0,2301245;0,8295277;-1,406331;
00001;003;63714685124,4821;-0,04680292;0,821034;-1,055009;0,9713122;0,1627881;0,1691883;-0,03778942;4;1;69;389,7257;-0,07333867;0,8233864;-1,088325;-0,1705704;0,8246455;-1,372169;0,2301245;0,8295277;-1,406331;
00001;003;63714685127,7213;-0,1993035;0,8205982;-1,103862;0,9813607;0,1809058;0,06052739;-0,02325725;1;1;70;392,9644;-0,174569;0,8241613;-1,162153;-0,1705704;0,8246455;-1,372169;0,2301245;0,8295277;-1,406331;
00001;003;63714685130,5006;-0,1882486;0,8199404;-1,034365;0,9839722;0,1643969;0,04281935;-0,05421175;2;1;71;395,7441;-0,176261;0,8218974;-1,072197;-0,1705704;0,8246455;-1,372169;0,2301245;0,8295277;-1,406331;
00001;003;63714685132,7988;-0,1864196;0,8220156;-1,220073;0,9814068;0,18011;0,04459146;-0,04911941;0;1;72;398,0421;-0,1728771;0,8264251;-1,252109;-0,1705704;0,8246455;-1,372169;0,2301245;0,8295277;-1,406331;
00001;003;63714685135,6737;-0,1846534;0,8197529;-0,9884447;0,9868963;0,1521293;-0,007658986;-0,05323154;3;1;73;400,9174;-0,177953;0,8196335;-0,9822419;-0,1705704;0,8246455;-1,372169;0,2301245;0,8295277;-1,406331;
00001;003;63714685138,085;-0,05787624;0,8202032;-1,071586;0,9702582;0,1626289;0,1673976;-0,06425789;4;1;74;403,3289;-0,07333867;0,8233864;-1,088325;-0,1705704;0,8246455;-1,372169;0,2301245;0,8295277;-1,406331;
00001;003;63714685140,2424;0,03914306;0,8221635;-1,105185;0,9544321;0,1211106;0,2569751;-0,09140744;5;1;75;405,4855;0,01784986;0,825606;-1,138674;-0,1705704;0,8246455;-1,372169;0,2301245;0,8295277;-1,406331;
00001;003;63714685142,4612;0,1211897;0,823375;-1,16912;0,9137019;0,1478913;0,3669459;-0,09288582;6;1;76;407,705;0,08630618;0,8282886;-1,217172;-0,1705704;0,8246455;-1,372169;0,2301245;0,8295277;-1,406331;
00001;003;63714685145,1688;-0,1906094;0,8204666;-1,130457;0,9732336;0,1696373;0,1401922;-0,06622487;1;1;77;410,4118;-0,174569;0,8241613;-1,162153;-0,1705704;0,8246455;-1,372169;0,2301245;0,8295277;-1,406331;
00001;003;63714685147,5652;0,1184722;0,823976;-1,190789;0,9088224;0,1238863;0,3847755;-0,1031592;6;1;78;412,8088;0,08630618;0,8282886;-1,217172;-0,1705704;0,8246455;-1,372169;0,2301245;0,8295277;-1,406331;
00001;003;63714685149,6135;-0,180602;0,8229089;-1,238415;0,9865101;0,132593;0,04840569;-0,08290856;0;1;79;414,8568;-0,1728771;0,8264251;-1,252109;-0,1705704;0,8246455;-1,372169;0,2301245;0,8295277;-1,406331;
00001;003;63714685151,9264;0,03764367;0,8220062;-1,109191;0,948828;0,1463588;0,2664021;-0,08564098;5;1;80;417,1703;0,01784986;0,825606;-1,138674;-0,1705704;0,8246455;-1,372169;0,2301245;0,8295277;-1,406331;
00001;003;63714685154,2783;-0,197589;0,8199548;-1,031647;0,9869131;0,1479506;-0,03186645;-0,05565618;2;1;81;419,522;-0,176261;0,8218974;-1,072197;-0,1705704;0,8246455;-1,372169;0,2301245;0,8295277;-1,406331;
00001;003;63714685156,5836;-0,06125679;0,8203437;-1,073255;0,9580731;0,1787328;0,2136636;-0,06707062;4;1;82;421,8272;-0,07333867;0,8233864;-1,088325;-0,1705704;0,8246455;-1,372169;0,2301245;0,8295277;-1,406331;
00001;003;63714685158,7345;-0,1977171;0,8207752;-1,150648;0,979641;0,1477549;0,1118811;-0,07716769;1;1;83;423,9781;-0,174569;0,8241613;-1,162153;-0,1705704;0,8246455;-1,372169;0,2301245;0,8295277;-1,406331;
00001;003;63714685162,1678;-0,1961377;0,8194934;-0,9473023;0,9825988;0,1798846;0,02093323;-0,04126648;3;1;84;427,4113;-0,177953;0,8196335;-0,9822419;-0,1705704;0,8246455;-1,372169;0,2301245;0,8295277;-1,406331;
00001;003;63714685164,5024;-0,1872745;0,8224448;-1,235106;0,980701;0,1409182;0,1099718;-0,07920746;0;1;85;429,7462;-0,1728771;0,8264251;-1,252109;-0,1705704;0,8246455;-1,372169;0,2301245;0,8295277;-1,406331;
00001;003;63714685167,3628;0,038811;0,8222836;-1,122838;0,9261658;0,1323258;0,3396756;-0,09657881;5;1;86;432,6061;0,01784986;0,825606;-1,138674;-0,1705704;0,8246455;-1,372169;0,2301245;0,8295277;-1,406331;
00001;003;63714685170,1772;-0,0572827;0,8199162;-1,044819;0,9579138;0,1676925;0,2222542;-0,0698827;4;1;87;435,4201;-0,07333867;0,8233864;-1,088325;-0,1705704;0,8246455;-1,372169;0,2301245;0,8295277;-1,406331;
00001;003;63714685172,6862;-0,1909698;0,8209986;-1,110865;0,9809871;0,12402;0,1192363;-0,08981087;1;1;88;437,9292;-0,174569;0,8241613;-1,162153;-0,1705704;0,8246455;-1,372169;0,2301245;0,8295277;-1,406331;
00001;003;63714685175,5055;0,1183599;0,8240288;-1,197665;0,9043679;0,1168468;0,3966576;-0,1054908;6;1;89;440,7487;0,08630618;0,8282886;-1,217172;-0,1705704;0,8246455;-1,372169;0,2301245;0,8295277;-1,406331;
00001;003;63714685178,0288;-0,1929658;0,8199091;-0,973138;0,9873993;0,1458249;-0,01139647;-0,06039779;3;1;90;443,2724;-0,177953;0,8196335;-0,9822419;-0,1705704;0,8246455;-1,372169;0,2301245;0,8295277;-1,406331;
00001;003;63714685180,549;-0,1748423;0,8199462;-1,04793;0,9858872;0,1538454;0,03556137;-0,05561832;2;1;91;445,7921;-0,176261;0,8218974;-1,072197;-0,1705704;0,8246455;-1,372169;0,2301245;0,8295277;-1,406331;
00001;003;63714685182,7209;0,04934436;0,8220566;-1,128146;0,933734;0,1315841;0,32085;-0,08877842;5;1;92;447,9639;0,01784986;0,825606;-1,138674;-0,1705704;0,8246455;-1,372169;0,2301245;0,8295277;-1,406331;
00001;003;63714685185,2404;0,114427;0,8236219;-1,198696;0,9165515;0,1601548;0,3553111;-0,08965486;6;1;93;450,4836;0,08630618;0,8282886;-1,217172;-0,1705704;0,8246455;-1,372169;0,2301245;0,8295277;-1,406331;
00001;003;63714685187,7241;-0,06081263;0,8205379;-1,088177;0,9674679;0,1508834;0,190024;-0,07163023;4;1;94;452,9676;-0,07333867;0,8233864;-1,088325;-0,1705704;0,8246455;-1,372169;0,2301245;0,8295277;-1,406331;
00001;003;63714685189,6861;-0,1925473;0,8224703;-1,237441;0,9850904;0,1464611;0,05599769;-0,07078383;0;1;95;454,9291;-0,1728771;0,8264251;-1,252109;-0,1705704;0,8246455;-1,372169;0,2301245;0,8295277;-1,406331;
00001;003;63714685191,5782;-0,2114712;0,8201013;-0,9588599;0,9854997;0,1606294;-0,002959972;-0,05458708;3;1;96;456,822;-0,177953;0,8196335;-0,9822419;-0,1705704;0,8246455;-1,372169;0,2301245;0,8295277;-1,406331;
00001;003;63714685193,5942;-0,1884899;0,8200251;-1,087691;0,9836898;0,1648356;0,0463526;-0,05509167;2;1;97;458,8379;-0,176261;0,8218974;-1,072197;-0,1705704;0,8246455;-1,372169;0,2301245;0,8295277;-1,406331;
00001;003;63714685195,6068;-0,1848365;0,8214535;-1,186611;0,984738;0,1604566;0,03900525;-0,05498557;1;1;98;460,8506;-0,174569;0,8241613;-1,162153;-0,1705704;0,8246455;-1,372169;0,2301245;0,8295277;-1,406331;
00001;003;63714685197,4753;-0,1942892;0,8199931;-1,043944;0,9853715;0,1498085;-0,06083275;-0,05385119;2;1;99;462,7186;-0,176261;0,8218974;-1,072197;-0,1705704;0,8246455;-1,372169;0,2301245;0,8295277;-1,406331;
00001;003;63714685199,3306;-0,1866056;0,8208747;-1,126194;0,9875298;0,1446454;0,001311051;-0,06213647;1;1;100;464,574;-0,174569;0,8241613;-1,162153;-0,1705704;0,8246455;-1,372169;0,2301245;0,8295277;-1,406331;
00001;003;63714685201,0052;-0,1904647;0,8228955;-1,239094;0,9892293;0,1194689;0,007716013;-0,08422079;0;1;101;466,249;-0,1728771;0,8264251;-1,252109;-0,1705704;0,8246455;-1,372169;0,2301245;0,8295277;-1,406331;
00001;003;63714685202,8594;0,04357909;0,8216124;-1,096643;0,9588718;0,1565983;0,2247121;-0,07447374;5;1;102;468,1031;0,01784986;0,825606;-1,138674;-0,1705704;0,8246455;-1,372169;0,2301245;0,8295277;-1,406331;
00001;003;63714685204,9699;-0,05283623;0,8205667;-1,058091;0,974395;0,1484464;0,153127;-0,0712056;4;1;103;470,2139;-0,07333867;0,8233864;-1,088325;-0,1705704;0,8246455;-1,372169;0,2301245;0,8295277;-1,406331;
00001;003;63714685207,4499;0,1383824;0,8244271;-1,188568;0,9228988;0,1017143;0,3564664;-0,104133;6;1;104;472,6935;0,08630618;0,8282886;-1,217172;-0,1705704;0,8246455;-1,372169;0,2301245;0,8295277;-1,406331;
00001;003;63714685210,0518;-0,1826718;0,8194458;-0,9708422;0,9875614;0,1472011;-0,01356942;-0,05357447;3;1;105;475,2958;-0,177953;0,8196335;-0,9822419;-0,1705704;0,8246455;-1,372169;0,2301245;0,8295277;-1,406331;
00001;003;63714685212,8508;0,1242506;0,8239601;-1,219836;0,8905357;0,1643201;0,4120396;-0,1008395;6;1;106;478,0941;0,08630618;0,8282886;-1,217172;-0,1705704;0,8246455;-1,372169;0,2301245;0,8295277;-1,406331;
00001;003;63714685214,9878;-0,2094447;0,8203856;-1,055344;0,9868423;0,1482399;-0,02498355;-0,0595243;2;1;107;480,2316;-0,176261;0,8218974;-1,072197;-0,1705704;0,8246455;-1,372169;0,2301245;0,8295277;-1,406331;
00001;003;63714685217,1463;-0,06637733;0,8208859;-1,10828;0,9685519;0,1459221;0,1863176;-0,07681093;4;1;108;482,3894;-0,07333867;0,8233864;-1,088325;-0,1705704;0,8246455;-1,372169;0,2301245;0,8295277;-1,406331;
00001;003;63714685219,1958;0,03659087;0,8220582;-1,135166;0,9402863;0,1413293;0,2966287;-0,0888758;5;1;109;484,4393;0,01784986;0,825606;-1,138674;-0,1705704;0,8246455;-1,372169;0,2301245;0,8295277;-1,406331;
00001;003;63714685221,0101;-0,1897628;0,8226088;-1,242999;0,9844097;0,1312157;0,08280779;-0,0828415;0;1;110;486,2531;-0,1728771;0,8264251;-1,252109;-0,1705704;0,8246455;-1,372169;0,2301245;0,8295277;-1,406331;
00001;003;63714685223,077;-0,1887114;0,8207998;-1,144639;0,9839947;0,1682687;0,03333508;-0,04825864;1;1;111;488,32;-0,174569;0,8241613;-1,162153;-0,1705704;0,8246455;-1,372169;0,2301245;0,8295277;-1,406331;
00001;003;63714685225,6224;-0,1753074;0,8189776;-0,9478599;0,9824975;0,1777051;0,03869505;-0,04027871;3;1;112;490,8662;-0,177953;0,8196335;-0,9822419;-0,1705704;0,8246455;-1,372169;0,2301245;0,8295277;-1,406331;
00001;003;63714685227,5564;-0,1772195;0,8227956;-1,237935;0,9863382;0,1339298;0,05378519;-0,07941683;0;1;113;492,7995;-0,1728771;0,8264251;-1,252109;-0,1705704;0,8246455;-1,372169;0,2301245;0,8295277;-1,406331;
00001;003;63714685229,8225;-0,1894305;0,819339;-0,9576154;0,9850884;0,1656743;-0,01070407;-0,04514855;3;1;114;495,0661;-0,177953;0,8196335;-0,9822419;-0,1705704;0,8246455;-1,372169;0,2301245;0,8295277;-1,406331;
00001;003;63714685231,7988;-0,1585872;0,8204646;-1,082694;0,9838279;0,1540389;0,06513119;-0,06413032;2;1;115;497,0428;-0,176261;0,8218974;-1,072197;-0,1705704;0,8246455;-1,372169;0,2301245;0,8295277;-1,406331;
00001;003;63714685234,1003;0,1421815;0,8241438;-1,194951;0,9291822;0,1206351;0,3363028;-0,09469898;6;1;116;499,3436;0,08630618;0,8282886;-1,217172;-0,1705704;0,8246455;-1,372169;0,2301245;0,8295277;-1,406331;
00001;003;63714685236,9262;0,03990718;0,8219026;-1,115708;0,9565142;0,1767443;0,2214921;-0,06916158;5;1;117;502,1701;0,01784986;0,825606;-1,138674;-0,1705704;0,8246455;-1,372169;0,2301245;0,8295277;-1,406331;
00001;003;63714685238,9602;-0,05019874;0,8211515;-1,07341;0,9737859;0,1259206;0,1680972;-0,08734021;4;1;118;504,2038;-0,07333867;0,8233864;-1,088325;-0,1705704;0,8246455;-1,372169;0,2301245;0,8295277;-1,406331;
00001;003;63714685240,8927;-0,2013421;0,8214806;-1,142873;0,9874402;0,1391219;0,01786851;-0,07271622;1;1;119;506,1357;-0,174569;0,8241613;-1,162153;-0,1705704;0,8246455;-1,372169;0,2301245;0,8295277;-1,406331;
00001;003;63714685242,6787;-0,1946805;0,8210623;-1,130778;0,9863114;0,149836;0,02783823;-0,06296062;1;1;120;507,9226;-0,174569;0,8241613;-1,162153;-0,1705704;0,8246455;-1,372169;0,2301245;0,8295277;-1,406331;
00001;003;63714685244,4545;-0,03928889;0,8210862;-1,080189;0,966154;0,1337421;0,2030036;-0,08630818;4;1;121;509,6978;-0,07333867;0,8233864;-1,088325;-0,1705704;0,8246455;-1,372169;0,2301245;0,8295277;-1,406331;
00001;003;63714685246,2092;-0,1960971;0,8223929;-1,221162;0,9884564;0,1266687;0,01752976;-0,08125174;0;1;122;511,453;-0,1728771;0,8264251;-1,252109;-0,1705704;0,8246455;-1,372169;0,2301245;0,8295277;-1,406331;
00001;003;63714685248,2624;-0,1970911;0,8202401;-0,9693708;0,9884475;0,124949;-0,03534473;-0,07816741;3;1;123;513,5063;-0,177953;0,8196335;-0,9822419;-0,1705704;0,8246455;-1,372169;0,2301245;0,8295277;-1,406331;
00001;003;63714685250,6739;-0,187246;0,8210306;-1,086427;0,9839963;0,1269057;0,09028499;-0,08657368;2;1;124;515,9175;-0,176261;0,8218974;-1,072197;-0,1705704;0,8246455;-1,372169;0,2301245;0,8295277;-1,406331;
00001;003;63714685253,7149;0,1495264;0,8238229;-1,185221;0,9290023;0,1719201;0,3176122;-0,08075147;6;1;125;518,9587;0,08630618;0,8282886;-1,217172;-0,1705704;0,8246455;-1,372169;0,2301245;0,8295277;-1,406331;
00001;003;63714685256,5749;0,05144376;0,8215883;-1,078742;0,9645039;0,1456927;0,2071012;-0,07493355;5;1;126;521,8182;0,01784986;0,825606;-1,138674;-0,1705704;0,8246455;-1,372169;0,2301245;0,8295277;-1,406331;
00001;003;63714685259,1094;0,05617718;0,8214142;-1,090259;0,9468634;0,169428;0,2636615;-0,07229552;5;1;127;524,353;0,01784986;0,825606;-1,138674;-0,1705704;0,8246455;-1,372169;0,2301245;0,8295277;-1,406331;
00001;003;63714685261,4211;-0,2013409;0,8197811;-1,021399;0,9871261;0,1494801;0,001847659;-0,0568735;2;1;128;526,6648;-0,176261;0,8218974;-1,072197;-0,1705704;0,8246455;-1,372169;0,2301245;0,8295277;-1,406331;
00001;003;63714685263,499;0,1237681;0,8236958;-1,175216;0,9267582;0,1341439;0,3380044;-0,09422249;6;1;129;528,7429;0,08630618;0,8282886;-1,217172;-0,1705704;0,8246455;-1,372169;0,2301245;0,8295277;-1,406331;
00001;003;63714685266,929;-0,1982965;0,8226265;-1,244825;0,9866565;0,1514782;0,0008152242;-0,05968798;0;1;130;532,1725;-0,1728771;0,8264251;-1,252109;-0,1705704;0,8246455;-1,372169;0,2301245;0,8295277;-1,406331;
00001;003;63714685269,7879;-0,2130857;0,8195302;-0,9508739;0,9845725;0,1686374;-0,004732856;-0,04643315;3;1;131;535,0311;-0,177953;0,8196335;-0,9822419;-0,1705704;0,8246455;-1,372169;0,2301245;0,8295277;-1,406331;
00001;003;63714685272,0328;-0,16338;0,820208;-1,134449;0,9779792;0,1963585;0,06051194;-0,0365825;1;1;132;537,2766;-0,174569;0,8241613;-1,162153;-0,1705704;0,8246455;-1,372169;0,2301245;0,8295277;-1,406331;
00001;003;63714685274,3024;-0,00185567;0,8203274;-1,072636;0,9573411;0,1814213;0,2161708;-0,06208542;4;1;133;539,5455;-0,07333867;0,8233864;-1,088325;-0,1705704;0,8246455;-1,372169;0,2301245;0,8295277;-1,406331;
00001;003;63714685276,5089;-0,03108264;0,8201331;-1,068196;0,9604536;0,1853172;0,1990342;-0,05976641;4;1;134;541,752;-0,07333867;0,8233864;-1,088325;-0,1705704;0,8246455;-1,372169;0,2301245;0,8295277;-1,406331;
00001;003;63714685278,8464;0,08578961;0,8228297;-1,14976;0,9341506;0,1875618;0,2926271;-0,08094881;5;1;135;544,0897;0,01784986;0,825606;-1,138674;-0,1705704;0,8246455;-1,372169;0,2301245;0,8295277;-1,406331;
00001;003;63714685281,5491;0,1338807;0,8240962;-1,203664;0,918138;0,1831154;0,3398272;-0,08949155;6;1;136;546,7929;0,08630618;0,8282886;-1,217172;-0,1705704;0,8246455;-1,372169;0,2301245;0,8295277;-1,406331;
00001;003;63714685283,6387;-0,1927898;0,8215039;-1,210674;0,9793947;0,2001075;0,002232783;-0,02716855;0;1;137;548,8818;-0,1728771;0,8264251;-1,252109;-0,1705704;0,8246455;-1,372169;0,2301245;0,8295277;-1,406331;
00001;003;63714685285,4446;-0,183;0,8202046;-1,111;0,97894;0,2022858;-0,003001885;-0,027353;1;1;138;550,6877;-0,174569;0,8241613;-1,162153;-0,1705704;0,8246455;-1,372169;0,2301245;0,8295277;-1,406331;
00001;003;63714685287,7928;-0,1654327;0,8190395;-0,9906216;0,9827554;0,1794982;0,02412543;-0,03728843;3;1;139;553,0366;-0,177953;0,8196335;-0,9822419;-0,1705704;0,8246455;-1,372169;0,2301245;0,8295277;-1,406331;
00001;003;63714685289,9898;-0,1503553;0,8193177;-1,068321;0,9788697;0,1869982;0,07194242;-0,04086602;2;1;140;555,2333;-0,176261;0,8218974;-1,072197;-0,1705704;0,8246455;-1,372169;0,2301245;0,8295277;-1,406331;
00001;003;63714685892,9896;0,1006491;0,8256847;-1,203532;0,9548124;0,1489632;0,25631;0,02117795;6;3;1;137,7252;0,07887501;0,8280323;-1,219833;-0,1798025;0,8251125;-1,371821;0,2204732;0,8293932;-1,410659;
00001;003;63714685909,5975;0,01309937;0,8231109;-1,137698;0,9282907;0,1678694;0,329786;-0,03657079;5;3;2;154,3331;0,01133697;0,8253139;-1,140545;-0,1798025;0,8251125;-1,371821;0,2204732;0,8293932;-1,410659;
00001;003;63714685921,7565;-0,1767112;0,823483;-1,245425;0,9831549;0,1623551;0,08080085;0,02277051;0;3;3;166,4919;-0,1807019;0,8266669;-1,251739;-0,1798025;0,8251125;-1,371821;0,2204732;0,8293932;-1,410659;
00001;003;63714685933,8255;-0,05931797;0,8211021;-1,068885;0,9666839;0,1698072;0,1903327;-0,02147727;4;3;4;178,5607;-0,07926011;0,82315;-1,089137;-0,1798025;0,8251125;-1,371821;0,2204732;0,8293932;-1,410659;
00001;003;63714685949,5144;-0,1750656;0,820987;-1,048629;0,9803253;0,1473775;0,130278;0,01643137;2;3;5;194,2497;-0,1819892;0,8218014;-1,071809;-0,1798025;0,8251125;-1,371821;0,2204732;0,8293932;-1,410659;
00001;003;63714685962,8054;-0,1765119;0,8199549;-0,9275655;0,9828148;0,1734779;0,06287763;-0,005205202;3;3;6;207,5413;-0,1826328;0,8193687;-0,9818444;-0,1798025;0,8251125;-1,371821;0,2204732;0,8293932;-1,410659;
00001;003;63714685973,0409;-0,1568738;0,8210788;-1,154293;0,9720087;0,1841427;0,1428847;-0,02957421;1;3;7;217,7764;-0,1813455;0,8242341;-1,161774;-0,1798025;0,8251125;-1,371821;0,2204732;0,8293932;-1,410659;
00001;003;63714685981,1281;-0,174667;0,8220645;-1,23713;0,9747039;0,1951479;0,1019547;-0,03840288;0;3;8;225,8637;-0,1807019;0,8266669;-1,251739;-0,1798025;0,8251125;-1,371821;0,2204732;0,8293932;-1,410659;
00001;003;63714685992,4313;-0,1973963;0,8191398;-0,9334729;0,9767724;0,2051752;0,04528875;-0,04204712;3;3;9;237,1673;-0,1826328;0,8193687;-0,9818444;-0,1798025;0,8251125;-1,371821;0,2204732;0,8293932;-1,410659;
00001;003;63714686000,0368;-0,179114;0,8217165;-1,057354;0,9896112;0,1238984;0,03625888;0,06327824;2;3;10;244,7727;-0,1819892;0,8218014;-1,071809;-0,1798025;0,8251125;-1,371821;0,2204732;0,8293932;-1,410659;
00001;003;63714686016,3909;0,1157563;0,8252063;-1,241834;0,9209737;0,1573468;0,3546074;-0,03609998;6;3;11;261,1263;0,07887501;0,8280323;-1,219833;-0,1798025;0,8251125;-1,371821;0,2204732;0,8293932;-1,410659;
00001;003;63714686026,7894;0,05257775;0,8222895;-1,143496;0,9480599;0,1913546;0,2452485;-0,06647678;5;3;12;271,5255;0,01133697;0,8253139;-1,140545;-0,1798025;0,8251125;-1,371821;0,2204732;0,8293932;-1,410659;
00001;003;63714686034,4408;-0,1705334;0,8213164;-1,130304;0,9855234;0,1657323;0,03399955;0,01098055;1;3;13;279,1764;-0,1813455;0,8242341;-1,161774;-0,1798025;0,8251125;-1,371821;0,2204732;0,8293932;-1,410659;
00001;003;63714686042,8512;-0,03985759;0,8230354;-1,086247;0,9747723;0,1278689;0,1756106;0,05127794;4;3;14;287,5871;-0,07926011;0,82315;-1,089137;-0,1798025;0,8251125;-1,371821;0,2204732;0,8293932;-1,410659;
00001;003;63714686055,0494;-0,1682082;0,823906;-1,238571;0,9806821;0,1478201;0,1215467;0,04047627;0;3;15;299,7853;-0,1807019;0,8266669;-1,251739;-0,1798025;0,8251125;-1,371821;0,2204732;0,8293932;-1,410659;
00001;003;63714686065,8712;-0,03811118;0,8224637;-1,094127;0,939706;0,1452825;0,3095889;0,0005912278;4;3;16;310,6073;-0,07926011;0,82315;-1,089137;-0,1798025;0,8251125;-1,371821;0,2204732;0,8293932;-1,410659;
00001;003;63714686077,1726;-0,189973;0,8225011;-1,062335;0,987232;0,09614605;0,08708569;0,09243954;2;3;17;321,9079;-0,1819892;0,8218014;-1,071809;-0,1798025;0,8251125;-1,371821;0,2204732;0,8293932;-1,410659;
00001;003;63714686086,2575;-0,1849419;0,8230633;-1,187905;0,9848484;0,1529771;0,07268787;0,03725799;1;3;18;330,9929;-0,1813455;0,8242341;-1,161774;-0,1798025;0,8251125;-1,371821;0,2204732;0,8293932;-1,410659;
00001;003;63714686095,5832;-0,189213;0,8211157;-0,9429594;0,9890023;0,1265871;0,06239095;0,04424517;3;3;19;340,3191;-0,1826328;0,8193687;-0,9818444;-0,1798025;0,8251125;-1,371821;0,2204732;0,8293932;-1,410659;
00001;003;63714686104,7162;0,03090716;0,8238022;-1,140423;0,9739097;0,1312931;0,1801534;0,04250637;5;3;20;349,4521;0,01133697;0,8253139;-1,140545;-0,1798025;0,8251125;-1,371821;0,2204732;0,8293932;-1,410659;
00001;003;63714686119,6654;0,1227525;0,8258394;-1,228052;0,9414748;0,1203658;0,3097392;-0,05655991;6;3;21;364,4016;0,07887501;0,8280323;-1,219833;-0,1798025;0,8251125;-1,371821;0,2204732;0,8293932;-1,410659;
00001;003;63714686128,4921;-0,2064092;0,8208587;-1,041601;0,9851321;0,1528664;0,07671081;0,01619127;2;3;22;373,2274;-0,1819892;0,8218014;-1,071809;-0,1798025;0,8251125;-1,371821;0,2204732;0,8293932;-1,410659;
00001;003;63714686135,392;-0,2174497;0,8203136;-0,9506323;0,9857058;0,1530417;0,06762514;-0,01972706;3;3;23;380,1274;-0,1826328;0,8193687;-0,9818444;-0,1798025;0,8251125;-1,371821;0,2204732;0,8293932;-1,410659;
00001;003;63714686144,0934;-0,1819819;0,8226311;-1,160492;0,9877316;0,1286901;0,07161298;0,05192995;1;3;24;388,8287;-0,1813455;0,8242341;-1,161774;-0,1798025;0,8251125;-1,371821;0,2204732;0,8293932;-1,410659;
00001;003;63714686153,8329;-0,04947472;0,8227198;-1,081757;0,9617792;0,1313551;0,2370067;0,03942485;4;3;25;398,5688;-0,07926011;0,82315;-1,089137;-0,1798025;0,8251125;-1,371821;0,2204732;0,8293932;-1,410659;
00001;003;63714686164,1759;0,08826065;0,8258895;-1,233731;0,9629495;0,1305384;0,2315053;0,04575465;6;3;26;408,9117;0,07887501;0,8280323;-1,219833;-0,1798025;0,8251125;-1,371821;0,2204732;0,8293932;-1,410659;
00001;003;63714686173,1792;0,0444483;0,8234273;-1,132658;0,957442;0,1480408;0,2477572;0,002276743;5;3;27;417,9146;0,01133697;0,8253139;-1,140545;-0,1798025;0,8251125;-1,371821;0,2204732;0,8293932;-1,410659;
00001;003;63714686183,0987;-0,178284;0,8232625;-1,250403;0,9849239;0,1556048;0,07236865;0,02179327;0;3;28;427,8343;-0,1807019;0,8266669;-1,251739;-0,1798025;0,8251125;-1,371821;0,2204732;0,8293932;-1,410659;
00001;003;63714686189,2638;-0,1852614;0,8209499;-1,047561;0,9839635;0,1514379;0,09218769;0,01959214;2;3;29;433,9998;-0,1819892;0,8218014;-1,071809;-0,1798025;0,8251125;-1,371821;0,2204732;0,8293932;-1,410659;
00001;003;63714686196,7242;-0,205709;0,8218338;-0,9506306;0,9898133;0,1097177;0,05885383;0,06905027;3;3;30;441,46;-0,1826328;0,8193687;-0,9818444;-0,1798025;0,8251125;-1,371821;0,2204732;0,8293932;-1,410659;
00001;003;63714686205,9716;0,07275499;0,8253046;-1,231395;0,9433794;0,1402292;0,3005055;-0,008217183;6;3;31;450,7074;0,07887501;0,8280323;-1,219833;-0,1798025;0,8251125;-1,371821;0,2204732;0,8293932;-1,410659;
00001;003;63714686214,0489;0,05268462;0,8240621;-1,14365;0,9374823;0,1379287;0,3192642;0,01315516;5;3;32;458,7846;0,01133697;0,8253139;-1,140545;-0,1798025;0,8251125;-1,371821;0,2204732;0,8293932;-1,410659;
00001;003;63714686220,7951;-0,1957884;0,8240739;-1,249222;0,9864677;0,1546811;0,03591671;0,04080978;0;3;33;465,531;-0,1807019;0,8266669;-1,251739;-0,1798025;0,8251125;-1,371821;0,2204732;0,8293932;-1,410659;
00001;003;63714686226,7332;-0,1936281;0,8220497;-1,174793;0,983398;0,1732749;0,05302554;0,009618465;1;3;34;471,4688;-0,1813455;0,8242341;-1,161774;-0,1798025;0,8251125;-1,371821;0,2204732;0,8293932;-1,410659;
00001;003;63714686233,4952;-0,07158121;0,8217173;-1,098292;0,9563232;0,1622322;0,2423022;-0,02040521;4;3;35;478,2312;-0,07926011;0,82315;-1,089137;-0,1798025;0,8251125;-1,371821;0,2204732;0,8293932;-1,410659;
00001;003;63714686239,6296;0,02963001;0,8231134;-1,164;0,9415888;0,1624376;0,2927752;-0,03615667;5;3;36;484,3654;0,01133697;0,8253139;-1,140545;-0,1798025;0,8251125;-1,371821;0,2204732;0,8293932;-1,410659;
00001;003;63714686245,8272;-0,191274;0,8235983;-1,254162;0,9848851;0,1515255;0,07688858;0,03360707;0;3;37;490,5627;-0,1807019;0,8266669;-1,251739;-0,1798025;0,8251125;-1,371821;0,2204732;0,8293932;-1,410659;
00001;003;63714686252,2479;-0,1847645;0,8218597;-1,159728;0,9819597;0,1665282;0,08942266;0,005221438;1;3;38;496,9836;-0,1813455;0,8242341;-1,161774;-0,1798025;0,8251125;-1,371821;0,2204732;0,8293932;-1,410659;
00001;003;63714686259,9451;-0,2103305;0,8207567;-0,9633896;0,9866436;0,1386452;0,08132357;0,0264308;3;3;39;504,6807;-0,1826328;0,8193687;-0,9818444;-0,1798025;0,8251125;-1,371821;0,2204732;0,8293932;-1,410659;
00001;003;63714686266,5337;-0,2010899;0,8213828;-1,060458;0,9888295;0,1328124;0,05477287;0,03971226;2;3;40;511,2695;-0,1819892;0,8218014;-1,071809;-0,1798025;0,8251125;-1,371821;0,2204732;0,8293932;-1,410659;
00001;003;63714686273,3436;-0,04696414;0,8224292;-1,093214;0,9617628;0,1395079;0,2351204;0,01638065;4;3;41;518,0792;-0,07926011;0,82315;-1,089137;-0,1798025;0,8251125;-1,371821;0,2204732;0,8293932;-1,410659;
00001;003;63714686280,7336;0,08461937;0,8245602;-1,239155;0,9416278;0,1668617;0,2898526;-0,03846696;6;3;42;525,4688;0,07887501;0,8280323;-1,219833;-0,1798025;0,8251125;-1,371821;0,2204732;0,8293932;-1,410659;
00001;003;63714686288,8961;-0,1996789;0,8233472;-1,253099;0,9896902;0,1359636;0,005154544;0,04472908;0;3;43;533,632;-0,1807019;0,8266669;-1,251739;-0,1798025;0,8251125;-1,371821;0,2204732;0,8293932;-1,410659;
00001;003;63714686296,8271;0,03594882;0,8237153;-1,1381;0,9522929;0,1404159;0,2706883;0,01223119;5;3;44;541,5629;0,01133697;0,8253139;-1,140545;-0,1798025;0,8251125;-1,371821;0,2204732;0,8293932;-1,410659;
00001;003;63714686304,1079;-0,05257982;0,8214055;-1,073309;0,9644375;0,1529033;0,2153433;-0,01040124;4;3;45;548,8438;-0,07926011;0,82315;-1,089137;-0,1798025;0,8251125;-1,371821;0,2204732;0,8293932;-1,410659;
00001;003;63714686315,3691;-0,1923487;0,8206491;-1,147893;0,9844492;0,1733606;0,02714301;-0,00832214;1;3;46;560,1046;-0,1813455;0,8242341;-1,161774;-0,1798025;0,8251125;-1,371821;0,2204732;0,8293932;-1,410659;
00001;003;63714686322,1571;-0,1886774;0,8199307;-1,047119;0,9843276;0,1518891;0,08949374;-0,004459461;2;3;47;566,8931;-0,1819892;0,8218014;-1,071809;-0,1798025;0,8251125;-1,371821;0,2204732;0,8293932;-1,410659;
00001;003;63714686329,1964;-0,2042348;0,8194228;-0,9434567;0,9811987;0,1868633;0,03543321;-0,0327965;3;3;48;573,9323;-0,1826328;0,8193687;-0,9818444;-0,1798025;0,8251125;-1,371821;0,2204732;0,8293932;-1,410659;
00001;003;63714686337,101;0,1036372;0,8252763;-1,240334;0,9436691;0,1280576;0,2957006;-0,07517421;6;3;49;581,8367;0,07887501;0,8280323;-1,219833;-0,1798025;0,8251125;-1,371821;0,2204732;0,8293932;-1,410659;
00001;003;63714686345,1785;-0,198167;0,8195404;-0,9702605;0,9741676;0,2051527;0,08174995;-0,04718846;3;3;50;589,9142;-0,1826328;0,8193687;-0,9818444;-0,1798025;0,8251125;-1,371821;0,2204732;0,8293932;-1,410659;
00001;003;63714686351,4031;-0,2002631;0,8200902;-1,070414;0,9837098;0,1746329;0,04049799;-0,01335427;2;3;51;596,1385;-0,1819892;0,8218014;-1,071809;-0,1798025;0,8251125;-1,371821;0,2204732;0,8293932;-1,410659;
00001;003;63714686360,1367;0,0555683;0,8227679;-1,153907;0,940357;0,1638691;0,2924466;-0,05788514;5;3;52;604,872;0,01133697;0,8253139;-1,140545;-0,1798025;0,8251125;-1,371821;0,2204732;0,8293932;-1,410659;
00001;003;63714686367,6501;-0,02075176;0,8217089;-1,089589;0,9581531;0,1551751;0,2395796;-0,02156366;4;3;53;612,3856;-0,07926011;0,82315;-1,089137;-0,1798025;0,8251125;-1,371821;0,2204732;0,8293932;-1,410659;
00001;003;63714686375,4724;-0,1701997;0,8211915;-1,146531;0,9857094;0,1577901;0,05837199;0,008493021;1;3;54;620,2078;-0,1813455;0,8242341;-1,161774;-0,1798025;0,8251125;-1,371821;0,2204732;0,8293932;-1,410659;
00001;003;63714686381,6117;-0,1691657;0,8233882;-1,267905;0,9827445;0,1645764;0,08361854;0,01165457;0;3;55;626,3472;-0,1807019;0,8266669;-1,251739;-0,1798025;0,8251125;-1,371821;0,2204732;0,8293932;-1,410659;
00001;003;63714686389,2642;0,1122915;0,8250502;-1,250485;0,9307071;0,1492923;0,3292262;-0,05573393;6;3;56;634,0002;0,07887501;0,8280323;-1,219833;-0,1798025;0,8251125;-1,371821;0,2204732;0,8293932;-1,410659;
00001;003;63714686396,5841;-0,1830747;0,823131;-1,263729;0,9849574;0,1652781;0,04891544;0,01222474;0;3;57;641,3195;-0,1807019;0,8266669;-1,251739;-0,1798025;0,8251125;-1,371821;0,2204732;0,8293932;-1,410659;
00001;003;63714686404,1346;-0,1766558;0,8216237;-1,164674;0,9792644;0,1890855;0,07181525;-0,0114288;1;3;58;648,8702;-0,1813455;0,8242341;-1,161774;-0,1798025;0,8251125;-1,371821;0,2204732;0,8293932;-1,410659;
00001;003;63714686411,5061;-0,1812349;0,8208655;-1,077459;0,980018;0,1565854;0,1226609;0,0001945326;2;3;59;656,2418;-0,1819892;0,8218014;-1,071809;-0,1798025;0,8251125;-1,371821;0,2204732;0,8293932;-1,410659;
00001;003;63714686421,2457;0,1201669;0,824596;-1,251594;0,9288475;0,1655859;0,3225297;-0,07614703;6;3;60;665,9816;0,07887501;0,8280323;-1,219833;-0,1798025;0,8251125;-1,371821;0,2204732;0,8293932;-1,410659;
00001;003;63714686428,7635;0,04203287;0,8236136;-1,147325;0,9662904;0,1417944;0,2142089;0,01708155;5;3;61;673,4992;0,01133697;0,8253139;-1,140545;-0,1798025;0,8251125;-1,371821;0,2204732;0,8293932;-1,410659;
00001;003;63714686436,2465;-0,06623089;0,8205537;-1,06823;0,9615075;0,1640905;0,2177208;-0,03428314;4;3;62;680,9826;-0,07926011;0,82315;-1,089137;-0,1798025;0,8251125;-1,371821;0,2204732;0,8293932;-1,410659;
00001;003;63714686443,0269;-0,2071566;0,8195807;-0,9611774;0,9830642;0,1517289;0,102164;-0,01120833;3;3;63;687,7628;-0,1826328;0,8193687;-0,9818444;-0,1798025;0,8251125;-1,371821;0,2204732;0,8293932;-1,410659;
00001;003;63714686448,5939;-0,182547;0,8242447;-1,257613;0,9831977;0,1509545;0,08634593;0,05549359;0;3;64;693,3298;-0,1807019;0,8266669;-1,251739;-0,1798025;0,8251125;-1,371821;0,2204732;0,8293932;-1,410659;
00001;003;63714686455,9496;-0,2010392;0,820305;-0,930901;0,9858677;0,1376092;0,09373938;0,01848364;3;3;65;700,6856;-0,1826328;0,8193687;-0,9818444;-0,1798025;0,8251125;-1,371821;0,2204732;0,8293932;-1,410659;
00001;003;63714686463,2678;-0,1838711;0,8216829;-1,158455;0,9855363;0,1511228;0,07430248;0,0189525;1;3;66;708,0038;-0,1813455;0,8242341;-1,161774;-0,1798025;0,8251125;-1,371821;0,2204732;0,8293932;-1,410659;
00001;003;63714686470,4258;0,03377254;0,8235533;-1,153811;0,9359749;0,132913;0,325873;0,009588539;5;3;67;715,1619;0,01133697;0,8253139;-1,140545;-0,1798025;0,8251125;-1,371821;0,2204732;0,8293932;-1,410659;
00001;003;63714686477,1838;-0,05939006;0,8232405;-1,079105;0,9764357;0,08749501;0,196166;-0,0209026;4;3;68;721,9191;-0,07926011;0,82315;-1,089137;-0,1798025;0,8251125;-1,371821;0,2204732;0,8293932;-1,410659;
00001;003;63714686484,008;-0,1815657;0,8203987;-1,044965;0,985851;0,1391054;0,09319818;0,007841032;2;3;69;728,7438;-0,1819892;0,8218014;-1,071809;-0,1798025;0,8251125;-1,371821;0,2204732;0,8293932;-1,410659;
00001;003;63714686490,4979;0,1196916;0,8256319;-1,25741;-0,9242653;-0,1136294;-0,3575402;0,07061961;6;3;70;735,234;0,07887501;0,8280323;-1,219833;-0,1798025;0,8251125;-1,371821;0,2204732;0,8293932;-1,410659;
00001;003;63714686497,8585;-0,02974715;0,8210965;-1,065325;-0,952828;-0,1475862;-0,2644159;0,02052643;4;3;71;742,5945;-0,07926011;0,82315;-1,089137;-0,1798025;0,8251125;-1,371821;0,2204732;0,8293932;-1,410659;
00001;003;63714686507,6778;-0,1857577;0,8195472;-0,9530352;-0,980946;-0,1660264;-0,09917301;0,0185736;3;3;72;752,4131;-0,1826328;0,8193687;-0,9818444;-0,1798025;0,8251125;-1,371821;0,2204732;0,8293932;-1,410659;
00001;003;63714686515,6743;0,09465295;0,8248116;-1,251822;-0,9347502;-0,1363679;-0,3210702;0,06752676;6;3;73;760,4095;0,07887501;0,8280323;-1,219833;-0,1798025;0,8251125;-1,371821;0,2204732;0,8293932;-1,410659;
00001;003;63714686521,7617;-0,1827344;0,8300475;-1,352405;-0,9740262;-0,1793184;-0,05698799;-0,1259772;5;3;74;766,4977;0,01133697;0,8253139;-1,140545;-0,1798025;0,8251125;-1,371821;0,2204732;0,8293932;-1,410659;
00001;003;63714686534,273;-0,1915492;0,822701;-1,239967;-0,9867111;-0,1534639;-0,05128949;-0,01481814;0;3;75;779,0087;-0,1807019;0,8266669;-1,251739;-0,1798025;0,8251125;-1,371821;0,2204732;0,8293932;-1,410659;
00001;003;63714686544,8901;-0,1907415;0,8220394;-1,166999;-0,9857594;-0,151083;-0,06949553;-0,02495821;1;3;76;789,6262;-0,1813455;0,8242341;-1,161774;-0,1798025;0,8251125;-1,371821;0,2204732;0,8293932;-1,410659;
00001;003;63714686552,7904;-0,1921885;0,8207951;-1,074234;-0,9838578;-0,1418804;-0,1073978;-0,01896582;2;3;77;797,5265;-0,1819892;0,8218014;-1,071809;-0,1798025;0,8251125;-1,371821;0,2204732;0,8293932;-1,410659;
00001;003;63714686559,9182;-0,2025189;0,8197417;-0,9649864;-0,9846065;-0,1507154;-0,08838859;0,004737467;3;3;78;804,6537;-0,1826328;0,8193687;-0,9818444;-0,1798025;0,8251125;-1,371821;0,2204732;0,8293932;-1,410659;
00001;003;63714686566,8718;0,04908651;0,824496;-1,174363;-0,9684294;-0,1168174;-0,2187348;-0,02555746;5;3;79;811,6075;0,01133697;0,8253139;-1,140545;-0,1798025;0,8251125;-1,371821;0,2204732;0,8293932;-1,410659;
00001;003;63714686574,2036;-0,1931288;0,8205666;-1,072883;-0,9835473;-0,1579856;-0,08747417;-0,004857416;2;3;80;818,939;-0,1819892;0,8218014;-1,071809;-0,1798025;0,8251125;-1,371821;0,2204732;0,8293932;-1,410659;
00001;003;63714686580,5586;0,1110314;0,8258142;-1,264988;-0,9383033;-0,1296711;-0,3201734;0,01617077;6;3;81;825,2942;0,07887501;0,8280323;-1,219833;-0,1798025;0,8251125;-1,371821;0,2204732;0,8293932;-1,410659;
00001;003;63714686587,0342;-0,05677552;0,8210295;-1,068066;-0,9741754;-0,1466539;-0,1716738;0,001725811;4;3;82;831,7703;-0,07926011;0,82315;-1,089137;-0,1798025;0,8251125;-1,371821;0,2204732;0,8293932;-1,410659;
00001;003;63714686593,6498;-0,179417;0,8235279;-1,249999;-0,9811202;-0,1454872;-0,1232716;-0,03226138;0;3;83;838,3857;-0,1807019;0,8266669;-1,251739;-0,1798025;0,8251125;-1,371821;0,2204732;0,8293932;-1,410659;
00001;003;63714686600,5083;-0,1800254;0,8219967;-1,172938;-0,9833783;-0,1540774;-0,09439304;-0,01780967;1;3;84;845,2444;-0,1813455;0,8242341;-1,161774;-0,1798025;0,8251125;-1,371821;0,2204732;0,8293932;-1,410659;
00001;003;63714686607,1763;-0,1940477;0,8204634;-1,06804;-0,9849845;-0,156159;-0,07349823;-0,004256022;2;3;85;851,9116;-0,1819892;0,8218014;-1,071809;-0,1798025;0,8251125;-1,371821;0,2204732;0,8293932;-1,410659;
00001;003;63714686613,2645;-0,1876656;0,8214223;-1,177126;-0,9847918;-0,160749;-0,06568482;-0,005522504;1;3;86;858,0005;-0,1813455;0,8242341;-1,161774;-0,1798025;0,8251125;-1,371821;0,2204732;0,8293932;-1,410659;
00001;003;63714686620,3012;-0,1791707;0,8196465;-0,9724791;-0,9876317;-0,1355284;-0,07877151;0,003292242;3;3;87;865,0369;-0,1826328;0,8193687;-0,9818444;-0,1798025;0,8251125;-1,371821;0,2204732;0,8293932;-1,410659;
00001;003;63714686628,9113;-0,06969122;0,8230323;-1,100239;-0,9716736;-0,1304294;-0,1911838;-0,04782565;4;3;88;873,647;-0,07926011;0,82315;-1,089137;-0,1798025;0,8251125;-1,371821;0,2204732;0,8293932;-1,410659;
00001;003;63714686637,2014;0,0367269;0,8232516;-1,163386;-0,9432334;-0,143866;-0,2991143;0,01200859;5;3;89;881,9371;0,01133697;0,8253139;-1,140545;-0,1798025;0,8251125;-1,371821;0,2204732;0,8293932;-1,410659;
00001;003;63714686645,1974;-0,1964033;0,8231726;-1,255863;-0,9840453;-0,1750963;0,01659644;-0,02684501;0;3;90;889,933;-0,1807019;0,8266669;-1,251739;-0,1798025;0,8251125;-1,371821;0,2204732;0,8293932;-1,410659;
00001;003;63714686653,4708;0,102094;0,8245909;-1,248471;-0,9267166;-0,1560414;-0,3387452;0,04581719;6;3;91;898,2061;0,07887501;0,8280323;-1,219833;-0,1798025;0,8251125;-1,371821;0,2204732;0,8293932;-1,410659;
00001;003;63714686661,8182;-0,1858398;0,8199866;-1,051171;-0,9797884;-0,1808298;-0,08296181;0,0207994;2;3;92;906,5536;-0,1819892;0,8218014;-1,071809;-0,1798025;0,8251125;-1,371821;0,2204732;0,8293932;-1,410659;
00001;003;63714686668,2749;0,120646;0,8252919;-1,274613;-0,9320519;-0,1483597;-0,3288129;0,03392194;6;3;93;913,0104;0,07887501;0,8280323;-1,219833;-0,1798025;0,8251125;-1,371821;0,2204732;0,8293932;-1,410659;
00001;003;63714686675,4228;-0,1984847;0,8225312;-1,175242;-0,9860364;-0,1509335;-0,06059297;-0,0357761;1;3;94;920,1585;-0,1813455;0,8242341;-1,161774;-0,1798025;0,8251125;-1,371821;0,2204732;0,8293932;-1,410659;
00001;003;63714686681,5877;-0,06049797;0,8218861;-1,114302;-0,9660368;-0,1383224;-0,2180032;-0,01070364;4;3;95;926,3237;-0,07926011;0,82315;-1,089137;-0,1798025;0,8251125;-1,371821;0,2204732;0,8293932;-1,410659;
00001;003;63714686688,1002;0,06728268;0,8236319;-1,170014;-0,9468465;-0,1470529;-0,2849143;0,02609786;5;3;96;932,8356;0,01133697;0,8253139;-1,140545;-0,1798025;0,8251125;-1,371821;0,2204732;0,8293932;-1,410659;
00001;003;63714686695,1368;-0,1844453;0,8234314;-1,263921;-0,9847481;-0,1635218;-0,05493785;-0,02266483;0;3;97;939,8722;-0,1807019;0,8266669;-1,251739;-0,1798025;0,8251125;-1,371821;0,2204732;0,8293932;-1,410659;
00001;003;63714686702,6767;-0,1932799;0,8195199;-0,9687838;-0,9812453;-0,1853153;-0,04748754;0,02368197;3;3;98;947,4124;-0,1826328;0,8193687;-0,9818444;-0,1798025;0,8251125;-1,371821;0,2204732;0,8293932;-1,410659;
00001;003;63714686710,5961;-0,2100931;0,8191189;-0,9612828;-0,9786814;-0,2018669;-0,02367519;0,0295311;3;3;99;955,3318;-0,1826328;0,8193687;-0,9818444;-0,1798025;0,8251125;-1,371821;0,2204732;0,8293932;-1,410659;
00001;003;63714686718,237;-0,04903406;0,8215824;-1,088092;-0,9650987;-0,1554005;-0,2106609;0,007567628;4;3;100;962,9732;-0,07926011;0,82315;-1,089137;-0,1798025;0,8251125;-1,371821;0,2204732;0,8293932;-1,410659;
00001;003;63714686724,5255;0,04506879;0,8230493;-1,158213;-0,9585801;-0,1517961;-0,2406489;0,01305358;5;3;101;969,261;0,01133697;0,8253139;-1,140545;-0,1798025;0,8251125;-1,371821;0,2204732;0,8293932;-1,410659;
00001;003;63714686731,6147;-0,196469;0,822005;-1,178254;-0,9873493;-0,1490841;-0,04717621;-0,02626437;1;3;102;976,3503;-0,1813455;0,8242341;-1,161774;-0,1798025;0,8251125;-1,371821;0,2204732;0,8293932;-1,410659;
00001;003;63714686737,3931;-0,1952734;0,8235295;-1,265044;-0,9845001;-0,1568186;-0,07317768;-0,02850572;0;3;103;982,1287;-0,1807019;0,8266669;-1,251739;-0,1798025;0,8251125;-1,371821;0,2204732;0,8293932;-1,410659;
00001;003;63714686744,6072;0,1024031;0,8258558;-1,250784;-0,9358926;-0,1122964;-0,3325554;0,03002441;6;3;104;989,3423;0,07887501;0,8280323;-1,219833;-0,1798025;0,8251125;-1,371821;0,2204732;0,8293932;-1,410659;
00001;003;63714686753,3979;-0,1916926;0,819773;-1,051021;-0,9814842;-0,1704281;-0,08548833;0,01829821;2;3;105;998,1337;-0,1819892;0,8218014;-1,071809;-0,1798025;0,8251125;-1,371821;0,2204732;0,8293932;-1,410659;
00001;003;63714686761,954;-0,1935186;0,8231083;-1,255591;-0,9884086;-0,1394796;-0,05055377;-0,03222418;0;3;106;1006,69;-0,1807019;0,8266669;-1,251739;-0,1798025;0,8251125;-1,371821;0,2204732;0,8293932;-1,410659;
00001;003;63714686768,933;-0,03860217;0,8227871;-1,10498;-0,9710221;-0,1099283;-0,2043117;-0,05734679;4;3;107;1013,669;-0,07926011;0,82315;-1,089137;-0,1798025;0,8251125;-1,371821;0,2204732;0,8293932;-1,410659;
00001;003;63714686775,9489;0,04715322;0,8227028;-1,148513;-0,9594098;-0,1590339;-0,2317249;0,02333947;5;3;108;1020,685;0,01133697;0,8253139;-1,140545;-0,1798025;0,8251125;-1,371821;0,2204732;0,8293932;-1,410659;
00001;003;63714686782,92;-0,1806918;0,820566;-1,074262;-0,9843895;-0,1580646;-0,07739941;-0,001461951;2;3;109;1027,656;-0,1819892;0,8218014;-1,071809;-0,1798025;0,8251125;-1,371821;0,2204732;0,8293932;-1,410659;
00001;003;63714686789,6425;0,09827118;0,8245611;-1,259371;-0,9379208;-0,1569916;-0,3062476;0,04325031;6;3;110;1034,378;0,07887501;0,8280323;-1,219833;-0,1798025;0,8251125;-1,371821;0,2204732;0,8293932;-1,410659;
00001;003;63714686796,9709;-0,2019208;0,8220731;-1,183006;-0,9853929;-0,1542567;-0,06924811;-0,02026026;1;3;111;1041,707;-0,1813455;0,8242341;-1,161774;-0,1798025;0,8251125;-1,371821;0,2204732;0,8293932;-1,410659;
00001;003;63714686803,729;-0,1924408;0,8201929;-0,962622;-0,9880034;-0,147074;-0,04521617;-0,01319818;3;3;112;1048,465;-0,1826328;0,8193687;-0,9818444;-0,1798025;0,8251125;-1,371821;0,2204732;0,8293932;-1,410659;
00001;003;63714686810,4089;-0,2097595;0,8196145;-0,957963;-0,98519;-0,1643263;-0,04829404;0,008082754;3;3;113;1055,144;-0,1826328;0,8193687;-0,9818444;-0,1798025;0,8251125;-1,371821;0,2204732;0,8293932;-1,410659;
00001;003;63714686819,0312;0,1319448;0,824904;-1,235578;-0,9329517;-0,1442349;-0,3284342;0,03047066;6;3;114;1063,767;0,07887501;0,8280323;-1,219833;-0,1798025;0,8251125;-1,371821;0,2204732;0,8293932;-1,410659;
00001;003;63714686826,3562;-0,1855945;0,8216792;-1,16799;-0,984287;-0,1600972;-0,07351594;-0,01197453;1;3;115;1071,092;-0,1813455;0,8242341;-1,161774;-0,1798025;0,8251125;-1,371821;0,2204732;0,8293932;-1,410659;
00001;003;63714686833,0046;-0,03630915;0,821848;-1,096922;-0,9544482;-0,1360363;-0,2654974;-0,005828166;4;3;116;1077,74;-0,07926011;0,82315;-1,089137;-0,1798025;0,8251125;-1,371821;0,2204732;0,8293932;-1,410659;
00001;003;63714686839,7734;-0,1873509;0,8232577;-1,263456;-0,9863958;-0,1441241;-0,07450615;-0,0264682;0;3;117;1084,509;-0,1807019;0,8266669;-1,251739;-0,1798025;0,8251125;-1,371821;0,2204732;0,8293932;-1,410659;
00001;003;63714686845,6709;0,02163846;0,8227092;-1,173694;-0,9501663;-0,1565059;-0,2678319;0,03091947;5;3;118;1090,406;0,01133697;0,8253139;-1,140545;-0,1798025;0,8251125;-1,371821;0,2204732;0,8293932;-1,410659;
00001;003;63714686853,8592;-0,1806174;0,8204877;-1,085341;-0,9844906;-0,1624552;-0,06611929;0,003843283;2;3;119;1098,595;-0,1819892;0,8218014;-1,071809;-0,1798025;0,8251125;-1,371821;0,2204732;0,8293932;-1,410659;
00001;003;63714686861,4759;-0,1896353;0,8193935;-0,9451767;-0,9855897;-0,1511852;-0,07570403;0,004993046;3;3;120;1106,212;-0,1826328;0,8193687;-0,9818444;-0,1798025;0,8251125;-1,371821;0,2204732;0,8293932;-1,410659;
00001;003;63714686761,954;-0,1935186;0,8231083;-1,255591;-0,9884086;-0,1394796;-0,05055377;-0,03222418;0;3;121;1006,69;-0,1807019;0,8266669;-1,251739;-0,1798025;0,8251125;-1,371821;0,2204732;0,8293932;-1,410659;
00001;003;63714686768,933;-0,03860217;0,8227871;-1,10498;-0,9710221;-0,1099283;-0,2043117;-0,05734679;4;3;122;1013,669;-0,07926011;0,82315;-1,089137;-0,1798025;0,8251125;-1,371821;0,2204732;0,8293932;-1,410659;
00001;003;63714686775,9489;0,04715322;0,8227028;-1,148513;-0,9594098;-0,1590339;-0,2317249;0,02333947;5;3;123;1020,685;0,01133697;0,8253139;-1,140545;-0,1798025;0,8251125;-1,371821;0,2204732;0,8293932;-1,410659;
00001;003;63714686782,92;-0,1806918;0,820566;-1,074262;-0,9843895;-0,1580646;-0,07739941;-0,001461951;2;3;124;1027,656;-0,1819892;0,8218014;-1,071809;-0,1798025;0,8251125;-1,371821;0,2204732;0,8293932;-1,410659;
00001;003;63714686789,6425;0,09827118;0,8245611;-1,259371;-0,9379208;-0,1569916;-0,3062476;0,04325031;6;3;125;1034,378;0,07887501;0,8280323;-1,219833;-0,1798025;0,8251125;-1,371821;0,2204732;0,8293932;-1,410659;
00001;003;63714686796,9709;-0,2019208;0,8220731;-1,183006;-0,9853929;-0,1542567;-0,06924811;-0,02026026;1;3;126;1041,707;-0,1813455;0,8242341;-1,161774;-0,1798025;0,8251125;-1,371821;0,2204732;0,8293932;-1,410659;
00001;003;63714686803,729;-0,1924408;0,8201929;-0,962622;-0,9880034;-0,147074;-0,04521617;-0,01319818;3;3;127;1048,465;-0,1826328;0,8193687;-0,9818444;-0,1798025;0,8251125;-1,371821;0,2204732;0,8293932;-1,410659;
00001;003;63714686761,954;-0,1935186;0,8231083;-1,255591;-0,9884086;-0,1394796;-0,05055377;-0,03222418;0;3;128;1006,69;-0,1807019;0,8266669;-1,251739;-0,1798025;0,8251125;-1,371821;0,2204732;0,8293932;-1,410659;
00001;003;63714686768,933;-0,03860217;0,8227871;-1,10498;-0,9710221;-0,1099283;-0,2043117;-0,05734679;4;3;129;1013,669;-0,07926011;0,82315;-1,089137;-0,1798025;0,8251125;-1,371821;0,2204732;0,8293932;-1,410659;
00001;003;63714686775,9489;0,04715322;0,8227028;-1,148513;-0,9594098;-0,1590339;-0,2317249;0,02333947;5;3;130;1020,685;0,01133697;0,8253139;-1,140545;-0,1798025;0,8251125;-1,371821;0,2204732;0,8293932;-1,410659;
00001;003;63714686782,92;-0,1806918;0,820566;-1,074262;-0,9843895;-0,1580646;-0,07739941;-0,001461951;2;3;131;1027,656;-0,1819892;0,8218014;-1,071809;-0,1798025;0,8251125;-1,371821;0,2204732;0,8293932;-1,410659;
00001;003;63714686789,6425;0,09827118;0,8245611;-1,259371;-0,9379208;-0,1569916;-0,3062476;0,04325031;6;3;132;1034,378;0,07887501;0,8280323;-1,219833;-0,1798025;0,8251125;-1,371821;0,2204732;0,8293932;-1,410659;
00001;003;63714686796,9709;-0,2019208;0,8220731;-1,183006;-0,9853929;-0,1542567;-0,06924811;-0,02026026;1;3;133;1041,707;-0,1813455;0,8242341;-1,161774;-0,1798025;0,8251125;-1,371821;0,2204732;0,8293932;-1,410659;
00001;003;63714686803,729;-0,1924408;0,8201929;-0,962622;-0,9880034;-0,147074;-0,04521617;-0,01319818;3;3;134;1048,465;-0,1826328;0,8193687;-0,9818444;-0,1798025;0,8251125;-1,371821;0,2204732;0,8293932;-1,410659;
00001;003;63714686761,954;-0,1935186;0,8231083;-1,255591;-0,9884086;-0,1394796;-0,05055377;-0,03222418;0;3;135;1006,69;-0,1807019;0,8266669;-1,251739;-0,1798025;0,8251125;-1,371821;0,2204732;0,8293932;-1,410659;
00001;003;63714686768,933;-0,03860217;0,8227871;-1,10498;-0,9710221;-0,1099283;-0,2043117;-0,05734679;4;3;136;1013,669;-0,07926011;0,82315;-1,089137;-0,1798025;0,8251125;-1,371821;0,2204732;0,8293932;-1,410659;
00001;003;63714686775,9489;0,04715322;0,8227028;-1,148513;-0,9594098;-0,1590339;-0,2317249;0,02333947;5;3;137;1020,685;0,01133697;0,8253139;-1,140545;-0,1798025;0,8251125;-1,371821;0,2204732;0,8293932;-1,410659;
00001;003;63714686782,92;-0,1806918;0,820566;-1,074262;-0,9843895;-0,1580646;-0,07739941;-0,001461951;2;3;138;1027,656;-0,1819892;0,8218014;-1,071809;-0,1798025;0,8251125;-1,371821;0,2204732;0,8293932;-1,410659;
00001;003;63714686789,6425;0,09827118;0,8245611;-1,259371;-0,9379208;-0,1569916;-0,3062476;0,04325031;6;3;139;1034,378;0,07887501;0,8280323;-1,219833;-0,1798025;0,8251125;-1,371821;0,2204732;0,8293932;-1,410659;
00001;003;63714686796,9709;-0,2019208;0,8220731;-1,183006;-0,9853929;-0,1542567;-0,06924811;-0,02026026;1;3;140;1041,707;-0,1813455;0,8242341;-1,161774;-0,1798025;0,8251125;-1,371821;0,2204732;0,8293932;-1,410659;
