ExperimentID;participantID;date;PosRx;PosRy;PosRz;QuaternionRotw;QuaternionRotx;QuaternionRoty;QuaternionRotz;targetNumber;condition;aim_number;PosTargetx;PosTargety;PosTargetz
0,25;1,769769;-0,8081996;0
0,65;1,7402;-0,85;0
00001;002;63711848730,8076;-0,1103429;0,7282665;0,7776129;0,426255;0,170082;-0,8566374;0,2356932;2;1;1;74,84274;-0,1950759;0,7252839;0,8194532;
00001;002;63711848737,9988;-0,09189754;0,7273747;0,8831033;0,5276136;0,2118163;-0,7912271;0,2252056;4;1;2;82,03378;-0,1730491;0,7251316;0,9212871;
00001;002;63711848745,9847;0,001300678;0,7274304;0,7734056;0,3791255;0,1902149;-0,8663437;0,2636869;1;1;3;90,01937;-0,105152;0,7239813;0,8159903;
00001;002;63711848751,7735;0,06485842;0,7271022;0,7754677;0,3458399;0,1590873;-0,8868659;0,2618298;0;1;4;95,80808;-0,01522802;0,7226787;0,8125273;
00001;002;63711848760,4422;-0,2759209;0,7307832;0,7907375;0,6534203;0,2157516;-0,7030532;0,1794698;3;1;5;104,4773;-0,2849998;0,7265865;0,8229162;
00001;002;63711848765,6913;0,0476486;0,7273772;0,7784438;0,3040698;0,1405405;-0,9059059;0,259084;0;1;6;109,7266;-0,01522802;0,7226787;0,8125273;
00001;002;63711848771,8117;0,07545201;0,7270248;0,7775924;-0,2439533;-0,1450765;0,9164169;-0,2821696;0;1;7;115,847;-0,01522802;0,7226787;0,8125273;
00001;002;63711848778,4777;-0,0961137;0,7273938;0,903321;-0,5173365;-0,2030437;0,8004014;-0,224708;4;1;8;122,5124;-0,1730491;0,7251316;0,9212871;
00001;002;63711848783,9416;-0,03996074;0,7267086;0,9711069;-0,5326993;-0,1929875;0,794811;-0,2173999;5;1;9;127,9768;-0,1175249;0,7244738;1,009446;
00001;002;63711848789,0467;-0,2045353;0,7293196;0,7953789;-0,5756546;-0,2095859;0,762851;-0,2067706;3;1;10;133,082;-0,2849998;0,7265865;0,8229162;
00001;002;63711848793,8566;-0,01101596;0,7275652;0,7807325;-0,4598755;-0,1911299;0,8346099;-0,2353936;1;1;11;137,891;-0,105152;0,7239813;0,8159903;
00001;002;63711848797,8467;-0,06590109;0,7271688;0,8676258;-0,5277284;-0,216546;0,7903134;-0,223641;4;1;12;141,882;-0,1730491;0,7251316;0,9212871;
00001;002;63711848801,854;0,003510043;0,7264059;0,9956726;-0,6338403;-0,2200585;0,7165546;-0,1907099;6;1;13;145,8888;-0,03520092;0,7233902;1,073297;
00001;002;63711848806,0019;-0,05099618;0,7270668;0,8856664;-0,5862224;-0,240239;0,7451593;-0,2082458;4;1;14;150,0368;-0,1730491;0,7251316;0,9212871;
00001;002;63711848809,2084;0,06203561;0,7271085;0,7891097;-0,4118674;-0,1837023;0,8573583;-0,2481042;0;1;15;153,2431;-0,01522802;0,7226787;0,8125273;
00001;002;63711848813,4809;-0,105758;0,7284844;0,7895613;-0,5326142;-0,1947834;0,7942926;-0,2179006;2;1;16;157,5162;-0,1950759;0,7252839;0,8194532;
00001;002;63711848817,6287;0,03630601;0,7261064;0,9823008;-0,6271763;-0,2448098;0,7126359;-0,1971505;6;1;17;161,6638;-0,03520092;0,7233902;1,073297;
00001;002;63711848821,0801;0,05531236;0,7272696;0,7815289;-0,4559922;-0,1946607;0,8344422;-0,2405923;0;1;18;165,1153;-0,01522802;0,7226787;0,8125273;
00001;002;63711848824,6107;-0,1442446;0,7287072;0,7824928;-0,5888019;-0,239634;0,745694;-0,1995706;2;1;19;168,6461;-0,1950759;0,7252839;0,8194532;
00001;002;63711848829,6041;-0,2448763;0,7302856;0,7793787;-0,6574169;-0,2284951;0,6968679;-0,1731127;3;1;20;173,6387;-0,2849998;0,7265865;0,8229162;
00001;002;63711848835,1655;-0,2281997;0,7299343;0,778224;-0,658321;-0,232922;0,6950218;-0,1711886;3;1;21;179,2007;-0,2849998;0,7265865;0,8229162;
00001;002;63711848840,038;0,04560928;0,7274877;0,7772257;-0,5168622;-0,1906374;0,8049394;-0,2204164;0;1;22;184,0729;-0,01522802;0,7226787;0,8125273;
00001;002;63711848844,3595;-0,1427758;0,7290166;0,7753416;-0,6067229;-0,1859527;0,7466249;-0,1996502;2;1;23;188,3941;-0,1950759;0,7252839;0,8194532;
00001;002;63711848848,4487;0,01291869;0,7265952;0,9961323;-0,6711283;-0,2039563;0,6871555;-0,1892248;6;1;24;192,4836;-0,03520092;0,7233902;1,073297;
00001;002;63711848852,1109;-0,222341;0,7299669;0,7750304;-0,6208707;-0,2090125;0,7292014;-0,1977338;3;1;25;196,1462;-0,2849998;0,7265865;0,8229162;
00001;002;63711848856,0761;-0,09760283;0,7285965;0,7732836;-0,5773246;-0,1819688;0,7691823;-0,2047984;2;1;26;200,1115;-0,1950759;0,7252839;0,8194532;
00001;002;63711848859,9275;-0,06550822;0,7274064;0,8768353;-0,5788885;-0,2275504;0,7539045;-0,2115114;4;1;27;203,9621;-0,1730491;0,7251316;0,9212871;
00001;002;63711848863,4769;0,06245803;0,7272836;0,7699813;-0,4624161;-0,199564;0,8303969;-0,2382993;0;1;28;207,5121;-0,01522802;0,7226787;0,8125273;
00001;002;63711848869,8262;-0,2455632;0,7303888;0,7962592;-0,6636121;-0,1688192;0,7056354;-0,1822022;3;1;29;213,8616;-0,2849998;0,7265865;0,8229162;
00001;002;63711848878,0907;-0,2328068;0,7298239;0,7909681;-0,6237448;-0,2165144;0,7243457;-0,1984623;3;1;30;222,1259;-0,2849998;0,7265865;0,8229162;
00001;002;63711848882,4583;-0,0439596;0,7281078;0,7855775;-0,5667934;-0,1644829;0,7801539;-0,2074861;2;1;31;226,4935;-0,1950759;0,7252839;0,8194532;
00001;002;63711848887,8093;0,01835881;0,7264386;1,016044;-0,6976253;-0,2311438;0,6573118;-0,1668311;6;1;32;231,844;-0,03520092;0,7233902;1,073297;
00001;002;63711848892,3776;-0,2408925;0,7303065;0,7834998;-0,6499415;-0,164922;0,7188485;-0,1833946;3;1;33;236,4129;-0,2849998;0,7265865;0,8229162;
00001;002;63711848896,5785;-0,06799145;0,7276616;0,8816867;-0,5745519;-0,1862567;0,7704276;-0,2040585;4;1;34;240,6138;-0,1730491;0,7251316;0,9212871;
00001;002;63711848902,4062;-0,1178984;0,7284987;0,7836562;-0,5336222;-0,2066453;0,7902312;-0,2192707;2;1;35;246,4408;-0,1950759;0,7252839;0,8194532;
00001;002;63711848907,0446;-0,1432964;0,7288413;0,7840168;-0,5554056;-0,2073176;0,7769462;-0,2118931;2;1;36;251,0792;-0,1950759;0,7252839;0,8194532;
00001;002;63711848911,1535;-0,07924954;0,7277641;0,8683088;-0,570556;-0,1993453;0,7686433;-0,209559;4;1;37;255,1882;-0,1730491;0,7251316;0,9212871;
00001;002;63711848917,0735;-0,2523415;0,7305604;0,7771107;-0,6677813;-0,2018904;0,6967563;-0,1668504;3;1;38;261,1083;-0,2849998;0,7265865;0,8229162;
00001;002;63711848922,3181;-0,1137847;0,7277743;0,8832703;-0,64522;-0,2286925;0,707351;-0,1761975;4;1;39;266,3529;-0,1730491;0,7251316;0,9212871;
00001;002;63711848926,7133;-0,05312775;0,7280942;0,7779486;-0,5489809;-0,2031794;0,7827954;-0,2111152;1;1;40;270,7479;-0,105152;0,7239813;0,8159903;
00001;002;63711848930,8519;-0,2410311;0,7304487;0,7763538;-0,7057472;-0,215304;0,6569951;-0,1546694;3;1;41;274,8867;-0,2849998;0,7265865;0,8229162;
00001;002;63711848935,1123;-0,2421251;0,7308578;0,7867838;-0,7090962;-0,1891293;0,6605145;-0,1585349;3;1;42;279,1473;-0,2849998;0,7265865;0,8229162;
00001;002;63711848939,4662;-0,08534352;0,7284135;0,8794961;-0,663722;-0,1726285;0,7052986;-0,1795174;4;1;43;283,5008;-0,1730491;0,7251316;0,9212871;
00001;002;63711848943,1852;-0,238731;0,7305844;0,7757103;-0,6746247;-0,192743;0,6879469;-0,1856362;3;1;44;287,2202;-0,2849998;0,7265865;0,8229162;
00001;002;63711848947,8235;0,03900434;0,7279568;0,7696249;-0,5341428;-0,1725418;0,8015391;-0,2060478;0;1;45;291,8584;-0,01522802;0,7226787;0,8125273;
00001;002;63711848953,2509;-0,09487431;0,7279393;0,8596488;-0,5858602;-0,212;0,7569498;-0,1971062;4;1;46;297,2858;-0,1730491;0,7251316;0,9212871;
00001;002;63711848958,1056;-0,2483195;0,7304636;0,7902078;-0,6670576;-0,2018822;0,6958619;-0,1733609;3;1;47;302,1406;-0,2849998;0,7265865;0,8229162;
00001;002;63711848961,7961;0,06901118;0,7276815;0,7749721;-0,5290844;-0,177671;0,8014782;-0,2147917;0;1;48;305,831;-0,01522802;0,7226787;0,8125273;
00001;002;63711848967,5266;-0,244144;0,7307724;0,7745908;-0,6851633;-0,1915164;0,6812794;-0,1724271;3;1;49;311,5616;-0,2849998;0,7265865;0,8229162;
00001;002;63711848971,816;0,06146381;0,7279567;0,7725967;-0,5928749;-0,1510624;0,7651467;-0,2005742;0;1;50;315,8506;-0,01522802;0,7226787;0,8125273;
00001;002;63711848976,686;-0,04656589;0,7273807;0,9530331;-0,7251669;-0,181597;0,6413388;-0,1727427;5;1;51;320,7207;-0,1175249;0,7244738;1,009446;
00001;002;63711848981,9699;-0,1266514;0,7287213;0,7695385;-0,6091098;-0,2158637;0,7374619;-0,1963118;2;1;52;326,0043;-0,1950759;0,7252839;0,8194532;
00001;002;63711848988,794;0,02788169;0,7264135;1,00244;-0,7338514;-0,2382255;0,6178187;-0,1516931;6;1;53;332,8285;-0,03520092;0,7233902;1,073297;
00001;002;63711848992,6099;0,00854992;0,7261625;1,024295;-0,7376141;-0,2222885;0,6219109;-0,1404999;6;1;54;336,6445;-0,03520092;0,7233902;1,073297;
00001;002;63711848996,1705;-0,2233166;0,7299582;0,7684498;-0,6282617;-0,18968;0,7328745;-0,1794536;3;1;55;340,2056;-0,2849998;0,7265865;0,8229162;
00001;002;63711849000,5126;0,04994971;0,7276925;0,7687026;-0,5316201;-0,1886625;0,7988252;-0,2089615;0;1;56;344,5475;-0,01522802;0,7226787;0,8125273;
00001;002;63711849005,5038;-0,05594617;0,7283694;0,779245;-0,5486723;-0,1640889;0,7969049;-0,1922921;1;1;57;349,539;-0,105152;0,7239813;0,8159903;
00001;002;63711849009,9229;0,01052652;0,7752445;1,025727;-0,01863565;0,1254102;-0,08877405;-0,9879496;6;1;58;353,9577;-0,03520092;0,7233902;1,073297;
00001;002;63711849014,1602;0,005624529;0,727253;1,01357;-0,6695958;-0,1841883;0,7007673;-0,1632215;6;1;59;358,1954;-0,03520092;0,7233902;1,073297;
00001;002;63711849017,7574;0,004303481;0,7269597;1,027354;-0,6799562;-0,1499666;0,6913451;-0,1929031;6;1;60;361,792;-0,03520092;0,7233902;1,073297;
00001;002;63711849021,7117;-0,06936185;0,7275747;0,9455957;-0,5853152;-0,1405021;0,7729767;-0,2004302;5;1;61;365,7465;-0,1175249;0,7244738;1,009446;
00001;002;63711849025,6437;-0,2406498;0,7304378;0,7842557;-0,646993;-0,177103;0,7196247;-0,1793736;3;1;62;369,6783;-0,2849998;0,7265865;0,8229162;
00001;002;63711849030,7131;-0,01878468;0,7280179;0,9893243;-0,6890715;-0,1766419;0,6865329;-0,150502;6;1;63;374,7478;-0,03520092;0,7233902;1,073297;
00001;002;63711849034,3222;-0,1102614;0,7280979;0,8555667;-0,6288269;-0,2360117;0,7218373;-0,166812;4;1;64;378,3566;-0,1730491;0,7251316;0,9212871;
00001;002;63711849038,0415;-0,1212566;0,7281413;0,8696609;-0,6317732;-0,2258692;0,7178698;-0,1857651;4;1;65;382,0767;-0,1730491;0,7251316;0,9212871;
00001;002;63711849042,2019;-0,1021303;0,7276608;0,8635034;-0,5901456;-0,2366176;0,7436875;-0,2065653;4;1;66;386,237;-0,1730491;0,7251316;0,9212871;
00001;002;63711849045,4129;0,04408567;0,7280441;0,7725549;-0,4819156;-0,1709579;0,8349684;-0,2033676;0;1;67;389,4481;-0,01522802;0,7226787;0,8125273;
00001;002;63711849048,9208;-0,1310256;0,728951;0,8854451;-0,6321976;-0,1958746;0,7278386;-0,1794723;4;1;68;392,9557;-0,1730491;0,7251316;0,9212871;
00001;002;63711849052,8974;-0,1480945;0,7292046;0,7746279;-0,6080877;-0,1976323;0,7455909;-0,1877902;2;1;69;396,9327;-0,1950759;0,7252839;0,8194532;
00001;002;63711849057,286;-0,1503193;0,7288558;0,7788976;-0,6111664;-0,2238357;0,7367123;-0,1833805;2;1;70;401,3208;-0,1950759;0,7252839;0,8194532;
00001;002;63711849061,1739;-0,0807227;0,727486;0,9561663;-0,6481981;-0,2109835;0,7076662;-0,1858331;5;1;71;405,2091;-0,1175249;0,7244738;1,009446;
00001;002;63711849064,8705;0,004034415;0,7273148;1,015285;-0,6875342;-0,1771095;0,6861987;-0,158305;6;1;72;408,9049;-0,03520092;0,7233902;1,073297;
00001;002;63711849068,6681;-0,004362012;0,7278051;1,032283;-0,7085167;-0,1580056;0,6677591;-0,1647307;6;1;73;412,7032;-0,03520092;0,7233902;1,073297;
00001;002;63711849072,5224;-0,0763529;0,7282172;0,7824797;-0,5192047;-0,1673673;0,810058;-0,21499;1;1;74;416,5576;-0,105152;0,7239813;0,8159903;
00001;002;63711849076,8733;-0,08074201;0,7284323;0,9494866;-0,6407979;-0,1573021;0,7291747;-0,1814893;5;1;75;420,9081;-0,1175249;0,7244738;1,009446;
00001;002;63711849080,8652;-0,2493287;0,7307067;0,7704885;-0,6313848;-0,172889;0,7325019;-0,1868254;3;1;76;424,9004;-0,2849998;0,7265865;0,8229162;
00001;002;63711849085,7122;-0,1328946;0,7286433;0,8752254;-0,5723691;-0,1754526;0,7778945;-0,1910241;4;1;77;429,7475;-0,1730491;0,7251316;0,9212871;
00001;002;63711849092,4261;-0,1220844;0,7280924;0,869293;-0,5336574;-0,1941087;0,793456;-0,218996;4;1;78;436,4606;-0,1730491;0,7251316;0,9212871;
00001;002;63711849098,4026;-0,2367168;0,7303171;0,7625787;-0,5740669;-0,1900647;0,7726296;-0,1933032;3;1;79;442,4371;-0,2849998;0,7265865;0,8229162;
00001;002;63711849105,6238;-0,06469215;0,7278373;0,7851555;-0,3197521;-0,1340583;0,9026776;-0,2548731;1;1;80;449,6591;-0,105152;0,7239813;0,8159903;
00001;002;63711849110,6107;-0,2756097;0,7307277;0,7786007;0,5548146;0,1494815;-0,7954623;0,1925508;3;1;81;454,6453;-0,2849998;0,7265865;0,8229162;
00001;002;63711849122,8586;-0,06483117;0,7271813;0,9575943;-0,6211861;-0,2570502;0,7216095;-0,1653262;5;1;82;466,8939;-0,1175249;0,7244738;1,009446;
00001;002;63711849127,3973;-0,001804733;0,7271336;1,006724;-0,66197;-0,2506802;0,6929805;-0,1368696;6;1;83;471,4326;-0,03520092;0,7233902;1,073297;
00001;002;63711849131,8657;0,05150522;0,7279121;0,7803247;-0,5259852;-0,1871247;0,8072841;-0,1913539;0;1;84;475,9008;-0,01522802;0,7226787;0,8125273;
00001;002;63711849136,2546;-0,1402184;0,7284928;0,8925984;-0,5810887;-0,1710407;0,7722063;-0,1917775;4;1;85;480,2891;-0,1730491;0,7251316;0,9212871;
00001;002;63711849140,7352;-0,08499645;0,7275829;0,9550608;-0,6198559;-0,191919;0,7365667;-0,1908284;5;1;86;484,7698;-0,1175249;0,7244738;1,009446;
00001;002;63711849144,7;-0,04428368;0,7286295;0,7768872;-0,4849746;-0,1299566;0,8386365;-0,2111864;1;1;87;488,7349;-0,105152;0,7239813;0,8159903;
00001;002;63711849150,5636;-0,05553691;0,7279293;0,8006788;-0,4494217;-0,1792759;0,8452132;-0,2269249;1;1;88;494,599;-0,105152;0,7239813;0,8159903;
00001;002;63711849155,0632;-0,0695081;0,7280856;0,7974462;-0,457484;-0,171467;0,8414031;-0,2309725;1;1;89;499,0982;-0,105152;0,7239813;0,8159903;
00001;002;63711849161,4884;-0,07844497;0,7280814;0,800379;-0,4808381;-0,1816713;0,8279371;-0,2242997;1;1;90;505,5231;-0,105152;0,7239813;0,8159903;
00001;002;63711849164,5265;-0,03926147;0,7277444;0,801895;-0,4229307;-0,1620661;0,8593079;-0,2376007;1;1;91;508,5615;-0,105152;0,7239813;0,8159903;
00001;002;63711849168,6259;-0,1309021;0,7280738;0,9005731;-0,5651255;-0,2464299;0,7617607;-0,1990635;4;1;92;512,6605;-0,1730491;0,7251316;0,9212871;
00001;002;63711849172,6684;-0,1378717;0,7283941;0,789497;-0,5218052;-0,2224493;0,7917812;-0,2265353;2;1;93;516,7036;-0,1950759;0,7252839;0,8194532;
00001;002;63711849184,2403;-0,1405845;0,7290407;0,8060772;-0,6027318;-0,1559366;0,7581715;-0,193841;2;1;94;528,2753;-0,1950759;0,7252839;0,8194532;
00001;002;63711849187,5361;0,06358743;0,7275437;0,7961128;-0,4665826;-0,1579865;0,8429456;-0,2162952;0;1;95;531,5706;-0,01522802;0,7226787;0,8125273;
00001;002;63711849190,5861;0,05231628;0,7276174;0,7970591;-0,4845515;-0,1422165;0,8353622;-0,2171507;0;1;96;534,6205;-0,01522802;0,7226787;0,8125273;
00001;002;63711849195,4114;-0,04995966;0,7281349;0,7926938;-0,5326363;-0,1644477;0,8043953;-0,2054359;1;1;97;539,4466;-0,105152;0,7239813;0,8159903;
00001;002;63711849198,8952;-0,1763967;0,7292829;0,7854044;-0,586283;-0,2065514;0,7589316;-0,1939883;2;1;98;542,9305;-0,1950759;0,7252839;0,8194532;
00001;002;63711849202,4548;-0,2545923;0,730455;0,7877811;-0,6544079;-0,2119568;0,7049658;-0,1727652;3;1;99;546,49;-0,2849998;0,7265865;0,8229162;
00001;002;63711849206,476;-0,1390056;0,7286972;0,790738;-0,6284963;-0,2067732;0,7256616;-0,1888188;2;1;100;550,5104;-0,1950759;0,7252839;0,8194532;
00001;002;63711849210,3082;-0,1061382;0,7279971;0,9124311;-0,6238948;-0,1613725;0,7393214;-0,1952386;4;1;101;554,3427;-0,1730491;0,7251316;0,9212871;
00001;002;63711849213,6851;-0,01704171;0,7280288;0,7813081;-0,5037917;-0,1488255;0,8245001;-0,2103438;1;1;102;557,7195;-0,105152;0,7239813;0,8159903;
00001;002;63711849217,4266;-0,06586426;0,7278162;0,9579366;-0,6330719;-0,1611918;0,7355348;-0,1795154;5;1;103;561,4611;-0,1175249;0,7244738;1,009446;
00001;002;63711849238,9604;-0,0876929;0,7273981;0,9649777;-0,6088941;-0,1958193;0,7436551;-0,1946275;5;1;104;582,9957;-0,1175249;0,7244738;1,009446;
00001;002;63711849242,6243;-0,04753889;0,7278845;0,7932606;-0,455885;-0,1633503;0,8444285;-0,2289675;1;1;105;586,6593;-0,105152;0,7239813;0,8159903;
00001;002;63711849246,4101;-0,07465846;0,7282994;0,7932954;-0,4524105;-0,1399438;0,8522045;-0,2224587;1;1;106;590,4449;-0,105152;0,7239813;0,8159903;
00001;002;63711849250,3531;-0,1333119;0,7283247;0,8776739;-0,5545648;-0,1604765;0,7909123;-0,2028868;4;1;107;594,3884;-0,1730491;0,7251316;0,9212871;
00001;002;63711849254,0731;-0,1678215;0,7291776;0,7843049;-0,5721273;-0,1774199;0,7749981;-0,2014212;2;1;108;598,1078;-0,1950759;0,7252839;0,8194532;
00001;002;63711849257,3237;-0,08424929;0,727594;0,9525309;-0,6053948;-0,1737819;0,7515973;-0,1959553;5;1;109;601,3588;-0,1175249;0,7244738;1,009446;
00001;002;63711849260,4472;-0,04653931;0,7280527;0,775663;-0,4553114;-0,1531755;0,8478901;-0,2243011;1;1;110;604,4818;-0,105152;0,7239813;0,8159903;
00001;002;63711849265,8779;-0,06387498;0,7270074;0,9336574;-0,566478;-0,2133488;0,7672279;-0,2120054;5;1;111;609,9129;-0,1175249;0,7244738;1,009446;
00001;002;63711849269,8179;-0,002913942;0,7271037;0,9728027;-0,6275712;-0,1852593;0,7335891;-0,1835224;6;1;112;613,853;-0,03520092;0,7233902;1,073297;
00001;002;63711849272,494;0,05683459;0,7276821;0,7705156;-0,4585304;-0,1454978;0,8478377;-0,2230504;0;1;113;616,5284;-0,01522802;0,7226787;0,8125273;
00001;002;63711849276,6363;-0,136805;0,7287985;0,7772331;-0,5551398;-0,2120166;0,7779722;-0,2040296;2;1;114;620,6713;-0,1950759;0,7252839;0,8194532;
00001;002;63711849280,4812;-0,135871;0,7287114;0,783759;-0,5178954;-0,2232699;0,7971385;-0,2156508;2;1;115;624,516;-0,1950759;0,7252839;0,8194532;
00001;002;63711849284,8638;0,00374615;0,7263674;0,9843754;-0,6331517;-0,2306773;0,7131406;-0,1932291;6;1;116;628,8986;-0,03520092;0,7233902;1,073297;
00001;002;63711849290,7325;-0,01310786;0,7271758;1,002582;-0,6237721;-0,1993979;0,7343481;-0,1785547;6;1;117;634,7673;-0,03520092;0,7233902;1,073297;
00001;002;63711849294,9442;0,03808469;0,7276333;0,7793457;-0,4529639;-0,1591897;0,8464193;-0,2303405;0;1;118;638,9787;-0,01522802;0,7226787;0,8125273;
00001;002;63711849299,5452;-0,1663447;0,7288423;0,7892188;-0,5453897;-0,2197195;0,779045;-0,2176287;2;1;119;643,58;-0,1950759;0,7252839;0,8194532;
00001;002;63711849303,354;0,07158034;0,7273836;0,7894099;-0,4321084;-0,1642065;0,8557214;-0,2325071;0;1;120;647,3892;-0,01522802;0,7226787;0,8125273;
00001;002;63711849315,0593;-0,00709493;0,7265298;1,028527;-0,6556968;-0,2304556;0,6965921;-0,1780771;6;1;121;659,0944;-0,03520092;0,7233902;1,073297;
00001;002;63711849318,4896;-0,01389795;0,7267764;1,026891;-0,660263;-0,2082137;0,6982484;-0,182069;6;1;122;662,5244;-0,03520092;0,7233902;1,073297;
00001;002;63711849321,616;-0,1585246;0,7290193;0,7794541;-0,5755138;-0,2039333;0,7653855;-0,2034212;2;1;123;665,6514;-0,1950759;0,7252839;0,8194532;
00001;002;63711849324,487;0,06327495;0,7273585;0,778144;-0,4249268;-0,1771806;0,8555062;-0,2369673;0;1;124;668,5217;-0,01522802;0,7226787;0,8125273;
00001;002;63711849327,3198;0,04368158;0,7275727;0,7739841;-0,4255012;-0,1632707;0,8574435;-0,2389189;0;1;125;671,3543;-0,01522802;0,7226787;0,8125273;
00001;002;63711849330,4287;-0,05010911;0,7282526;0,7738812;-0,5106037;-0,2040186;0,8074525;-0,2137306;1;1;126;674,464;-0,105152;0,7239813;0,8159903;
00001;002;63711849333,8318;-0,06729468;0,7272583;0,9590641;-0,6366081;-0,2378218;0,7106484;-0,1820713;5;1;127;677,8666;-0,1175249;0,7244738;1,009446;
00001;002;63711849336,9538;0,001908162;0,7265083;1,001827;-0,6632289;-0,2202392;0,6917787;-0,1818362;6;1;128;680,9891;-0,03520092;0,7233902;1,073297;
00001;002;63711849340,0342;-0,05906099;0,7284493;0,7625982;-0,5162104;-0,2128585;0,8041725;-0,2037763;1;1;129;684,0695;-0,105152;0,7239813;0,8159903;
00001;002;63711849344,4653;-0,08656113;0,7282289;0,9726223;-0,6516737;-0,1957208;0,7130391;-0,1690864;5;1;130;688,4997;-0,1175249;0,7244738;1,009446;
00001;002;63711849347,5176;-0,07486129;0,7277101;0,97759;-0,6621553;-0,2049158;0,6998155;-0,1726795;5;1;131;691,5527;-0,1175249;0,7244738;1,009446;
00001;002;63711849350,6128;-0,02103604;0,7280413;0,7796046;-0,5291987;-0,1552947;0,8068626;-0,211672;1;1;132;694,648;-0,105152;0,7239813;0,8159903;
00001;002;63711849354,009;-0,0546868;0,7274642;0,9549386;-0,6613331;-0,1957118;0,7010093;-0,1814429;5;1;133;698,0436;-0,1175249;0,7244738;1,009446;
00001;002;63711849357,9739;-0,07445739;0,727452;0,954837;-0,6425499;-0,2295685;0,7130103;-0,1613825;5;1;134;702,0086;-0,1175249;0,7244738;1,009446;
00001;002;63711849361,0348;-0,04027662;0,7284264;0,7829493;-0,5446252;-0,1846448;0,7940549;-0,1968919;1;1;135;705,0701;-0,105152;0,7239813;0,8159903;
00001;002;63711849364,5872;0,008743907;0,7279586;0,9921998;-0,6201628;-0,1608844;0,7515823;-0,1569663;6;1;136;708,6218;-0,03520092;0,7233902;1,073297;
00001;002;63711849367,3678;-0,07363685;0,7280678;0,9366381;-0,6145006;-0,1856591;0,747053;-0,1727188;5;1;137;711,4025;-0,1175249;0,7244738;1,009446;
00001;002;63711849370,5495;-0,08010022;0,7279578;0,9470246;-0,6058687;-0,1665394;0,75665;-0,1807447;5;1;138;714,5846;-0,1175249;0,7244738;1,009446;
00001;002;63711849373,5219;-0,09731971;0,728188;0,9448457;-0,6090787;-0,1713179;0,7540283;-0,1763938;5;1;139;717,5566;-0,1175249;0,7244738;1,009446;
00001;002;63711849377,9233;-0,07184644;0,7275285;0,9709131;-0,6296209;-0,2130559;0,7263739;-0,1748307;5;1;140;721,9583;-0,1175249;0,7244738;1,009446;
00001;002;63711849663,3651;-0,1681548;0,7304007;0,7897921;-0,9206267;-0,2288124;0,3028338;0,09155963;2;2;141;1007,4;-0,1950759;0,7252839;0,8194532;
00001;002;63711849666,6478;-0,1701367;0,7303611;0,7790204;-0,9385112;-0,226452;0,2402957;0,1008677;2;2;142;1010,682;-0,1950759;0,7252839;0,8194532;
00001;002;63711849669,9282;-0,1767165;0,7315527;0,7796903;-0,9116101;-0,2167131;0,3317994;0,1091402;2;2;143;1013,963;-0,1950759;0,7252839;0,8194532;
00001;002;63711849673,0133;0,04912745;0,7297851;0,7936529;-0,9661531;-0,1927593;0,08026434;0,1514921;0;2;144;1017,048;-0,01522802;0,7226787;0,8125273;
00001;002;63711849676,0314;-0,1559088;0,730638;0,9091277;-0,9147234;-0,2083528;0,3225736;0,1257635;4;2;145;1020,066;-0,1730491;0,7251316;0,9212871;
00001;002;63711849679,9962;-0,150408;0,7308387;0,9015571;-0,8429632;-0,23392;0,4787794;0,07392467;4;2;146;1024,031;-0,1730491;0,7251316;0,9212871;
00001;002;63711849683,4796;-0,1576962;0,7291015;0,9116015;-0,8696437;-0,2449913;0,4255621;0,05095256;4;2;147;1027,515;-0,1730491;0,7251316;0,9212871;
00001;002;63711849687,523;-0,1494352;0,7297032;0,904531;-0,8328039;-0,2469648;0,4948027;0,02482723;4;2;148;1031,558;-0,1730491;0,7251316;0,9212871;
00001;002;63711849691,0208;-0,01407462;0,7282345;1,047546;-0,9370026;-0,2225695;0,2453227;0,1109314;6;2;149;1035,056;-0,03520092;0,7233902;1,073297;
00001;002;63711849694,3485;-0,1105799;0,7297494;0,9750069;-0,9043272;-0,2273834;0,3476498;0,09812626;5;2;150;1038,384;-0,1175249;0,7244738;1,009446;
00001;002;63711849697,8003;-0,1741593;0,732002;0,7972682;-0,8102747;-0,2272809;0,5354246;0,07154601;2;2;151;1041,835;-0,1950759;0,7252839;0,8194532;
00001;002;63711849701,354;-0,1430838;0,7298765;0,8855914;-0,8276054;-0,2446823;0,5043478;0,02886675;4;2;152;1045,389;-0,1730491;0,7251316;0,9212871;
00001;002;63711849705,5411;-0,1007545;0,728939;0,9704561;-0,8739527;-0,2403813;0,4204094;0,04098223;5;2;153;1049,576;-0,1175249;0,7244738;1,009446;
00001;002;63711849709,4835;-0,1084719;0,7286328;0,962492;-0,8743539;-0,2435261;0,4178617;0,03990038;5;2;154;1053,518;-0,1175249;0,7244738;1,009446;
00001;002;63711849714,1077;0,02151021;0,728536;0,7749524;-0,8214003;-0,2450876;0,5141623;-0,02950854;0;2;155;1058,143;-0,01522802;0,7226787;0,8125273;
00001;002;63711849717,8148;-0,1595333;0,7296554;0,8940235;-0,8415999;-0,246156;0,4801038;0,02484782;4;2;156;1061,85;-0,1730491;0,7251316;0,9212871;
00001;002;63711849721,5529;0,03785285;0,7289612;0,7795153;-0,8193318;-0,2517944;0,5145851;0,02229971;0;2;157;1065,588;-0,01522802;0,7226787;0,8125273;
00001;002;63711849725,3669;-0,02407642;0,7271183;1,053966;-0,923601;-0,2464157;0,2896022;0,04869354;6;2;158;1069,402;-0,03520092;0,7233902;1,073297;
00001;002;63711849729,5222;-0,09954096;0,730588;0,7920508;-0,8214236;-0,2402408;0,5152209;0,04577264;1;2;159;1073,557;-0,105152;0,7239813;0,8159903;
00001;002;63711849733,2406;-0,1926167;0,7309501;0,7996575;-0,7966084;-0,2498556;0,5501431;0,01816073;2;2;160;1077,276;-0,1950759;0,7252839;0,8194532;
00001;002;63711849737,6881;-0,2962708;0,7324704;0,8214082;-0,7862068;-0,2379486;0,5699828;0,01946908;3;2;161;1081,723;-0,2849998;0,7265865;0,8229162;
00001;002;63711849740,5343;0,04129237;0,7285485;0,790464;-0,9399711;-0,2348323;0,232549;0,08502475;0;2;162;1084,569;-0,01522802;0,7226787;0,8125273;
00001;002;63711849743,0357;0,04951463;0,7288708;0,7950737;-0,9480051;-0,2131506;0,2117731;0,1049064;0;2;163;1087,07;-0,01522802;0,7226787;0,8125273;
00001;002;63711849747,1919;-0,1880905;0,7306697;0,808165;-0,9313715;-0,205965;0,2878369;0,08529658;2;2;164;1091,227;-0,1950759;0,7252839;0,8194532;
00001;002;63711849751,7942;-0,2412098;0,7319916;0,8145033;-0,859233;-0,2223135;0,4565682;0,06197326;2;2;165;1095,829;-0,1950759;0,7252839;0,8194532;
00001;002;63711849755,6139;-0,05638407;0,7285433;1,062967;-0,947223;-0,1954792;0,2333264;0,100575;6;2;166;1099,649;-0,03520092;0,7233902;1,073297;
00001;002;63711849759,8914;-0,1688043;0,7296813;0,9148855;-0,8879666;-0,2253361;0,3943079;0,07252873;4;2;167;1103,927;-0,1730491;0,7251316;0,9212871;
00001;002;63711849762,7276;0,03685491;0,7284355;0,8018704;-0,8928751;-0,2189515;0,3931192;0,01707795;0;2;168;1106,763;-0,01522802;0,7226787;0,8125273;
00001;002;63711849766,6246;-0,2917992;0,7328241;0,8241904;-0,7783464;-0,2317865;0,5829736;0,02436271;3;2;169;1110,66;-0,2849998;0,7265865;0,8229162;
00001;002;63711849771,8992;-0,3143496;0,7336271;0,8058844;-0,8411837;-0,19863;0,5001493;0,05297783;3;2;170;1115,934;-0,2849998;0,7265865;0,8229162;
00001;002;63711849777,2561;-0,05041905;0,7280699;1,067695;-0,9414712;-0,2173433;0,2314444;0,1132579;6;2;171;1121,291;-0,03520092;0,7233902;1,073297;
00001;002;63711849781,4172;-0,2973568;0,7331941;0,8196481;-0,8260837;-0,204859;0,5238696;0,03434017;3;2;172;1125,452;-0,2849998;0,7265865;0,8229162;
00001;002;63711849784,8671;0,0400045;0,7288526;0,8058407;-0,9266046;-0,2246613;0,29675;0,05357848;0;2;173;1128,902;-0,01522802;0,7226787;0,8125273;
00001;002;63711849788,4701;-0,3058671;0,7321796;0,817225;-0,814596;-0,2408665;0,5276383;-0,00381925;3;2;174;1132,505;-0,2849998;0,7265865;0,8229162;
00001;002;63711849791,911;-0,1475083;0,7304364;0,8123812;-0,8972521;-0,2334051;0,3684589;0,06854762;2;2;175;1135,946;-0,1950759;0,7252839;0,8194532;
00001;002;63711849795,8362;-0,1540659;0,7298857;0,9179486;-0,8973759;-0,2293955;0,3686976;0,07846123;4;2;176;1139,871;-0,1730491;0,7251316;0,9212871;
00001;002;63711849800,0468;0,03544649;0,7289067;0,7977616;-0,9178366;-0,2266608;0,3235872;0,03863032;0;2;177;1144,082;-0,01522802;0,7226787;0,8125273;
00001;002;63711849804,3706;-0,09283638;0,7287828;0,9899367;-0,8991603;-0,2447388;0,3579265;0,05918083;5;2;178;1148,405;-0,1175249;0,7244738;1,009446;
00001;002;63711849808,5843;0,02449759;0,728982;0,800778;-0,8874041;-0,2207187;0,3997718;0,06308582;0;2;179;1152,62;-0,01522802;0,7226787;0,8125273;
00001;002;63711849812,2211;-0,06586216;0,7290716;0,8077435;-0,8769492;-0,2483147;0,4097014;0,03800958;1;2;180;1156,256;-0,105152;0,7239813;0,8159903;
00001;002;63711849815,9701;-0,03003629;0,7272746;1,041388;-0,9402131;-0,2344548;0,2405846;0,0561198;6;2;181;1160,005;-0,03520092;0,7233902;1,073297;
00001;002;63711849820,0071;-0,2100955;0,7316884;0,8025081;-0,8116522;-0,2339158;0,5331807;0,04714273;2;2;182;1164,042;-0,1950759;0,7252839;0,8194532;
00001;002;63711849823,4147;-0,1930502;0,7295051;0,8320213;-0,9111648;-0,2403375;0,3331886;0,03165588;2;2;183;1167,449;-0,1950759;0,7252839;0,8194532;
00001;002;63711849826,8549;-0,1588425;0,7310444;0,9358469;-0,9286293;-0,1901922;0,2920574;0,1271888;4;2;184;1170,89;-0,1730491;0,7251316;0,9212871;
00001;002;63711849830,558;-0,01633326;0,7290038;1,062506;-0,9601297;-0,1878358;0,1154648;0,1718619;6;2;185;1174,593;-0,03520092;0,7233902;1,073297;
00001;002;63711849833,4218;0,02684988;0,7298338;0,8165778;-0,8989159;-0,1985227;0,3834827;0,07402818;0;2;186;1177,457;-0,01522802;0,7226787;0,8125273;
00001;002;63711849836,4043;-0,1389472;0,7293751;0,9450928;-0,8922911;-0,2114545;0,3972907;0,03554827;4;2;187;1180,439;-0,1730491;0,7251316;0,9212871;
00001;002;63711849840,3931;-0,2717728;0,7318255;0,8387156;-0,8137592;-0,2137189;0,5404174;0,008322024;3;2;188;1184,428;-0,2849998;0,7265865;0,8229162;
00001;002;63711849843,866;-0,02040102;0,7278038;1,031743;-0,9368922;-0,2200377;0,261031;0,07536118;6;2;189;1187,901;-0,03520092;0,7233902;1,073297;
00001;002;63711849847,6654;-0,08159374;0,7298427;0,8163928;-0,8959467;-0,2259161;0,3749299;0,07529224;1;2;190;1191,7;-0,105152;0,7239813;0,8159903;
00001;002;63711849853,0473;-0,165348;0,7286851;0,9243209;-0,8659394;-0,2279681;0,4438475;0,03433364;4;2;191;1197,082;-0,1730491;0,7251316;0,9212871;
00001;002;63711849858,057;-0,3052497;0,7339888;0,8174669;-0,783241;-0,2250015;0,575849;0,06561842;3;2;192;1202,092;-0,2849998;0,7265865;0,8229162;
00001;002;63711849861,6468;-0,1766583;0,7314351;0,8094066;-0,890434;-0,2081802;0,3948195;0,08891506;2;2;193;1205,682;-0,1950759;0,7252839;0,8194532;
00001;002;63711849865,186;-0,131935;0,7299746;1,023196;-0,9251216;-0,1977564;0,3118076;0,0884225;5;2;194;1209,221;-0,1175249;0,7244738;1,009446;
00001;002;63711849868,4949;-0,1340742;0,7299562;0,9970759;-0,8905684;-0,2052597;0,3986109;0,07658751;5;2;195;1212,53;-0,1175249;0,7244738;1,009446;
00001;002;63711849871,9018;0,02998583;0,7291076;0,8029741;-0,8941814;-0,2259643;0,377502;0,08289763;0;2;196;1215,937;-0,01522802;0,7226787;0,8125273;
00001;002;63711849875,0798;-0,01336087;0,7278125;1,096519;-0,9426807;-0,2017216;0,2545626;0,07654779;6;2;197;1219,115;-0,03520092;0,7233902;1,073297;
00001;002;63711849878,5431;-0,1853093;0,7310151;0,9311672;-0,8865907;-0,2104506;0,3976767;0,1073355;4;2;198;1222,578;-0,1730491;0,7251316;0,9212871;
00001;002;63711849885,3269;-0,2032388;0,7305825;0,8312018;-0,8542988;-0,2431782;0,4568885;0,04786468;2;2;199;1229,362;-0,1950759;0,7252839;0,8194532;
00001;002;63711849889,0783;-0,05879433;0,7281295;1,074979;-0,9403215;-0,2117489;0,2530221;0,08329333;6;2;200;1233,113;-0,03520092;0,7233902;1,073297;
00001;002;63711849892,4268;-0,226596;0,7316817;0,8237376;-0,8426188;-0,2271194;0,4798147;0,09048838;2;2;201;1236,462;-0,1950759;0,7252839;0,8194532;
00001;002;63711849897,0177;-0,07259931;0,7296283;0,8214706;-0,9448869;-0,1930216;0,2475632;0,09297252;1;2;202;1241,053;-0,105152;0,7239813;0,8159903;
00001;002;63711849900,5852;-0,1043064;0,7290164;1,028173;-0,9563016;-0,1787961;0,2094954;0,09813676;5;2;203;1244,62;-0,1175249;0,7244738;1,009446;
00001;002;63711849903,2996;0,05924488;0,7282327;0,8157113;-0,949374;-0,2096586;0,2191452;0,08190115;0;2;204;1247,335;-0,01522802;0,7226787;0,8125273;
00001;002;63711849906,2375;0,01978402;0,7291254;0,8280485;-0,9489307;-0,187565;0,2406927;0,08010675;0;2;205;1250,272;-0,01522802;0,7226787;0,8125273;
00001;002;63711849908,6496;0,01407545;0,7291899;0,8188525;-0,9453533;-0,1949484;0,2485292;0,0808434;0;2;206;1252,685;-0,01522802;0,7226787;0,8125273;
00001;002;63711849912,9391;-0,08965562;0,730495;0,8232559;-0,9209867;-0,2074668;0,3103706;0,1114059;1;2;207;1256,974;-0,105152;0,7239813;0,8159903;
00001;002;63711849916,2116;-0,1651731;0,7318117;0,9486985;-0,9256906;-0,168855;0,3143405;0,1255984;4;2;208;1260,246;-0,1730491;0,7251316;0,9212871;
00001;002;63711849920,2056;-0,1576094;0,7307953;0,9502575;-0,9235724;-0,1886088;0,3184563;0,1001327;4;2;209;1264,241;-0,1730491;0,7251316;0,9212871;
00001;002;63711849924,4997;-0,01170696;0,72773;1,065365;-0,9500197;-0,191273;0,2316778;0,08486912;6;2;210;1268,534;-0,03520092;0,7233902;1,073297;
00001;002;63711849927,7173;-0,07112765;0,7301666;0,7947019;-0,8997929;-0,21976;0,3704016;0,06986471;1;2;211;1271,752;-0,105152;0,7239813;0,8159903;
00001;002;63711849931,1906;-0,03487632;0,7298048;1,053526;-0,9312303;-0,2022145;0,2651645;0,146994;6;2;212;1275,225;-0,03520092;0,7233902;1,073297;
00001;002;63711849934,4146;-0,08990934;0,7303947;0,8042368;-0,8790416;-0,2298011;0,4080807;0,08914909;1;2;213;1278,45;-0,105152;0,7239813;0,8159903;
00001;002;63711849937,7015;0,05115436;0,7287935;0,8141032;-0,9651606;-0,1990023;0,1240684;0,1160614;0;2;214;1281,737;-0,01522802;0,7226787;0,8125273;
00001;002;63711849940,2483;0,04286649;0,7286865;0,816274;-0,9644021;-0,2171451;0,08711955;0,1232353;0;2;215;1284,284;-0,01522802;0,7226787;0,8125273;
00001;002;63711849943,3317;-0,1754385;0,7306955;0,8220914;-0,9359924;-0,2069295;0,2666497;0,09998197;2;2;216;1287,367;-0,1950759;0,7252839;0,8194532;
00001;002;63711849946,5697;-0,3016779;0,7326756;0,8315567;-0,8687088;-0,2250538;0,437394;0,05815806;3;2;217;1290,605;-0,2849998;0,7265865;0,8229162;
00001;002;63711849949,5973;-0,06522338;0,7305099;0,821868;-0,9592993;-0,2047417;0,1112257;0,159545;1;2;218;1293,633;-0,105152;0,7239813;0,8159903;
00001;002;63711849952,6356;-0,02865343;0,72824;1,065862;-0,9670348;-0,1976899;0,06801929;0,1453815;6;2;219;1296,67;-0,03520092;0,7233902;1,073297;
00001;002;63711849956,556;-0,05417848;0,7298715;1,081553;-0,9506506;-0,1930968;0,1762164;0,1671071;6;2;220;1300,591;-0,03520092;0,7233902;1,073297;
00001;002;63711849960,6451;-0,295375;0,7342585;0,8155715;-0,8319579;-0,2233679;0,4934833;0,1201122;3;2;221;1304,68;-0,2849998;0,7265865;0,8229162;
00001;002;63711849964,1969;-0,1728802;0,7316784;0,9402823;-0,9169211;-0,206447;0,3059356;0,1517853;4;2;222;1308,231;-0,1730491;0,7251316;0,9212871;
00001;002;63711849967,6138;0,01077044;0,7293321;0,8058789;-0,9344178;-0,2283003;0,262832;0,07524571;0;2;223;1311,649;-0,01522802;0,7226787;0,8125273;
00001;002;63711849971,1554;-0,2898885;0,7332095;0,8400104;-0,8617885;-0,2324774;0,4453153;0,07049185;3;2;224;1315,191;-0,2849998;0,7265865;0,8229162;
00001;002;63711849973,643;0,04017813;0,729452;0,8132124;-0,9668585;-0,1967157;0,09706911;0,1306341;0;2;225;1317,678;-0,01522802;0,7226787;0,8125273;
00001;002;63711849976,7629;-0,04590628;0,7291328;1,075372;-0,9500704;-0,1837675;0,2179779;0,1268124;6;2;226;1320,797;-0,03520092;0,7233902;1,073297;
00001;002;63711849980,3655;-0,118914;0,7309665;0,7982869;-0,8375724;-0,2525219;0,4822884;0,04585861;1;2;227;1324,4;-0,105152;0,7239813;0,8159903;
00001;002;63711849984,0107;-0,156369;0,7296134;0,9367835;-0,878653;-0,2371445;0,4103912;0,05753696;4;2;228;1328,046;-0,1730491;0,7251316;0,9212871;
00001;002;63711849987,1734;-0,0788559;0,7298353;0,8085156;-0,855504;-0,2466301;0,4536959;0,0380355;1;2;229;1331,208;-0,105152;0,7239813;0,8159903;
00001;002;63711849990,6468;-0,1573349;0,7297452;0,9168732;-0,854733;-0,2466167;0,455291;0,03635505;4;2;230;1334,682;-0,1730491;0,7251316;0,9212871;
00001;002;63711849994,3098;-0,1184924;0,7289027;1,011722;-0,9040243;-0,2339281;0,353653;0,0542891;5;2;231;1338,345;-0,1175249;0,7244738;1,009446;
00001;002;63711849998,193;-0,1113277;0,7306153;0,8089716;-0,8594871;-0,2431198;0,4444953;0,06781464;1;2;232;1342,228;-0,105152;0,7239813;0,8159903;
00001;002;63711850001,9053;-0,1918128;0,7311619;0,9325161;-0,8552725;-0,2190963;0,4616024;0,08619189;4;2;233;1345,94;-0,1730491;0,7251316;0,9212871;
00001;002;63711850005,6806;-0,1929644;0,7310342;0,8043134;-0,8473113;-0,23333;0,4739683;0,05454193;2;2;234;1349,716;-0,1950759;0,7252839;0,8194532;
00001;002;63711850011,065;-0,03986479;0,7292132;1,057974;-0,9257793;-0,2088591;0,2923646;0,1176166;6;2;235;1355,1;-0,03520092;0,7233902;1,073297;
00001;002;63711850014,5163;-0,3077351;0,7329925;0,8069074;-0,808383;-0,2285112;0,5413168;0,03571809;3;2;236;1358,551;-0,2849998;0,7265865;0,8229162;
00001;002;63711850018,0458;-0,1738288;0,7306212;0,8261052;-0,9146634;-0,2266882;0,3207735;0,0954344;2;2;237;1362,081;-0,1950759;0,7252839;0,8194532;
00001;002;63711850020,8897;0,03024658;0,729219;0,812397;-0,9498226;-0,2024585;0,2188785;0,09455098;0;2;238;1364,924;-0,01522802;0,7226787;0,8125273;
00001;002;63711850024,222;-0,3028742;0,7339276;0,8336649;-0,8564012;-0,2145742;0,4611546;0,08872058;3;2;239;1368,257;-0,2849998;0,7265865;0,8229162;
00001;002;63711850027,4836;0,02780527;0,7301325;0,8165681;-0,9565456;-0,172363;0,2005509;0,1228453;0;2;240;1371,519;-0,01522802;0,7226787;0,8125273;
00001;002;63711850031,9179;-0,2137174;0,7319645;0,9661385;-0,8770436;-0,2100667;0,4212098;0,09617142;4;2;241;1375,953;-0,1730491;0,7251316;0,9212871;
00001;002;63711850035,6047;-0,3013259;0,7331301;0,8258626;-0,8324957;-0,2418836;0,4957838;0,05139653;3;2;242;1379,64;-0,2849998;0,7265865;0,8229162;
00001;002;63711850039,1519;-0,1579311;0,7310771;0,93633;-0,8813863;-0,2190525;0,40648;0,09974128;4;2;243;1383,187;-0,1730491;0,7251316;0,9212871;
00001;002;63711850042,787;-0,1221868;0,7305123;1,023148;-0,933442;-0,198864;0,2615931;0,1439037;5;2;244;1386,822;-0,1175249;0,7244738;1,009446;
00001;002;63711850046,3392;-0,05018713;0,7739551;1,068173;-0,1243572;0,9549898;0,1199034;0,2411495;6;2;245;1390,374;-0,03520092;0,7233902;1,073297;
00001;002;63711850050,3036;-0,1394366;0,7302133;1,004608;0,910503;0,2109987;-0,3346194;-0,1203897;5;2;246;1394,338;-0,1175249;0,7244738;1,009446;
00001;002;63711850053,7749;-0,1573497;0,7288914;1,01421;0,9004041;0,2269398;-0,3711288;-0,005854911;5;2;247;1397,81;-0,1175249;0,7244738;1,009446;
00001;002;63711850057,402;-0,2994896;0,7338731;0,8178772;0,8179063;0,2441639;-0,5168688;-0,0652675;3;2;248;1401,437;-0,2849998;0,7265865;0,8229162;
00001;002;63711850060,5107;-0,05035745;0,730261;0,8037537;0,8799413;0,2435511;-0,4016595;-0,07110408;1;2;249;1404,546;-0,105152;0,7239813;0,8159903;
00001;002;63711850062,954;-0,06970964;0,7300192;0,8035226;0,8821058;0,2412964;-0,3982173;-0,0713338;1;2;250;1406,989;-0,105152;0,7239813;0,8159903;
00001;002;63711850065,6509;-0,1810765;0,7309133;0,8132134;0,8567477;0,2451143;-0,4516718;-0,04353267;2;2;251;1409,685;-0,1950759;0,7252839;0,8194532;
00001;002;63711850068,3986;-0,06823933;0,729238;0,8170196;0,8950345;0,2519322;-0,3643087;-0,05218055;1;2;252;1412,434;-0,105152;0,7239813;0,8159903;
00001;002;63711850071,6936;-0,1175931;0,7293704;0,8153713;0,8700122;0,2507808;-0,422301;-0,0430079;1;2;253;1415,729;-0,105152;0,7239813;0,8159903;
00001;002;63711850074,9105;-0,3100429;0,7335728;0,8322856;0,7787059;0,2337213;-0,5808331;-0,04030554;3;2;254;1418,945;-0,2849998;0,7265865;0,8229162;
00001;002;63711850078,1618;-0,1636995;0,7307793;0,818352;0,8561543;0,2300122;-0,4588693;-0,05944069;2;2;255;1422,196;-0,1950759;0,7252839;0,8194532;
00001;002;63711850081,4105;-0,1323684;0,7293848;0,9910311;0,9034963;0,2183053;-0,3654079;-0,05014246;5;2;256;1425,446;-0,1175249;0,7244738;1,009446;
00001;002;63711850084,8728;-0,3205945;0,7343798;0,8134237;0,8007748;0,2332267;-0,5481697;-0,06225123;3;2;257;1428,908;-0,2849998;0,7265865;0,8229162;
00001;002;63711850088,0106;-0,3189813;0,7332106;0,8353204;0,7765266;0,2334753;-0,5851651;-0,008809231;3;2;258;1432,045;-0,2849998;0,7265865;0,8229162;
00001;002;63711850091,6496;-0,3171605;0,7334496;0,8279168;0,8058066;0,2270617;-0,5459515;-0,03249295;3;2;259;1435,685;-0,2849998;0,7265865;0,8229162;
00001;002;63711850095,3802;-0,07664396;0,7295191;1,063661;0,9529119;0,1895615;-0,1899853;-0,1411779;6;2;260;1439,415;-0,03520092;0,7233902;1,073297;
00001;002;63711850099,0479;-0,1316113;0,7302632;0,799105;0,848006;0,243625;-0,4701462;-0,0222542;1;2;261;1443,083;-0,105152;0,7239813;0,8159903;
00001;002;63711850103,5889;-0,1264208;0,7300436;0,8059209;0,8767922;0,2365139;-0,4169105;-0,03850023;1;2;262;1447,624;-0,105152;0,7239813;0,8159903;
00001;002;63711850107,1908;-0,06753749;0,7300521;1,065823;0,9366581;0,1666746;-0,2730972;-0,1425103;6;2;263;1451,226;-0,03520092;0,7233902;1,073297;
00001;002;63711850110,5525;-0,1112875;0,7301755;0,8027254;0,8733763;0,2445818;-0,4161472;-0,06492595;1;2;264;1454,588;-0,105152;0,7239813;0,8159903;
00001;002;63711850113,6581;-0,1986126;0,731418;0,8383815;0,8810933;0,1963971;-0,4242793;-0,07134325;2;2;265;1457,693;-0,1950759;0,7252839;0,8194532;
00001;002;63711850117,4666;-0,06304108;0,7284252;1,070546;0,9610205;0,1876883;-0,1884494;-0,07549491;6;2;266;1461,502;-0,03520092;0,7233902;1,073297;
00001;002;63711850120,5162;-0,08984587;0,7312418;0,7904401;0,8782607;0,2200342;-0,4099273;-0,1104664;1;2;267;1464,552;-0,105152;0,7239813;0,8159903;
00001;002;63711850123,5007;-0,201205;0,7325385;0,8136468;0,8543072;0,2135012;-0,4633642;-0,09934846;2;2;268;1467,536;-0,1950759;0,7252839;0,8194532;
00001;002;63711850127,2739;-0,2903205;0,7338902;0,834003;0,8391373;0,2080025;-0,4932939;-0,09614932;3;2;269;1471,309;-0,2849998;0,7265865;0,8229162;
00001;002;63711850130,8147;-0,1304575;0,7300786;1,011901;0,9251421;0,2026731;-0,3012798;-0,1107526;5;2;270;1474,849;-0,1175249;0,7244738;1,009446;
00001;002;63711850134,6134;-0,2910228;0,7325066;0,834888;0,8355162;0,2290922;-0,4960044;-0,05838719;3;2;271;1478,648;-0,2849998;0,7265865;0,8229162;
00001;002;63711850138,5406;-0,1551977;0,7312834;1,008705;0,8979223;0,1952036;-0,377108;-0,1158482;5;2;272;1482,576;-0,1175249;0,7244738;1,009446;
00001;002;63711850142,0302;-0,1491636;0,730266;1,015532;0,9019531;0,2264594;-0,3549322;-0,09602039;5;2;273;1486,065;-0,1175249;0,7244738;1,009446;
00001;002;63711850147,4547;-0,07932709;0,7294471;1,086845;0,9536452;0,1762945;-0,2078194;-0,1276416;6;2;274;1491,49;-0,03520092;0,7233902;1,073297;
00001;002;63711850151,083;-0,07410486;0,730287;0,8065536;0,9053321;0,2098104;-0,3601854;-0,08136265;1;2;275;1495,118;-0,105152;0,7239813;0,8159903;
00001;002;63711850154,9812;-0,1465929;0,7297668;1,0115;0,9125252;0,2374026;-0,3224045;-0,08362464;5;2;276;1499,016;-0,1175249;0,7244738;1,009446;
00001;002;63711850159,0623;-0,1444993;0,7298688;1,01573;0,9223202;0,2298232;-0,2944798;-0,09893665;5;2;277;1503,097;-0,1175249;0,7244738;1,009446;
00001;002;63711850162,8506;-0,1471455;0,7294096;1,017648;0,8992751;0,2368974;-0,3619564;-0,06458694;5;2;278;1506,886;-0,1175249;0,7244738;1,009446;
00001;002;63711850166,4526;-0,1584416;0,7300232;1,017372;0,8921468;0,2248575;-0,3823557;-0,08554212;5;2;279;1510,487;-0,1175249;0,7244738;1,009446;
00001;002;63711850170,7082;-0,1659452;0,7297108;1,017417;0,9042085;0,2321104;-0,3520495;-0,06777139;5;2;280;1514,743;-0,1175249;0,7244738;1,009446;
00001;002;63711850860,607;-0,02811231;0,7302982;0,7898799;0,3663013;0,04469073;-0,921989;0,1173132;0;3;1;58,80025;-0,01580404;0,7232164;0,8170758;
00001;002;63711850871,5714;-0,2001461;0,7310009;0,9192336;0,5617374;0,08563999;-0,8155472;0,1095438;4;3;2;69,76421;-0,1739968;0,725023;0,9253067;
00001;002;63711850878,0275;-0,05625892;0,7281384;1,078614;0,6970438;0,1072212;-0,6975465;0,1267378;6;3;3;76,2203;-0,0366589;0,7232457;1,077777;
00001;002;63711850883,2193;-0,1551518;0,7295848;1,0164;0,6373689;0,0510256;-0,7513101;0,1633718;5;3;4;81,41214;-0,1187692;0,7242854;1,013651;
00001;002;63711850889,2457;0,0004661263;0,7289107;0,7965633;0,3154568;0,05541845;-0,9336869;0,1601396;0;3;5;87,43873;-0,01580404;0,7232164;0,8170758;
00001;002;63711850898,2481;-0,07152453;0,7287819;1,039467;0,6308175;0,09114771;-0,7599306;0,1275416;6;3;6;96,44128;-0,0366589;0,7232457;1,077777;
00001;002;63711850902,9026;-0,07058637;0,7285247;1,039337;0,6399582;0,09432118;-0,7504278;0,1357023;6;3;7;101,0953;-0,0366589;0,7232457;1,077777;
00001;002;63711850907,8606;-0,006685022;0,7292427;0,7934787;0,3266456;0,04684633;-0,9314406;0,1533835;0;3;8;106,0536;-0,01580404;0,7232164;0,8170758;
00001;002;63711850915,3268;-0,06848737;0,7296304;1,049617;0,63059;0,09198145;-0,7654135;0,08965309;6;3;9;113,5203;-0,0366589;0,7232457;1,077777;
00001;002;63711850922,4981;-0,1984466;0,7301322;0,9039965;0,5816274;0,09840033;-0,7936574;0,1487782;4;3;10;120,6913;-0,1739968;0,725023;0,9253067;
00001;002;63711850929,7367;-0,3111979;0,7324741;0,7967656;0,4886168;0,05645253;-0,8555606;0,1615021;3;3;11;127,9294;-0,285618;0,7264461;0,8265616;
00001;002;63711850935,6343;-0,1870011;0,7298238;0,9267151;0,533917;0,03058999;-0,8294505;0,1612729;4;3;12;133,8272;-0,1739968;0,725023;0,9253067;
00001;002;63711850941,1625;-0,06361952;0,7284836;1,072973;0,6559943;0,07942929;-0,7394864;0,1285395;6;3;13;139,3555;-0,0366589;0,7232457;1,077777;
00001;002;63711850947,904;-0,05964254;0,7285847;1,044364;0,6532094;0,08135791;-0,7433174;0,1190701;6;3;14;146,0971;-0,0366589;0,7232457;1,077777;
00001;002;63711850955,2371;-0,2854077;0,7324495;0,7983879;0,4324755;0,04038335;-0,8878511;0,1518378;3;3;15;153,43;-0,285618;0,7264461;0,8265616;
00001;002;63711850959,9389;-0,3199718;0,7323196;0,8113948;0,5163078;0,04925159;-0,8389413;0,1648578;3;3;16;158,1316;-0,285618;0,7264461;0,8265616;
00001;002;63711850966,5243;-0,2118044;0,7307387;0,7991393;0,4479403;0,0295961;-0,8771898;0,1703284;2;3;17;164,7176;-0,1956801;0,7253695;0,8233997;
00001;002;63711850972,6346;-0,05033615;0,7285513;1,038293;0,6044212;0,09973183;-0,780672;0,1236121;6;3;18;170,8276;-0,0366589;0,7232457;1,077777;
00001;002;63711850980,4922;-0,1792235;0,7301962;0,9046777;0,5176572;0,09359926;-0,8385361;0,1418715;4;3;19;178,6852;-0,1739968;0,725023;0,9253067;
00001;002;63711850987,0705;-0,1849972;0,7306609;0,7924728;0,4479019;0,0625153;-0,8781167;0,1561634;2;3;20;185,2635;-0,1956801;0,7253695;0,8233997;
00001;002;63711851014,7714;-0,1278682;0,7300271;1,012111;0,5583283;0,02524707;-0,8205878;0,1194471;5;3;21;212,9638;-0,1187692;0,7242854;1,013651;
00001;002;63711851024,0878;-0,03612016;0,7291291;1,076109;0,6902106;0,04172848;-0,7137492;0,1114906;6;3;22;222,2812;-0,0366589;0,7232457;1,077777;
00001;002;63711851038,5849;-0,1755168;0,7309013;0,9249085;-0,5218948;-0,06254639;0,8445454;-0,1022593;4;3;23;236,7784;-0,1739968;0,725023;0,9253067;
00001;002;63711851045,7218;-0,1936858;0,7321171;0,7847108;-0,4095669;-0,02126504;0,9054754;-0,1091649;2;3;24;243,9149;-0,1956801;0,7253695;0,8233997;
00001;002;63711851051,6976;-0,198861;0,7311504;0,7831711;-0,4106322;-0,01228978;0,8989729;-0,1519144;2;3;25;249,8904;-0,1956801;0,7253695;0,8233997;
00001;002;63711851061,5383;-0,3007167;0,7325686;0,7902685;-0,4769513;-0,04920113;0,8662787;-0,1402067;3;3;26;259,7316;-0,285618;0,7264461;0,8265616;
00001;002;63711851068,2404;-0,2076498;0,7310967;0,7864386;-0,4392504;-0,01081901;0,8847739;-0,1552975;2;3;27;266,433;-0,1956801;0,7253695;0,8233997;
00001;002;63711851076,1043;-0,1102244;0,7302865;0,790006;-0,3726774;-0,04660736;0,9179841;-0,1274537;1;3;28;274,2968;-0,105742;0,7242929;0,8202378;
00001;002;63711851082,9507;-0,3080204;0,7319481;0,7924321;-0,5200353;-0,04089297;0,8389333;-0,1551836;3;3;29;281,1441;-0,285618;0,7264461;0,8265616;
00001;002;63711851088,1675;-0,2819375;0,7811652;0,8182521;-0,2913437;0,2443042;0,1386189;-0,9144502;3;3;30;286,3602;-0,285618;0,7264461;0,8265616;
00001;002;63711851094,9364;-0,2198556;0,7477385;0,7978288;0,8932117;0,2573291;-0,2624662;-0,2589711;2;3;31;293,1293;-0,1956801;0,7253695;0,8233997;
00001;002;63711851100,3088;-0,2058593;0,7402851;0,8064247;0,9340742;-0,08598119;-0,3101827;-0,154594;2;3;32;298,5015;-0,1956801;0,7253695;0,8233997;
00001;002;63711851105,1453;-0,1823002;0,7398913;0,9437028;0,9639738;-0,1261285;-0,1899386;-0,1370018;4;3;33;303,3378;-0,1739968;0,725023;0,9253067;
00001;002;63711851112,6907;-0,2908355;0,7474707;0,8130907;0,9350021;0,2088986;-0,1641563;-0,2349151;3;3;34;310,8841;-0,285618;0,7264461;0,8265616;
00001;002;63711851118,5109;-0,0535863;0,7448027;1,096978;-0,9335018;-0,1271207;-0,06884288;0,3281394;6;3;35;316,7041;-0,0366589;0,7232457;1,077777;
00001;002;63711851127,5177;-0,2032631;0,7400243;0,8123228;-0,9275911;0,09668448;0,3360186;0,1315988;2;3;36;325,7104;-0,1956801;0,7253695;0,8233997;
00001;002;63711851135,2135;-0,1953682;0,7306163;0,7819371;-0,4765811;-0,03839011;0,8643531;-0,1558537;2;3;37;333,4068;-0,1956801;0,7253695;0,8233997;
00001;002;63711851143,6461;-0,08140694;0,7303644;0,7863751;-0,3668461;-0,03876855;0,9217295;-0,1197319;1;3;38;341,8394;-0,105742;0,7242929;0,8202378;
00001;002;63711851151,1479;-0,005749238;0,7288384;0,7834659;-0,2548364;-0,02941378;0,953038;-0,1609717;0;3;39;349,3405;-0,01580404;0,7232164;0,8170758;
00001;002;63711851156,2761;-0,1365891;0,7288284;0,9996989;-0,5943249;-0,06113586;0,7847902;-0,1647563;5;3;40;354,4691;-0,1187692;0,7242854;1,013651;
00001;002;63711851162,3787;-0,1072731;0,7298048;0,7867548;-0,388878;-0,01503669;0,908815;-0,1503435;1;3;41;360,572;-0,105742;0,7242929;0,8202378;
00001;002;63711851168,6089;-0,1915524;0,729983;0,9045338;-0,5646901;-0,09379889;0,8067179;-0,1467417;4;3;42;366,8019;-0,1739968;0,725023;0,9253067;
00001;002;63711851173,5023;-0,1277274;0,7290547;0,9915995;-0,6171864;-0,07641817;0,7720186;-0,1312573;5;3;43;371,6957;-0,1187692;0,7242854;1,013651;
00001;002;63711851178,3066;-0,1940017;0,7313324;0,7840539;-0,5223169;-0,07585728;0,8407367;-0,1207991;2;3;44;376,4997;-0,1956801;0,7253695;0,8233997;
00001;002;63711851182,8971;-0,1777677;0,7300166;0,9030329;-0,5873497;-0,1016941;0,7925637;-0,1285366;4;3;45;381,0904;-0,1739968;0,725023;0,9253067;
00001;002;63711851188,3021;-0,05574457;0,7446568;1,082772;-0,9296405;-0,1767267;0,002296043;0,3233126;6;3;46;386,4951;-0,0366589;0,7232457;1,077777;
00001;002;63711851194,9939;-0,2817754;0,7404064;0,8320927;-0,9415109;0,09715204;0,3088146;0,09355394;3;3;47;393,1869;-0,285618;0,7264461;0,8265616;
00001;002;63711851202,4554;-0,04948181;0,7446384;1,086533;-0,9256259;-0,1714382;-0,02884544;0,3361453;6;3;48;400,6484;-0,0366589;0,7232457;1,077777;
00001;002;63711851207,4817;-0,04335743;0,737581;1,088698;-0,9830393;0,1363816;0,02509808;0,120016;6;3;49;405,6745;-0,0366589;0,7232457;1,077777;
00001;002;63711851212,2006;-0,09149164;0,7719616;0,7949897;-0,2304076;-0,3528041;-0,2639045;-0,8676382;1;3;50;410,3936;-0,105742;0,7242929;0,8202378;
00001;002;63711851218,8964;-0,268991;0,7758096;0,8117326;-0,1740891;-0,4078497;-0,2599398;-0,857778;3;3;51;417,0892;-0,285618;0,7264461;0,8265616;
00001;002;63711851227,0005;-0,08341148;0,7715049;0,8047606;-0,2444469;-0,3349012;-0,2357168;-0,8789337;1;3;52;425,1938;-0,105742;0,7242929;0,8202378;
00001;002;63711851233,6852;-0,06497008;0,7282124;1,058463;0,6754766;0,0598597;-0,7240945;0,125839;6;3;53;431,8783;-0,0366589;0,7232457;1,077777;
00001;002;63711851239,8464;-0,01848625;0,7305504;0,7837927;0,3632646;0,01999138;-0,9263504;0,09754135;0;3;54;438,0396;-0,01580404;0,7232164;0,8170758;
00001;002;63711851243,4651;-0,1183804;0,7308259;0,7816511;0,4108001;0,05043144;-0,9023095;0,1205713;1;3;55;441,6583;-0,105742;0,7242929;0,8202378;
00001;002;63711851248,1833;-0,0544871;0,7288055;1,037627;0,6594279;0,07545557;-0,7416066;0,0973701;6;3;56;446,3767;-0,0366589;0,7232457;1,077777;
00001;002;63711851253,3659;-0,1391456;0,7295447;0,9853353;0,5867923;0,02500334;-0,7975806;0,1375314;5;3;57;451,5592;-0,1187692;0,7242854;1,013651;
00001;002;63711851257,5953;-0,1075834;0,731002;0,7822765;0,4361902;0,05247293;-0,8916991;0,1088919;1;3;58;455,788;-0,105742;0,7242929;0,8202378;
00001;002;63711851262,6319;-0,134153;0,7292918;0,9790161;0,5981904;0,1014111;-0,7839248;0,1317039;5;3;59;460,8251;-0,1187692;0,7242854;1,013651;
00001;002;63711851267,6861;-0,2042937;0,7318296;0,7818376;0,5348278;0,07536948;-0,8344102;0,1097192;2;3;60;465,8792;-0,1956801;0,7253695;0,8233997;
00001;002;63711851272,6906;-0,1976484;0,7314404;0,7792525;0,5320354;0,07227133;-0,833587;0,1297996;2;3;61;470,8833;-0,1956801;0,7253695;0,8233997;
00001;002;63711851279,113;-0,1853445;0,7778754;0,7885652;-0,1157697;0,2689036;-0,1488776;-0,944523;2;3;62;477,3059;-0,1956801;0,7253695;0,8233997;
00001;002;63711851297,2077;-0,2911641;0,7329258;0,7922315;-0,5578057;-0,07032641;0,8213056;-0,09676933;3;3;63;495,4004;-0,285618;0,7264461;0,8265616;
00001;002;63711851308,0974;-0,1048032;0,7773519;1,034156;-0,3472547;0,105177;0,08616783;-0,9278616;5;3;64;506,2907;-0,1187692;0,7242854;1,013651;
00001;002;63711851312,4869;-0,1225155;0,7756768;1,024072;-0,09920964;0,1062695;-0,1404981;-0,979349;5;3;65;510,6798;-0,1187692;0,7242854;1,013651;
00001;002;63711851317,0998;-0,1807257;0,7794058;0,9267884;-0,3283552;0,1579456;0,08793917;-0,9270937;4;3;66;515,2931;-0,1739968;0,725023;0,9253067;
00001;002;63711851324,1371;-0,129646;0,7793481;1,012839;-0,3159882;0,05368247;0,0491615;-0,9459666;5;3;67;522,33;-0,1187692;0,7242854;1,013651;
00001;002;63711851331,2305;-0,2700444;0,7763764;0,8074969;-0,08347961;-0,5637175;-0,3491499;-0,7438737;3;3;68;529,4236;-0,285618;0,7264461;0,8265616;
00001;002;63711851338,916;-0,1535779;0,7701408;0,8934387;-0,1438145;-0,6707189;-0,3657759;-0,6290164;4;3;69;537,1094;-0,1739968;0,725023;0,9253067;
00001;002;63711851344,8132;-0,06242631;0,7720329;0,7724639;-0,1820108;-0,5243772;-0,2966809;-0,7770979;1;3;70;543,0064;-0,105742;0,7242929;0,8202378;
00001;002;63711851414,5961;-0,02316019;0,7768252;1,063556;0,3207949;0,03206749;-0,06656514;0,9442624;6;3;71;612,7894;-0,0366589;0,7232457;1,077777;
00001;002;63711851420,5761;-0,0217133;0,7302876;0,7930438;0,5145597;0,05423693;-0,8486811;0,1096678;0;3;72;618,7693;-0,01580404;0,7232164;0,8170758;
00001;002;63711851429,7689;-0,3100148;0,7329038;0,7925026;0,5609196;0,04697234;-0,8167041;0,1271114;3;3;73;627,9623;-0,285618;0,7264461;0,8265616;
00001;002;63711851435,3423;-0,1449707;0,7293305;0,987439;0,6700223;0,07559048;-0,7265686;0,1321149;5;3;74;633,5352;-0,1187692;0,7242854;1,013651;
00001;002;63711851441,4644;-0,1886759;0,7306216;0,9029317;0,6305722;0,07272775;-0,7629401;0,1225226;4;3;75;639,6574;-0,1739968;0,725023;0,9253067;
00001;002;63711851446,1717;-0,1298434;0,7291259;0,9872546;0,6492959;0,0756418;-0,7421839;0,1478383;5;3;76;644,3648;-0,1187692;0,7242854;1,013651;
00001;002;63711851451,1141;-0,2844719;0,7320726;0,8077735;0,581899;0,03977523;-0,8011921;0,1338014;3;3;77;649,3072;-0,285618;0,7264461;0,8265616;
00001;002;63711851455,5937;-0,1391734;0,7298643;0,998368;0,6515126;0,03254405;-0,7476794;0,1242891;5;3;78;653,7863;-0,1187692;0,7242854;1,013651;
00001;002;63711851459,0566;-0,1337395;0,7296427;0,9941698;0,6393782;-0,002297692;-0,7527248;0,1568296;5;3;79;657,2495;-0,1187692;0,7242854;1,013651;
00001;002;63711851464,0924;-0,1919342;0,7313092;0,7986539;0,5055375;0,01221126;-0,8549743;0,115333;2;3;80;662,2857;-0,1956801;0,7253695;0,8233997;
00001;002;63711851472,1912;-0,2692541;0,7312968;0,7806619;0,591047;0,0665796;-0,7859796;0,168721;3;3;81;670,3842;-0,285618;0,7264461;0,8265616;
00001;002;63711851479,2488;-0,005992949;0,7295215;0,7944077;-0,6907922;-0,08036115;0,7090579;-0,1165556;0;3;82;677,442;-0,01580404;0,7232164;0,8170758;
00001;002;63711851488,6222;-0,001154123;0,7287571;0,7918972;-0,670517;-0,08728184;0,7217966;-0,1476431;0;3;83;686,8149;-0,01580404;0,7232164;0,8170758;
00001;002;63711851493,9827;-0,1802195;0,7775363;0,8285204;-0,3314717;-0,03267673;0,1131311;-0,9360877;2;3;84;692,1761;-0,1956801;0,7253695;0,8233997;
00001;002;63711851499,0292;-0,2033309;0,7314481;0,8064347;0,7619715;0,05497756;-0,6358636;0,1097933;2;3;85;697,2219;-0,1956801;0,7253695;0,8233997;
00001;002;63711851505,3091;0,02158344;0,7771574;0,8066456;0,3222576;-0,09519698;-0,1207023;0,934087;0;3;86;703,5018;-0,01580404;0,7232164;0,8170758;
00001;002;63711851516,0659;-0,1862845;0,7298087;0,9060805;-0,7507412;-0,07111338;0,6422001;-0,1375121;4;3;87;714,2589;-0,1739968;0,725023;0,9253067;
00001;002;63711851521,5518;-0,1077624;0,73003;0,7864009;-0,6822732;-0,07789452;0,7165197;-0,122619;1;3;88;719,7446;-0,105742;0,7242929;0,8202378;
00001;002;63711851527,0119;-0,004884775;0,730203;0,7774029;-0,6099347;-0,1008606;0,7809183;-0,08929422;0;3;89;725,2046;-0,01580404;0,7232164;0,8170758;
00001;002;63711851532,4359;-0,2155301;0,7312264;0,7878729;-0,7197756;-0,06954438;0,6813288;-0,1134799;2;3;90;730,629;-0,1956801;0,7253695;0,8233997;
00001;002;63711851538,5615;-0,3056358;0,7322292;0,7949504;0,7109929;0,08016896;-0,6854764;0,134849;3;3;91;736,7544;-0,285618;0,7264461;0,8265616;
00001;002;63711851543,9806;-0,1837851;0,7295847;0,9159482;0,7466869;0,06137145;-0,6461026;0,1457517;4;3;92;742,1733;-0,1739968;0,725023;0,9253067;
00001;002;63711851548,232;-0,09881806;0,7302278;0,7821214;0,640615;0,05766225;-0,7563448;0,1192904;1;3;93;746,4246;-0,105742;0,7242929;0,8202378;
00001;002;63711851554,7013;-0,2936696;0,7319788;0,8056195;0,6960307;0,05915788;-0,7020119;0,1386398;3;3;94;752,8942;-0,285618;0,7264461;0,8265616;
00001;002;63711851562,7104;-0,1804212;0,7303776;0,9215145;0,7133493;0,0557982;-0,6918383;0,09684674;4;3;95;760,9034;-0,1739968;0,725023;0,9253067;
00001;002;63711851569,0312;-0,1972595;0,7303758;0,800396;0,6366998;0,07117024;-0,7565066;0,1313243;2;3;96;767,2247;-0,1956801;0,7253695;0,8233997;
00001;002;63711851575,8191;-0,09698319;0,7292212;0,7856143;0,6368132;0,06247797;-0,7525576;0,1556359;1;3;97;774,012;-0,105742;0,7242929;0,8202378;
00001;002;63711851583,1683;-0,004806235;0,7284783;0,7900003;0,6287392;0,09937292;-0,7601507;0,1303189;0;3;98;781,3611;-0,01580404;0,7232164;0,8170758;
00001;002;63711851588,1441;-0,2054076;0,7307578;0,788545;0,6974231;0,07894889;-0,7001824;0,1308161;2;3;99;786,3365;-0,1956801;0,7253695;0,8233997;
00001;002;63711851593,9456;0,008672005;0,7290669;0,7966132;0,6546363;0,102018;-0,7401596;0,1149236;0;3;100;792,1387;-0,01580404;0,7232164;0,8170758;
00001;002;63711851600,9215;-0,04218491;0,7287968;1,056853;0,7882066;0,1071771;-0,6018335;0,07099219;6;3;101;799,1144;-0,0366589;0,7232457;1,077777;
00001;002;63711851607,3397;-0,2791099;0,7324013;0,8027514;0,6590758;0,06663784;-0,7412878;0,1080327;3;3;102;805,5327;-0,285618;0,7264461;0,8265616;
00001;002;63711851614,8834;-0,08114312;0,7714416;0,7878023;0,1746209;0,5281916;0,2829688;0,781313;1;3;103;813,0768;-0,105742;0,7242929;0,8202378;
00001;002;63711851622,6808;-0,1334983;0,7491305;0,9671763;-0,08553641;0,1023228;0,9886795;0,06874835;5;3;104;820,8735;-0,1187692;0,7242854;1,013651;
00001;002;63711851627,0648;0,01002871;0,759718;0,7608137;-0,4250139;-0,823072;-0,3640942;-0,09670129;0;3;105;825,2581;-0,01580404;0,7232164;0,8170758;
00001;002;63711851632,7729;-0,1093223;0,7771258;0,9887952;0,364904;0,02170246;-0,02983107;0,9303141;5;3;106;830,9662;-0,1187692;0,7242854;1,013651;
00001;002;63711851638,217;0,009878964;0,7301373;0,787509;0,6248777;0,06949101;-0,7728829;0,08573807;0;3;107;836,4099;-0,01580404;0,7232164;0,8170758;
00001;002;63711851642,6288;0,01103716;0,730185;0,7807732;0,6029359;0,09118731;-0,7877514;0,08718456;0;3;108;840,8218;-0,01580404;0,7232164;0,8170758;
00001;002;63711851649,2528;-0,1086277;0,7777523;0,9919132;0,3545919;0,1134442;0,006869025;0,9280883;5;3;109;847,4457;-0,1187692;0,7242854;1,013651;
00001;002;63711851656,3345;-0,1568833;0,778405;0,9033918;0,3260165;-0,009637047;-0,07015118;0,9427084;4;3;110;854,5279;-0,1739968;0,725023;0,9253067;
00001;002;63711851661,9976;-0,2838632;0,7329025;0,7960095;0,739912;0,02660663;-0,6632854;0,1089715;3;3;111;860,1904;-0,285618;0,7264461;0,8265616;
00001;002;63711851668,0125;-0,0006300611;0,7290565;0,7924314;0,6240348;0,03038515;-0,7669306;0,1465428;0;3;112;866,2059;-0,01580404;0,7232164;0,8170758;
00001;002;63711851671,894;0,006158847;0,7298552;0,7900855;0,6355481;0,03347681;-0,7638492;0,1072032;0;3;113;870,0873;-0,01580404;0,7232164;0,8170758;
00001;002;63711851675,0443;0,01330913;0,7303705;0,7912189;0,620402;0,05710693;-0,7773851;0,08667522;0;3;114;873,2374;-0,01580404;0,7232164;0,8170758;
00001;002;63711851681,7969;-0,2595521;0,780911;0,8107312;0,333046;-0,08741991;-0,06863009;0,9363376;3;3;115;879,9903;-0,285618;0,7264461;0,8265616;
00001;002;63711851687,609;-0,2010641;0,7314399;0,7736262;0,6327953;0,04901844;-0,7637386;0,1177745;2;3;116;885,8021;-0,1956801;0,7253695;0,8233997;
00001;002;63711851691,697;0,00709803;0,7302589;0,78316;0,5801618;0,06982688;-0,807632;0,07916473;0;3;117;889,8903;-0,01580404;0,7232164;0,8170758;
00001;002;63711851696,3775;-0,1623918;0,7773477;0,9110943;0,3793108;-0,0117175;-0,05174249;0,9237471;4;3;118;894,5703;-0,1739968;0,725023;0,9253067;
00001;002;63711851702,8778;-0,1219291;0,7297447;0,9722633;0,7751971;0,07424672;-0,6214806;0,08554928;5;3;119;901,0711;-0,1187692;0,7242854;1,013651;
00001;002;63711851712,2499;-0,1777703;0,749136;0,8597201;0,01853157;-0,05910907;-0,9964452;-0,05709465;4;3;120;910,443;-0,1739968;0,725023;0,9253067;
00001;002;63711851720,6721;-0,01364561;0,7697546;1,021024;0,09949782;0,7449187;0,2948003;0,5901603;6;3;121;918,8651;-0,0366589;0,7232457;1,077777;
00001;002;63711851728,1332;-0,2551703;0,781258;0,815596;-0,3376764;-0,07199908;-0,001767046;-0,9385028;3;3;122;926,3264;-0,285618;0,7264461;0,8265616;
00001;002;63711851734,3607;-0,05998406;0,7283664;1,072441;-0,9275214;-0,09692704;0,3448071;-0,1068524;6;3;123;932,5536;-0,0366589;0,7232457;1,077777;
00001;002;63711851739,7274;-0,119303;0,7713785;0,9728532;-0,02944545;-0,771675;-0,3528581;-0,5283387;5;3;124;937,9207;-0,1187692;0,7242854;1,013651;
00001;002;63711851746,6857;-0,08127151;0,7791255;0,8156623;0,3130239;-0,05987359;-0,06216227;0,9458156;1;3;125;944,8787;-0,105742;0,7242929;0,8202378;
00001;002;63711851752,0926;-0,1751849;0,7305412;0,8938302;0,7720327;0,08493076;-0,6247105;0,08055402;4;3;126;950,2855;-0,1739968;0,725023;0,9253067;
00001;002;63711851757,8058;-0,1530342;0,7770612;0,9074219;-0,3623561;-0,06340733;0,05706569;-0,9281278;4;3;127;955,9992;-0,1739968;0,725023;0,9253067;
00001;002;63711851764,2438;0,0001728656;0,7295483;0,7961428;0,6393016;0,07250617;-0,7591209;0,0988519;0;3;128;962,437;-0,01580404;0,7232164;0,8170758;
00001;002;63711851770,734;-0,1323411;0,7772523;0,9254302;0,3674226;0,03707185;-0,03650642;0,9285977;4;3;129;968,9266;-0,1739968;0,725023;0,9253067;
00001;002;63711851778,1629;-0,1240248;0,7306187;0,982286;-0,7625352;-0,06891848;0,6401043;-0,06369405;5;3;130;976,3561;-0,1187692;0,7242854;1,013651;
00001;002;63711851787,2654;-0,01398476;0,774052;1,063487;-0,1215402;-0,1012626;-0,1786752;-0,9711072;6;3;131;985,4586;-0,0366589;0,7232457;1,077777;
00001;002;63711851794,4318;-0,09172585;0,7287828;0,7969209;-0,6635206;-0,1557647;0,7180092;-0,1412113;1;3;132;992,6245;-0,105742;0,7242929;0,8202378;
00001;002;63711851800,4341;-0,09486659;0,7781317;0,9979238;-0,289043;-0,0954626;0,04846412;-0,9513109;5;3;133;998,627;-0,1187692;0,7242854;1,013651;
00001;002;63711851805,769;-0,07759883;0,7788603;0,8234845;-0,2998626;0,04472248;0,07313769;-0,9501228;1;3;134;1003,962;-0,105742;0,7242929;0,8202378;
00001;002;63711851811,1633;-0,02601334;0,7728357;1,055602;-0,003294056;0,2437367;0,09971485;0,9646962;6;3;135;1009,357;-0,0366589;0,7232457;1,077777;
00001;002;63711851816,2011;-0,07202549;0,778951;0,8175692;0,2968592;-0,01735434;-0,06887783;0,9522759;1;3;136;1014,394;-0,105742;0,7242929;0,8202378;
00001;002;63711851820,3112;-0,1005694;0,7678792;0,7974045;-0,09573483;-0,7005551;-0,03002704;0,7065096;1;3;137;1018,504;-0,105742;0,7242929;0,8202378;
00001;002;63711851823,9694;-0,09018263;0,7286587;0,8087717;-0,7256892;-0,1153405;0,6606149;-0,1538169;1;3;138;1022,162;-0,105742;0,7242929;0,8202378;
00001;002;63711851828,0682;-0,1050693;0,7289233;0,8167538;-0,7386276;-0,09827074;0,6497488;-0,1503288;1;3;139;1026,261;-0,105742;0,7242929;0,8202378;
00001;002;63711851834,9704;-0,07277852;0,7786123;0,8328221;0,2871026;0,01499955;-0,07332435;0,9549716;1;3;140;1033,163;-0,105742;0,7242929;0,8202378;