ExperimentID;participantID;date;choix;angleoffset;target_number;number_of_try;time since the beginning;time_Beginning_reach;time_Touching_Target;time_back_starting;
00001;011;63734302458,8251;0;0,1047198;0;1;28,87272;24,70138;26,15693;28,55832;
00001;011;63734302462,538;1;-0,1745329;1;2;32,58484;28,90804;30,06196;32,26564;
00001;011;63734302465,582;0;0,1745329;0;3;35,62957;32,61515;33,59589;35,30595;
00001;011;63734302471,0024;1;0,03490658;1;4;41,04948;36,82058;37,81286;40,52144;
00001;011;63734302474,9322;0;0,03490658;0;5;44,97942;41,59546;42,70996;44,64241;
00001;011;63734302478,3401;1;-0,08726647;1;6;48,3871;45,30442;46,27066;47,9369;
00001;011;63734302481,7713;0;0,1745329;0;7;51,81901;48,89983;49,93213;51,45593;
00001;011;63734302485,295;0;0,2268928;0;8;55,34252;52,30724;53,32204;54,99804;
00001;011;63734302488,3911;1;-0,1047198;1;9;58,43805;55,78467;56,74007;58,08548;
00001;011;63734302491,7757;1;-0,1396263;1;10;61,82335;58,8868;60,05567;61,44088;
00001;011;63734302495,0273;1;-0,2268928;1;11;65,07429;62,1809;63,16113;64,76988;
00001;011;63734302498,1655;0;0,08726647;0;12;68,21298;65,45402;66,40321;67,77621;
00001;011;63734302502,8003;0;0,03490658;0;13;72,84757;68,65417;69,68605;72,45083;
00001;011;63734302506,5881;0;0,08726647;0;14;76,63504;73,24298;74,35329;76,22892;
00001;011;63734302509,5702;1;0;1;15;79,61722;76,97005;78,0142;79,23592;
00001;011;63734302512,6106;1;-0,03490658;1;16;82,65791;80,12623;81,04465;82,23847;
00001;011;63734302516,1715;0;0,2268928;0;17;86,21865;83,04346;84,29381;85,84926;
00001;011;63734302519,5997;0;0,1396263;0;18;89,64697;86,55511;87,57972;89,21031;
00001;011;63734302522,7352;1;-0,1745329;1;19;92,78281;90,05653;91,08244;92,33397;
00001;011;63734302526,2045;1;-0,1745329;1;20;96,25209;93,20115;94,28121;95,85725;
00001;011;63734302532,4661;1;0,08726647;1;21;102,5136;96,58683;97,7018;99,63891;
00001;011;63734302536,4317;1;-0,2268928;1;22;106,4788;103,223;104,3687;106,0849;
00001;011;63734302539,423;1;-0,08726647;1;23;109,4706;106,8618;107,9028;109,1034;
00001;011;63734302543,2588;0;-0,03490658;0;24;113,3059;109,8241;110,9789;112,9225;
00001;011;63734302546,5194;0;0,1745329;0;25;116,5665;113,6421;114,8231;116,0988;
00001;011;63734302549,391;1;-0,03490658;1;26;119,4383;116,8922;117,8992;119,0736;
00001;011;63734302552,7494;0;0,1745329;0;27;122,7968;119,7679;120,8796;122,4404;
00001;011;63734302555,8369;0;0,1047198;0;28;125,8844;123,0871;124,0668;125,4337;
00001;011;63734302558,874;1;-0,08726647;1;29;128,9211;126,1964;127,2083;128,494;
00001;011;63734302562,693;1;-0,1396263;1;30;132,7407;129,2585;130,3249;132,3195;
00001;011;63734302566,389;1;-0,06981317;1;31;136,4364;133,0382;134,0874;135,9656;
00001;011;63734302569,467;0;0,06981317;0;32;139,514;136,7284;137,8418;139,1043;
00001;011;63734302572,4936;1;0,06981317;1;33;142,541;139,8665;140,7342;142,2035;
00001;011;63734302575,7921;1;-0,1047198;1;34;145,8398;142,9835;144,1295;145,5089;
00001;011;63734302579,5514;0;0,06981317;0;35;149,5989;146,2281;147,3178;149,1453;
00001;011;63734302582,8451;0;0,2268928;0;36;152,8924;149,9346;150,9103;152,5095;
00001;011;63734302585,6596;1;-0,06981317;1;37;155,7065;153,1429;154,0793;155,3228;
00001;011;63734302588,4724;1;-0,06981317;1;38;158,5198;155,9819;156,8135;158,1828;
00001;011;63734302591,4222;0;0,06981317;0;39;161,4694;158,8363;159,7142;161,0534;
00001;011;63734302594,7041;0;0,1047198;0;40;164,7517;161,7845;162,7169;164,102;
00001;011;63734302597,9985;0;0,2268928;0;41;168,0461;165,1164;166,1446;167,7309;
00001;011;63734302600,5588;1;-0,1047198;1;42;170,6058;168,3624;169,2578;170,3369;
00001;011;63734302603,321;0;0,08726647;0;43;173,3688;170,9198;171,8809;173,0384;
00001;011;63734302605,897;0;0;0;44;175,944;173,6863;174,5556;175,6423;
00001;011;63734302608,5267;1;-0,06981317;1;45;178,5745;176,3238;177,2264;178,2102;
00001;011;63734302612,6017;1;-0,2268928;1;46;182,6489;179,7363;180,8105;182,3165;
00001;011;63734302615,4903;0;0,1396263;0;47;185,538;182,9605;183,9335;185,2244;
00001;011;63734302618,293;1;-0,1047198;1;48;188,3407;185,8534;186,8089;188,0167;
00001;011;63734302621,2548;0;0;0;49;191,3024;188,61;189,6424;190,9877;
00001;011;63734302623,8378;0;0,1047198;0;50;193,8849;191,6057;192,4637;193,5555;
00001;011;63734302626,9376;1;-0,1396263;1;51;196,9845;194,2025;195,0868;196,6056;
00001;011;63734302630,0562;1;-0,1745329;1;52;200,1035;197,4035;198,3483;199,7443;
00001;011;63734302632,8108;0;0,1396263;0;53;202,8585;200,422;201,3923;202,5835;
00001;011;63734302635,6356;1;-0,2268928;1;54;205,6828;203,2116;204,045;205,3182;
00001;011;63734302638,9152;0;0,03490658;0;55;208,9623;205,9741;206,943;208,7028;
00001;011;63734302642,1203;0;0;0;56;212,1675;209,4162;210,4155;211,8295;
00001;011;63734302645,48;1;-0,03490658;1;57;215,5273;212,5078;213,5204;215,1469;
00001;011;63734302648,7038;0;0,1396263;0;58;218,7514;215,8929;216,917;218,4754;
00001;011;63734302652,4955;1;-0,08726647;1;59;222,5432;219,1528;220,2722;222,1453;
00001;011;63734302656,0693;1;-0,1396263;1;60;226,1168;223,0408;224,1497;225,8313;
00001;011;63734302658,985;1;-0,08726647;1;61;229,0328;226,5266;227,4783;228,6958;
00001;011;63734302663,1193;0;0,03490658;0;62;233,1664;229,464;230,3846;232,5952;
00001;011;63734302667,584;1;-0,1047198;1;63;237,6313;233,6363;234,5775;237,2509;
00001;011;63734302670,9587;1;-0,1396263;1;64;241,0056;237,9983;238,9325;240,6478;
00001;011;63734302674,2059;0;0,06981317;0;65;244,253;241,342;242,2894;243,8553;
00001;011;63734302677,7284;0;0,1396263;0;66;247,7754;244,6269;245,7086;247,4713;
00001;011;63734302681,5542;1;-0,1396263;1;67;251,6017;248,3515;249,2289;251,1915;
00001;011;63734302684,5529;1;-0,08726647;1;68;254,6005;252,1239;252,9243;254,2337;
00001;011;63734302687,3218;0;-0,08726647;0;69;257,3691;254,8927;255,7818;257,1006;
00001;011;63734302690,5786;1;-0,2268928;1;70;260,6259;257,6388;258,5847;260,2875;
00001;011;63734302693,2379;1;-0,1745329;1;71;263,2848;260,8896;261,78;262,9923;
00001;011;63734302695,9564;1;-0,1745329;1;72;266,0034;263,5727;264,4961;265,6769;
00001;011;63734302698,7995;0;-0,03490658;0;73;268,847;266,3182;267,1747;268,5482;
00001;011;63734302702,2599;0;0,1745329;0;74;272,3069;269,1819;270,18;272,0691;
00001;011;63734302704,9366;1;-0,1396263;1;75;274,9837;272,338;273,4453;274,7643;
00001;011;63734302707,9587;0;0;0;76;278,0055;275,3502;276,2834;277,73;
00001;011;63734302710,4903;0;-0,03490658;0;77;280,5372;278,3204;279,1317;280,2345;
00001;011;63734302713,3766;0;0,03490658;0;78;283,424;280,8728;281,7921;283,0718;
00001;011;63734302716,6218;0;0,08726647;0;79;286,6689;283,7098;284,7862;286,4434;
00001;011;63734302720,1869;1;-0,1745329;1;80;290,2337;287,1642;288,231;289,9174;
00001;011;63734302723,4809;1;-0,2268928;1;81;293,5281;290,5673;291,5321;293,2189;
00001;011;63734302725,8965;1;-0,06981317;1;82;295,9436;293,7798;294,5671;295,5752;
00001;011;63734302728,907;0;0,08726647;0;83;298,9542;296,234;297,1982;298,6309;
00001;011;63734302731,6397;0;-0,03490658;0;84;301,6871;299,2524;300,203;301,4096;
00001;011;63734302735,2731;0;0,1396263;0;85;305,3207;301,9308;302,9531;305,0067;
00001;011;63734302738,7926;1;-0,1745329;1;86;308,8396;305,7025;306,7189;308,5261;
00001;011;63734302741,8305;0;0,1047198;0;87;311,8781;309,1538;310,2262;311,5196;
00001;011;63734302745,6905;0;0,2268928;0;88;315,7377;312,1551;313,1104;315,4295;
00001;011;63734302749,932;0;0,1047198;0;89;319,979;316,8752;318,1199;319,4155;
00001;011;63734302753,2071;0;0,03490658;0;90;323,2549;320,357;321,3696;322,8808;
00001;011;63734302756,1003;0;0,1396263;0;91;326,1479;323,5403;324,5547;325,7943;
00001;011;63734302759,0556;0;-0,06981317;0;92;329,1025;326,5221;327,368;328,8219;
00001;011;63734302763,4926;1;-0,2268928;1;93;333,5395;330,6456;331,5673;333,2956;
00001;011;63734302767,3519;0;0,03490658;0;94;337,3997;334,0353;335,0603;336,3377;
00001;011;63734302770,7798;1;-0,08726647;1;95;340,8275;337,6509;338,4965;340,4749;
00001;011;63734302773,1742;0;0,06981317;0;96;343,2219;341,0576;341,9464;343,0111;
00001;011;63734302776,8092;1;-0,2268928;1;97;346,8569;344,2258;345,0966;346,5985;
00001;011;63734302779,7746;1;-0,1047198;1;98;349,8221;347,0138;347,9039;349,5297;
00001;011;63734302782,9813;0;0,08726647;0;99;353,0283;350,9175;351,7187;352,7196;
00001;011;63734302786,3077;0;0,2268928;0;100;356,3552;353,345;354,2757;356,098;
00001;011;63734302788,7994;0;0,1745329;0;101;358,847;356,6247;357,4718;358,5748;
00001;011;63734302791,7499;0;0,06981317;0;102;361,7969;359,1189;360,0373;361,579;
00001;011;63734302794,5904;0;0,1745329;0;103;364,6375;362,088;362,9541;364,3084;
00001;011;63734302798,5946;1;0;1;104;368,6415;364,973;366,216;368,3269;
00001;011;63734302802,6324;0;0,1047198;0;105;372,6795;369,1414;370,2625;372,3379;
00001;011;63734302805,6343;1;0,06981317;1;106;375,682;372,944;373,9011;375,281;
00001;011;63734302809,6345;1;-0,03490658;1;107;379,6817;375,9092;376,8024;378,3694;
00001;011;63734302814,9582;1;-0,1047198;1;108;385,006;380,0436;381,0555;384,5973;
00001;011;63734302817,8614;1;-0,06981317;1;109;387,9088;385,3645;386,3987;387,5949;
00001;011;63734302820,9755;0;0;0;110;391,0225;388,1783;389,0767;390,7163;
00001;011;63734302825,2894;1;-0,1396263;1;111;395,3365;391,3621;392,2321;393,7494;
00001;011;63734302828,597;0;0;0;112;398,6446;395,8367;396,9254;398,2019;
00001;011;63734302831,9766;0;0,2268928;0;113;402,0241;399,006;400,1022;401,6204;
00001;011;63734302835,9307;0;0,1047198;0;114;405,9776;402,6713;404,2563;405,6458;
00001;011;63734302840,0851;0;0,08726647;0;115;410,1322;406,4033;407,3233;409,7899;
00001;011;63734302843,2185;0;0,2268928;0;116;413,2657;410,418;411,4399;412,9242;
00001;011;63734303303,2198;1;-0,06981317;1;117;873,2674;869,9609;871,066;872,9283;
00001;011;63734303306,8373;0;0,1396263;0;118;876,8843;873,9386;875,1762;876,5585;
00001;011;63734303310,3959;0;0,1745329;0;119;880,4432;877,1989;878,0818;880,1053;
00001;011;63734303312,9708;1;-0,1047198;1;120;883,018;880,795;881,6857;882,7056;
00001;011;63734303315,4581;1;-0,1396263;1;121;885,5059;883,3018;884,1218;885,1533;
00001;011;63734303318,1342;0;0;0;122;888,1814;885,6871;886,6099;887,9411;
00001;011;63734303321,953;0;0,1745329;0;123;892,0005;888,5467;889,5259;891,7272;
00001;011;63734303325,0651;0;0,2268928;0;124;895,1127;892,3169;893,3181;894,7206;
00001;011;63734303327,5751;1;-0,1047198;1;125;897,6226;895,3148;896,2014;897,3062;
00001;011;63734303331,1234;0;0,2268928;0;126;901,1712;897,8892;898,9587;900,8184;
00001;011;63734303334,828;1;0,06981317;1;127;904,8752;901,4134;902,2492;903,4901;
00001;011;63734303337,8991;0;-0,06981317;0;128;907,9468;905,2606;906,3701;907,5732;
00001;011;63734303340,4259;0;0,03490658;0;129;910,4731;908,2161;909,0038;910,1436;
00001;011;63734303343,0647;0;0,03490658;0;130;913,1125;910,7217;911,5975;912,91;
00001;011;63734303346,3331;0;0,1745329;0;131;916,3803;913,1428;914,2763;916,027;
00001;011;63734303348,9459;1;-0,1396263;1;132;918,9937;916,6108;917,3617;918,7017;
00001;011;63734303351,7192;1;-0,2268928;1;133;921,7665;919,2473;920,1083;921,4488;
00001;011;63734303354,3963;1;-0,03490658;1;134;924,4432;922,0388;922,9499;924,1162;
00001;011;63734303357,2113;1;-0,1745329;1;135;927,2582;924,6749;925,5138;926,9113;
00001;011;63734303359,9769;0;0,1047198;0;136;930,0242;927,4946;928,4125;929,6301;
00001;011;63734303362,4778;1;-0,1396263;1;137;932,5256;930,2688;931,0521;932,216;
00001;011;63734303365,2654;1;-0,08726647;1;138;935,3124;932,7672;933,6236;934,9396;
00001;011;63734303368,3361;1;-0,2268928;1;139;938,3831;935,6145;936,5616;937,9791;
00001;011;63734303372,4565;0;0,08726647;0;140;942,504;938,7035;939,8156;942,1797;
00001;011;63734303376,2004;0;0,2268928;0;141;946,2477;942,8407;943,8168;945,9255;
00001;011;63734303379,7746;0;0,1745329;0;142;949,8218;946,5495;947,7432;949,5851;
00001;011;63734303383,637;0;0;0;143;953,6848;949,852;951,7457;953,3262;
00001;011;63734303387,2433;0;0,1396263;0;144;957,2902;954,07;954,9716;957,0027;
00001;011;63734303390,3208;0;0,2268928;0;145;960,3679;957,652;958,5919;959,9199;
00001;011;63734303393,1677;1;-0,08726647;1;146;963,2155;960,6906;961,5562;962,874;
00001;011;63734303395,8615;1;-0,1745329;1;147;965,9091;963,475;964,3627;965,5381;
00001;011;63734303398,7641;1;0;1;148;968,8114;966,2432;967,1332;968,4647;
00001;011;63734303402,1242;0;0,1047198;0;149;972,1716;969,2141;970,2271;971,7957;
00001;011;63734303405,4872;0;0,03490658;0;150;975,5345;972,5588;973,6468;975,2727;
00001;011;63734303408,2417;0;0,08726647;0;151;978,2887;975,9105;976,7689;977,9731;
00001;011;63734303410,8613;0;0;0;152;980,9083;978,6414;979,4497;980,5438;
00001;011;63734303413,5699;0;-0,03490658;0;153;983,6172;981,228;982,1412;983,3643;
00001;011;63734303416,3992;0;0,1396263;0;154;986,4469;983,9466;984,8265;986,0997;
00001;011;63734303419,0955;1;-0,1047198;1;155;989,1429;986,8311;987,752;988,8016;
00001;011;63734303421,6576;1;0,06981317;1;156;991,7052;989,5197;990,3215;991,4378;
00001;011;63734303424,1341;0;-0,08726647;0;157;994,1816;992,0623;992,8458;993,845;
00001;011;63734303426,9884;0;0,03490658;0;158;997,0353;994,5353;995,4149;996,6895;
00001;011;63734303429,6902;1;-0,06981317;1;159;999,7377;997,4684;998,3608;999,4265;
00001;011;63734303432,4944;0;0,1396263;0;160;1002,542;1000,029;1000,975;1002,099;
00001;011;63734303435,5455;0;-0,03490658;0;161;1005,593;1002,928;1003,753;1005,298;
00001;011;63734303437,9729;1;-0,1047198;1;162;1008,02;1005,929;1006,763;1007,752;
00001;011;63734303440,4584;0;-0,06981317;0;163;1010,506;1008,333;1009,197;1010,192;
00001;011;63734303443,5403;0;0,08726647;0;164;1013,588;1010,797;1011,646;1013,277;
00001;011;63734303446,2178;1;-0,1047198;1;165;1016,265;1013,863;1014,856;1015,988;
00001;011;63734303449,3603;0;0,1047198;0;166;1019,408;1016,528;1017,433;1019,116;
00001;011;63734303452,0985;1;-0,1396263;1;167;1022,146;1019,658;1020,466;1021,808;
00001;011;63734303454,4586;0;-0,06981317;0;168;1024,506;1022,382;1023,136;1024,198;
00001;011;63734303457,1354;1;-0,1745329;1;169;1027,182;1024,783;1025,666;1026,893;
00001;011;63734303460,1783;0;0,08726647;0;170;1030,226;1027,476;1028,427;1029,932;
00001;011;63734303465,0958;1;-0,1745329;1;171;1035,143;1030,606;1031,504;1033,41;
00001;011;63734303468,2936;0;0,06981317;0;172;1038,342;1035,392;1036,448;1038,026;
00001;011;63734303471,1344;1;-0,2268928;1;173;1041,182;1038,57;1039,401;1040,763;
00001;011;63734303474,2178;0;0,1745329;0;174;1044,265;1041,476;1042,493;1044,023;
00001;011;63734303477,5605;0;0,1396263;0;175;1047,608;1044,641;1045,598;1047,28;
00001;011;63734303480,6399;0;0,1047198;0;176;1050,688;1047,983;1048,924;1050,357;
00001;011;63734303483,7617;1;-0,08726647;1;177;1053,809;1051,064;1052,032;1053,407;
00001;011;63734303487,3388;1;-0,2268928;1;178;1057,386;1054,169;1055,178;1056,969;
00001;011;63734303490,602;1;-0,03490658;1;179;1060,65;1057,772;1058,958;1060,354;
00001;011;63734303494,0163;0;0,06981317;0;180;1064,063;1060,946;1062,03;1063,557;
00001;011;63734303498,5288;1;-0,1396263;1;181;1068,576;1064,623;1067,047;1068,248;
00001;011;63734303501,1547;1;-0,1396263;1;182;1071,202;1068,86;1069,787;1070,895;
00001;011;63734303504,1027;1;-0,06981317;1;183;1074,15;1071,562;1072,45;1073,752;
00001;011;63734303506,8301;0;-0,06981317;0;184;1076,878;1074,445;1075,424;1076,54;
00001;011;63734303509,794;1;-0,03490658;1;185;1079,841;1077,237;1078,282;1079,488;
00001;011;63734303513,4304;0;-0,03490658;0;186;1083,478;1080,152;1081,114;1083,163;
00001;011;63734303516,7508;0;0,1745329;0;187;1086,798;1083,819;1084,995;1086,446;
00001;011;63734303519,9147;0;0,1047198;0;188;1089,962;1087,092;1088,004;1089,399;
00001;011;63734303523,5279;0;0,1745329;0;189;1093,575;1090,392;1091,927;1093,251;
00001;011;63734303526,3529;0;0,03490658;0;190;1096,401;1093,884;1094,868;1096,064;
00001;011;63734303530,161;1;-0,1047198;1;191;1100,209;1096,677;1097,783;1098,962;
00001;011;63734303532,8324;1;-0,1396263;1;192;1102,88;1100,523;1101,393;1102,577;
00001;011;63734303538,4956;0;-0,03490658;0;193;1108,543;1103,2;1104,13;1108,234;
00001;011;63734303541,9741;0;0,1745329;0;194;1112,021;1108,913;1110,047;1111,646;
00001;011;63734303545,4718;0;0,2268928;0;195;1115,519;1112,336;1113,354;1115,108;
00001;011;63734303549,2738;0;0,2268928;0;196;1119,321;1115,815;1116,814;1118,994;
00001;011;63734303552,2604;0;0;0;197;1122,308;1119,703;1120,8;1121,976;
00001;011;63734303555,0426;0;-0,1047198;0;198;1125,09;1122,64;1123,552;1124,78;
00001;011;63734303557,6351;0;0,1047198;0;199;1127,682;1125,377;1126,224;1127,385;
00001;011;63734303560,1783;1;-0,08726647;1;200;1130,226;1127,974;1128,813;1129,908;
00001;011;63734303562,6363;1;-0,08726647;1;201;1132,683;1130,518;1131,33;1132,354;
00001;011;63734303565,106;0;0,03490658;0;202;1135,153;1132,928;1133,819;1134,878;
00001;011;63734303567,4901;0;0;0;203;1137,538;1135,44;1136,263;1137,235;
00001;011;63734303570,1947;1;-0,1745329;1;204;1140,242;1137,789;1138,531;1139,883;
00001;011;63734303572,6214;0;0,08726647;0;205;1142,669;1140,472;1141,328;1142,374;
00001;011;63734303574,9279;0;0,08726647;0;206;1144,975;1142,892;1143,706;1144,733;
00001;011;63734303577,3978;1;-0,1745329;1;207;1147,445;1145,305;1146,094;1147,165;
00001;011;63734303580,0164;0;0,1396263;0;208;1150,064;1147,807;1148,661;1149,773;
00001;011;63734303582,6615;0;0,2268928;0;209;1152,709;1150,358;1151,328;1152,398;
00001;011;63734303585,5679;0;0,1396263;0;210;1155,615;1153,001;1153,774;1154,783;
00001;011;63734303589,5801;0;0,06981317;0;211;1159,628;1156,072;1157,764;1159,25;
00001;011;63734303592,208;0;0,08726647;0;212;1162,255;1159,995;1160,857;1161,976;
00001;011;63734303594,8125;1;-0,1745329;1;213;1164,86;1162,588;1163,368;1164,579;
00001;011;63734303597,9053;0;0,1047198;0;214;1167,953;1165,111;1165,997;1167,672;
00001;011;63734303601,5699;1;0;1;215;1171,617;1168,224;1169,015;1170,231;
00001;011;63734303604,4408;1;-0,1047198;1;216;1174,488;1171,796;1172,71;1174,006;
00001;011;63734303607,3548;0;0,06981317;0;217;1177,402;1174,779;1175,909;1177,089;
00001;011;63734303610,1045;0;0,08726647;0;218;1180,152;1177,745;1178,592;1179,803;
00001;011;63734303613,5571;0;-0,08726647;0;219;1183,604;1180,466;1181,756;1183,321;
00001;011;63734303616,7063;0;0,1396263;0;220;1186,754;1183,877;1184,967;1186,384;
00001;011;63734303620,3241;1;-0,2268928;1;221;1190,371;1187,049;1187,968;1189,901;
00001;011;63734303625,4451;1;-0,1745329;1;222;1195,493;1192,94;1193,764;1195,205;
00001;011;63734303627,9805;1;-0,2268928;1;223;1198,027;1195,83;1196,613;1197,664;
00001;011;63734303630,5124;0;-0,06981317;0;224;1200,559;1198,32;1199,125;1200,203;
00001;011;63734303634,2662;1;0,06981317;1;225;1204,314;1200,804;1201,811;1202,96;
00001;011;63734303639,4582;1;-0,1047198;1;226;1209,506;1204,782;1205,65;1209,214;
00001;011;63734303642,4011;1;-0,08726647;1;227;1212,448;1209,793;1210,788;1212,162;
00001;011;63734303645,5292;0;0,1396263;0;228;1215,577;1212,759;1213,811;1215,267;
00001;011;63734303648,3553;0;0,1745329;0;229;1218,403;1215,89;1216,8;1218,16;
00001;011;63734303651,2024;1;0,03490658;1;230;1221,25;1218,756;1219,578;1220,909;
00001;011;63734303653,7619;1;0,03490658;1;231;1223,809;1221,538;1222,315;1223,556;
00001;011;63734303656,2577;1;0;1;232;1226,305;1224,099;1224,815;1225,99;
00001;011;63734303658,6763;1;-0,1396263;1;233;1228,723;1226,686;1227,297;1228,478;
00001;011;63734303661,167;1;-0,2268928;1;234;1231,215;1228,753;1229,749;1230,826;
00001;011;63734303663,905;0;0,2268928;0;235;1233,953;1231,431;1232,336;1233,704;
00001;011;63734303669,3253;1;-0,2268928;1;236;1239,372;1234,193;1234,969;1238,075;
00001;011;63734303672,0844;1;-0,06981317;1;237;1242,131;1239,731;1240,5;1241,773;
00001;011;63734303674,7048;0;-0,03490658;0;238;1244,752;1242,472;1243,249;1244,497;
00001;011;63734303677,9532;0;0,1047198;0;239;1248;1244,992;1245,915;1247,357;
00001;011;63734303681,6619;0;0,06981317;0;240;1251,71;1248,449;1249,364;1251,205;
