ExperimentID;participantID;date;choix;angleoffset;target_number;number_of_try;time since the beginning;time_Beginning_reach;time_Touching_Target;time_back_starting;
00002;018;63735180498,1847;0;0,1047198;0;1;27,05661;18,7355;23,94601;26,5909;
00002;018;63735180508,7715;0;0,1570796;0;2;37,64274;27,08658;29,69367;32,93438;
00002;018;63735180516,8111;1;-0,2268928;3;3;45,68314;37,81514;41,18257;45,15991;
00002;018;63735180519,564;1;-0,2268928;2;4;48,43565;45,71945;46,91073;47,98393;
00002;018;63735180523,0676;0;0,03490658;0;5;51,93893;48,46376;49,72433;51,20058;
00002;018;63735180525,9603;0;-0,03490658;0;6;54,8316;51,9675;53,11085;54,50037;
00002;018;63735180528,8016;0;0,05235988;0;7;57,67346;54,86497;56,08764;57,38114;
00002;018;63735180532,493;0;0,2268928;0;8;61,36489;57,70039;59,06259;61,15037;
00002;018;63735180535,0967;0;-0,03490658;0;9;63,9686;61,39257;62,465;63,67596;
00002;018;63735180539,2386;0;0,05235988;0;10;68,11058;63,99689;65,05508;66,67408;
00002;018;63735180542,2394;0;0,1570796;0;11;71,11044;68,13696;69,42146;70,7251;
00002;018;63735180545,5052;0;0,08726647;0;12;74,37711;71,38511;72,53529;73,97466;
00002;018;63735180551,3103;1;-0,05235988;0;13;80,18181;75,67831;77,057;78,85415;
00002;018;63735180555,6723;0;0,06981317;0;14;84,54379;81,39629;82,68924;84,11259;
00002;018;63735180559,3739;1;-0,1047198;2;15;88,24584;84,58967;86,44016;87,75169;
00002;018;63735180562,5333;0;0,1570796;0;16;91,40524;88,27309;89,67245;91,0322;
00002;018;63735180566,2871;0;0;0;17;95,15884;91,43353;92,9615;94,60482;
00002;018;63735180570,7597;0;0,1047198;0;18;99,63166;95,18639;96,76518;99,13914;
00002;018;63735180574,3176;1;-0,06981317;0;19;103,1895;99,66323;101,3032;102,81;
00002;018;63735180577,7759;0;0,03490658;0;20;106,6478;103,2209;104,5423;106,2263;
00002;018;63735180580,9748;0;0,03490658;0;21;109,8463;106,6756;108,0284;109,4204;
00002;018;63735180584,477;0;0,2268928;0;22;113,3487;109,8731;111,3725;112,8675;
00002;018;63735180587,9563;1;0;0;23;116,8278;113,3805;114,7079;116,0419;
00002;018;63735180590,7494;0;0,08726647;0;24;119,6209;116,8568;117,9882;119,2511;
00002;018;63735180594,1841;1;-0,08726647;2;25;123,0559;119,6475;121,2402;122,7349;
00002;018;63735180597,7359;1;-0,05235988;3;26;126,607;123,0859;124,3473;125,6504;
00002;018;63735180601,4099;0;-0,05235988;0;27;130,2811;126,6413;127,9723;129,3917;
00002;018;63735180604,8172;0;0,2268928;0;28;133,6892;130,307;131,8604;133,1436;
00002;018;63735180608,1903;0;0;0;29;137,0623;133,7155;135,1404;136,6317;
00002;018;63735180611,9992;1;-0,1047198;3;30;140,8704;137,0985;138,5819;140,4167;
00002;018;63735180616,1211;1;-0,1047198;0;31;144,9928;140,8982;142,4579;144,3425;
00002;018;63735180619,6235;1;-0,1570796;2;32;148,4955;145,0252;146,6118;147,9022;
00002;018;63735180623,2695;0;0,06981317;0;33;152,1407;148,5236;150,0392;151,6125;
00002;018;63735180626,6184;0;0,1570796;0;34;155,4897;152,1684;153,7222;155,0939;
00002;018;63735180629,4585;1;-0,06981317;2;35;158,3297;155,5249;156,7057;158,0062;
00002;018;63735180632,5072;0;0,1047198;0;36;161,3786;158,3567;159,7151;160,9897;
00002;018;63735180635,4065;1;-0,08726647;0;37;164,2785;161,4054;162,6568;163,8884;
00002;018;63735180638,1231;0;0,06981317;0;38;166,9943;164,3051;165,5552;166,6181;
00002;018;63735180641,2294;0;0,03490658;0;39;170,1008;167,0213;168,1777;169,7;
00002;018;63735180645,8551;1;-0,08726647;1;40;174,7268;170,1288;171,4652;173,1058;
00002;018;63735180649,6753;1;-0,1570796;3;41;178,5465;174,7548;176,0106;177,4362;
00002;018;63735180652,8005;1;-0,2268928;0;42;181,6726;178,5734;180,0092;181,2826;
00002;018;63735180657,6222;1;-0,08726647;3;43;186,4934;181,7041;182,9317;184,8351;
00002;018;63735180663,1564;1;-0,06981317;3;44;192,0277;188,4149;190,0649;191,5479;
00002;018;63735180667,4461;0;0,08726647;0;45;196,3172;192,0556;193,6194;195,5174;
00002;018;63735180670,8922;1;-0,1570796;0;46;199,7636;196,3438;198,1725;199,3586;
00002;018;63735180674,2106;0;0,05235988;0;47;203,0821;199,7916;201,2376;202,7609;
00002;018;63735180677,6297;0;0,2268928;0;48;206,5012;203,1094;204,3659;206,0132;
00002;018;63735180682,4804;1;-0,03490658;2;49;211,352;206,8405;208,4502;210,152;
00002;018;63735180685,9817;0;0,08726647;0;50;214,8531;211,3795;213,0054;214,3171;
00002;018;63735180689,1165;1;-0,05235988;2;51;217,9876;214,8798;216,233;217,5399;
00002;018;63735180692,4501;0;0;0;52;221,3212;218,0151;219,3619;220,8216;
00002;018;63735180698,7141;1;-0,2268928;1;53;227,586;221,3492;223,0464;225,0571;
00002;018;63735180702,6585;1;-0,1570796;1;54;231,53;227,6127;229,3655;230,9757;
00002;018;63735180706,4367;0;0,06981317;0;55;235,3087;231,5564;233,0069;234,6371;
00002;018;63735180709,5272;1;-0,1047198;1;56;238,3992;235,3354;236,6846;237,9694;
00002;018;63735180712,8273;0;-0,03490658;0;57;241,6986;238,426;239,9782;241,328;
00002;018;63735180715,8588;0;0,1047198;0;58;244,7306;241,7264;243,072;244,3014;
00002;018;63735180719,1824;1;0,05235988;1;59;248,0544;244,7588;246,0683;247,4427;
00002;018;63735180722,0407;1;-0,06981317;1;60;250,9122;248,0807;249,3115;250,5549;
00002;018;63735180725,0069;1;-0,08726647;1;61;253,8782;250,9379;252,0194;253,4125;
00002;018;63735180728,1961;0;0,03490658;0;62;257,068;253,9052;255,1146;256,3836;
00002;018;63735180730,972;0;0,2268928;0;63;259,8434;257,0957;258,2532;259,463;
00002;018;63735180733,8711;0;0,1570796;0;64;262,7428;259,8718;261,0356;262,2614;
00002;018;63735180737,9517;1;0;1;65;266,823;263,2484;265,1067;266,4625;
00002;018;63735180742,6532;1;-0,08726647;3;66;271,5244;266,8505;268,2174;269,4864;
00002;018;63735180747,5427;0;0;0;67;276,4143;273,2491;274,8601;276,0204;
00002;018;63735180750,1564;1;-0,2268928;2;68;279,0277;276,4405;277,6464;278,6627;
00002;018;63735180754,1004;0;0,06981317;0;69;282,9718;279,4762;280,5245;281,5536;
00002;018;63735180757,5059;0;0,1047198;0;70;286,3779;282,9987;284,7131;286,0552;
00002;018;63735180760,3091;0;0,03490658;0;71;289,1803;286,4055;287,5809;288,8663;
00002;018;63735180763,0303;0;0,08726647;0;72;291,9015;289,207;290,3978;291,5114;
00002;018;63735180766,0306;0;0,06981317;0;73;294,9023;291,9316;293,1602;294,4652;
00002;018;63735180768,9331;0;0,03490658;0;74;297,8046;294,9301;296,0718;297,3115;
00002;018;63735180771,666;1;-0,05235988;2;75;300,5372;297,832;299,0179;300,161;
00002;018;63735180774,7691;0;0,05235988;0;76;303,6408;300,5685;301,7762;302,8165;
00002;018;63735180777,3005;1;-0,06981317;2;77;306,1719;303,6683;304,8527;305,852;
00002;018;63735180780,1581;1;-0,1047198;0;78;309,03;306,2003;307,5189;308,7072;
00002;018;63735180783,1014;1;-0,05235988;1;79;311,9732;309,0559;310,2534;311,3725;
00002;018;63735180785,7784;1;0,03490658;3;80;314,6501;311,9992;313,0432;314,2808;
00002;018;63735180788,3209;1;0,05235988;3;81;317,1923;314,6919;315,6395;316,8289;
00002;018;63735180791,9435;1;-0,06981317;1;82;320,8149;317,2196;318,6011;319,8266;
00002;018;63735180794,8014;0;0,05235988;0;83;323,6726;320,8418;322,1671;323,3106;
00002;018;63735180797,9846;1;-0,1570796;0;84;326,8561;323,7003;324,9682;326,4274;
00002;018;63735180801,5891;1;-0,05235988;0;85;330,461;326,8828;328,2264;329,8589;
00002;018;63735180805,0568;1;-0,2268928;0;86;333,9289;330,4879;332,1049;333,6024;
00002;018;63735180808,0159;1;-0,06981317;3;87;336,8875;333,9844;335,1229;336,2692;
00002;018;63735180811,0408;1;-0,08726647;0;88;339,9121;336,9157;338,1098;339,4681;
00002;018;63735180813,724;0;0,1570796;0;89;342,5955;339,9402;341,2212;342,2416;
00002;018;63735180816,2604;0;0,1047198;0;90;345,1321;342,6222;343,648;344,8244;
00002;018;63735180819,5326;1;-0,03490658;1;91;348,4038;345,1607;346,3653;347,4652;
00002;018;63735180822,6375;0;0,08726647;0;92;351,5087;348,4319;349,7245;350,8835;
00002;018;63735180825,9535;1;-0,06981317;0;93;354,8255;351,5385;352,8042;354,0278;
00002;018;63735180828,8189;1;-0,1570796;2;94;357,6903;354,8522;356,2627;357,3506;
00002;018;63735180831,831;0;0,06981317;0;95;360,7021;357,7178;358,9006;360,2871;
00002;018;63735180835,8785;1;-0,1047198;1;96;364,7505;360,7688;362,2213;363,5453;
00002;018;63735180838,7894;1;-0,2268928;3;97;367,6609;364,7787;366,1184;367,3168;
00002;018;63735180842,645;0;0,1047198;0;98;371,5164;367,6888;368,9957;370,7058;
00002;018;63735180846,1483;1;-0,2268928;1;99;375,0203;371,5436;372,9089;374,1376;
00002;018;63735180849,2618;0;-0,03490658;0;100;378,1333;375,046;376,3841;377,6728;
00002;018;63735180852,5556;0;-0,03490658;0;101;381,4274;378,1591;379,7568;380,9973;
00002;018;63735180855,6668;0;0,06981317;0;102;384,5381;381,4541;382,7502;384,0196;
00002;018;63735180858,7312;1;-0,1570796;1;103;387,6031;384,6308;385,9073;387,1398;
00002;018;63735180862,315;0;0,08726647;0;104;391,1868;387,6294;389,0045;390,2356;
00002;018;63735180865,1493;0;0,1570796;0;105;394,0208;391,2139;392,5256;393,6414;
00002;018;63735180868,6016;1;-0,1047198;2;106;397,473;394,0489;395,5858;396,6791;
00002;018;63735180871,6841;0;0,2268928;0;107;400,5558;397,5011;398,6464;400,0773;
00002;018;63735180874,6097;0;0;0;108;403,4813;400,5838;401,7786;403,0534;
00002;018;63735180878,2668;0;0,2268928;0;109;407,1382;403,7878;405,2592;406,6249;
00002;018;63735180881,5563;1;-0,1570796;3;110;410,428;407,1646;408,5251;409,8605;
00002;018;63735180884,2613;1;-0,1047198;3;111;413,1326;410,4634;411,5629;412,748;
00002;018;63735180886,8796;1;-0,05235988;3;112;415,7509;413,1658;414,1923;415,2544;
00002;018;63735180890,5758;0;0,08726647;0;113;419,4473;415,7779;417,1367;418,7213;
00002;018;63735180893,3906;1;0;2;114;422,2619;419,4744;420,6588;421,9035;
00002;018;63735180896,2124;0;0,1570796;0;115;425,0835;422,2909;423,4865;424,7325;
00002;018;63735180899,1464;0;0,05235988;0;116;428,0181;425,1114;426,3726;427,5967;
00002;018;63735180902,0032;0;0,2268928;0;117;430,8745;428,0455;429,281;430,4534;
00002;018;63735180904,6046;1;-0,08726647;2;118;433,4758;430,9014;432,0333;433,1382;
00002;018;63735180907,4602;0;0,1047198;0;119;436,3316;433,5032;434,5998;435,9424;
00002;018;63735181008,4818;0;-0,03490658;0;120;537,3531;436,5582;535,3134;536,8425;
00002;018;63735181012,0735;0;-0,06981317;0;121;540,9453;537,3809;538,8796;540,5558;
00002;018;63735181015,2362;1;-0,2268928;3;122;544,1081;540,9742;542,3106;543,7382;
00002;018;63735181018,4806;1;-0,1570796;1;123;547,3517;544,1362;545,5259;546,7327;
00002;018;63735181021,6634;0;0,06981317;0;124;550,5352;547,7169;548,7438;549,9313;
00002;018;63735181024,5769;0;0,1047198;0;125;553,4486;550,5615;551,8687;553,031;
00002;018;63735181027,4235;1;-0,1047198;0;126;556,2948;553,4755;554,7312;555,9201;
00002;018;63735181030,7301;0;0;0;127;559,6019;556,3246;557,644;559,1866;
00002;018;63735181033,7384;0;0,1570796;0;128;562,6097;559,6286;561,0344;562,2397;
00002;018;63735181036,778;0;0,2268928;0;129;565,6493;562,6356;564,0013;565,3107;
00002;018;63735181040,879;0;0,08726647;0;130;569,7501;566,5206;568,0402;569,341;
00002;018;63735181043,4516;1;0,03490658;3;131;572,3228;569,777;570,8823;571,9872;
00002;018;63735181046,3552;0;0,06981317;0;132;575,2266;572,3516;573,7288;574,9617;
00002;018;63735181049,1328;1;-0,08726647;3;133;578,0039;575,2532;576,5453;577,6948;
00002;018;63735181051,8723;0;0,05235988;0;134;580,744;578,0514;579,2655;580,3948;
00002;018;63735181057,0354;0;0,08726647;0;135;585,9073;581,907;584,2482;585,5298;
00002;018;63735181059,9459;1;-0,1047198;3;136;588,8179;585,9355;587,3237;588,3987;
00002;018;63735181063,5866;0;0,08726647;0;137;592,4582;588,851;590,3042;592,043;
00002;018;63735181066,5548;1;-0,08726647;2;138;595,4265;592,4872;593,8896;595,0626;
00002;018;63735181070,5889;0;-0,03490658;0;139;599,4601;595,4598;596,7153;597,8895;
00002;018;63735181073,5644;1;-0,06981317;0;140;602,4357;599,4893;600,8454;602,0834;
00002;018;63735181076,6361;0;0,06981317;0;141;605,5078;602,4631;603,8369;604,9949;
00002;018;63735181079,6978;0;0,2268928;0;142;608,5691;605,5363;607,0607;608,2075;
00002;018;63735181082,8971;1;-0,05235988;3;143;611,7686;608,9977;610,3216;611,3849;
00002;018;63735181085,8622;0;-0,05235988;0;144;614,7339;611,8004;613,1574;614,407;
00002;018;63735181088,7531;1;-0,1047198;2;145;617,6249;614,7612;616,0507;617,2521;
00002;018;63735181091,755;1;0,03490658;2;146;620,6266;617,6609;618,9667;620,2214;
00002;018;63735181095,3562;0;0,1570796;0;147;624,2277;620,6552;622,1467;623,2518;
00002;018;63735181098,5727;1;-0,2268928;1;148;627,4439;624,255;625,7526;626,9506;
00002;018;63735181101,6005;1;-0,08726647;0;149;630,4717;627,4963;628,8395;630,0979;
00002;018;63735181104,5612;1;-0,05235988;0;150;633,4324;630,4985;631,8618;633,0551;
00002;018;63735181107,4715;0;-0,03490658;0;151;636,3428;633,4606;634,8588;635,9586;
00002;018;63735181110,2267;1;-0,05235988;2;152;639,0982;636,3762;637,7258;638,7601;
00002;018;63735181112,9582;0;0,06981317;0;153;641,8299;639,1265;640,3394;641,5342;
00002;018;63735181117,2045;1;-0,08726647;1;154;646,0765;642,7921;644,1514;645,2806;
00002;018;63735181121,5613;1;-0,1570796;0;155;650,4325;647,0568;648,6155;650,1063;
00002;018;63735181124,2141;0;0,05235988;0;156;653,0857;650,4595;651,5706;652,7284;
00002;018;63735181127,2228;0;0,08726647;0;157;656,0948;653,1124;654,3992;655,5972;
00002;018;63735181130,3908;0;0,2268928;0;158;659,262;656,1276;657,2772;658,5042;
00002;018;63735181133,0993;1;0;3;159;661,9709;659,2922;660,5344;661,5231;
00002;018;63735181136,0848;1;-0,03490658;2;160;664,9567;661,9987;663,2308;664,584;
00002;018;63735181139,5562;0;0,1047198;0;161;668,4274;665,5357;667,024;668,0572;
00002;018;63735181142,7947;1;-0,1570796;3;162;671,6658;668,4571;670,0138;671,2606;
00002;018;63735181145,8044;0;-0,03490658;0;163;674,6756;671,6951;673,0085;674,2979;
00002;018;63735181149,742;0;0,2268928;0;164;678,6135;674,7029;676,1996;677,4623;
00002;018;63735181153,5609;0;0,1570796;0;165;682,4324;679,6771;680,8932;682,0306;
00002;018;63735181156,9281;1;-0,2268928;2;166;685,7993;682,4605;683,7595;684,9234;
00002;018;63735181159,8801;1;-0,2268928;0;167;688,752;685,8254;687,1419;688,2933;
00002;018;63735181163,635;0;0;0;168;692,507;689,6623;691,0097;692,1356;
00002;018;63735181166,4753;0;0,1570796;0;169;695,3472;692,5334;693,7682;694,8881;
00002;018;63735181169,5038;1;-0,1570796;2;170;698,3755;695,3731;696,6246;697,8333;
00002;018;63735181172,5027;1;-0,06981317;2;171;701,3746;698,4033;699,6796;701,0507;
00002;018;63735181175,3425;1;-0,06981317;3;172;704,2143;701,4202;702,6932;703,86;
00002;018;63735181178,1448;0;0,03490658;0;173;707,0167;704,2421;705,4641;706,6507;
00002;018;63735181181,1521;0;0,05235988;0;174;710,0235;707,0433;708,1519;709,467;
00002;018;63735181184,7356;1;0;2;175;713,6069;710,0511;711,421;712,5466;
00002;018;63735181187,8395;0;0,05235988;0;176;716,7112;713,6349;714,9122;716,3516;
00002;018;63735181191,9219;1;-0,1047198;1;177;720,7938;717,3625;718,6401;720,2477;
00002;018;63735181195,7906;0;0,1047198;0;178;724,6618;721,1098;722,5267;723,8776;
00002;018;63735181198,7138;0;0,1047198;0;179;727,5858;724,6901;726,0633;727,2015;
00002;018;63735181201,7092;0;0,03490658;0;180;730,5808;727,6144;728,9738;730,1566;
00002;018;63735181205,282;0;0,1570796;0;181;734,1539;730,6074;732,0803;733,6596;
00002;018;63735181208,4836;0;0,1570796;0;182;737,3556;734,1811;735,6274;736,7641;
00002;018;63735181211,8148;1;-0,2268928;0;183;740,6866;737,391;738,8057;740,244;
00002;018;63735181215,1602;0;0,1047198;0;184;744,0317;740,7134;742,0124;743,6263;
00002;018;63735181218,1859;1;-0,06981317;1;185;747,0578;744,0598;745,4119;746,6099;
00002;018;63735181221,2701;1;-0,1047198;2;186;750,1413;747,0851;748,5176;749,7974;
00002;018;63735181224,1985;0;0,05235988;0;187;753,0705;750,2134;751,414;752,6487;
00002;018;63735181227,7291;0;0,08726647;0;188;756,6005;753,1038;754,6332;755,7898;
00002;018;63735181230,717;1;-0,2268928;3;189;759,5883;756,6292;757,9789;759,1974;
00002;018;63735181233,7986;0;-0,03490658;0;190;762,6705;759,6171;761,0925;762,2674;
00002;018;63735181237,1102;1;-0,08726647;2;191;765,9823;762,6978;764,4061;765,5496;
00002;018;63735181240,4292;1;-0,1570796;2;192;769,3003;766,0153;767,4872;768,533;
00002;018;63735181243,9456;0;0,03490658;0;193;772,8171;769,3271;770,55;771,9043;
00002;018;63735181247,3446;0;0,03490658;0;194;776,216;772,8449;774,1858;775,6391;
00002;018;63735181254,4398;0;0,06981317;0;195;783,3115;779,1291;780,6235;781,9081;
00002;018;63735181257,6738;1;-0,08726647;0;196;786,5454;783,3391;784,8566;786,1515;
00002;018;63735181260,75;1;-0,06981317;0;197;789,6217;786,5724;787,8979;789,1581;
00002;018;63735181264,2282;0;0,06981317;0;198;793,1002;789,7297;790,9901;792,1948;
00002;018;63735181267,6258;0;0,2268928;0;199;796,4977;793,1289;794,546;795,8969;
00002;018;63735181270,7265;0;0;0;200;799,5978;796,5248;797,868;799,0829;
00002;018;63735181273,5118;1;-0,03490658;3;201;802,3832;799,6317;800,7818;801,9138;
00002;018;63735181276,583;1;-0,1047198;1;202;805,4547;802,4103;803,6328;804,9623;
00002;018;63735181282,0948;0;0,05235988;0;203;810,9662;807,7359;809,4534;810,5593;
00002;018;63735181285,3843;1;-0,1570796;1;204;814,2554;810,9941;812,3006;813,7767;
00002;018;63735181288,3624;1;-0,08726647;3;205;817,2335;814,2816;815,6614;816,7737;
00002;018;63735181291,3738;0;0,1047198;0;206;820,2457;817,2643;818,6906;819,8867;
00002;018;63735181294,1512;1;-0,08726647;1;207;823,0225;820,2733;821,4979;822,6255;
00002;018;63735181296,8914;1;-0,05235988;3;208;825,7625;823,05;824,2095;825,3115;
00002;018;63735181299,7287;1;0;3;209;828,6;825,7888;827,0284;828,2292;
00002;018;63735181302,476;0;0,03490658;0;210;831,348;828,6294;829,7762;830,9415;
00002;018;63735181305,4052;0;0,2268928;0;211;834,2769;831,3779;832,7018;833,8912;
00002;018;63735181310,7286;1;-0,1047198;3;212;839,6;834,3077;835,6944;836,7632;
00002;018;63735181314,0598;0;0,2268928;0;213;842,9312;839,6268;841,1351;842,5291;
00002;018;63735181317,0627;1;0;2;214;845,9341;842,967;844,3954;845,5272;
00002;018;63735181321,1726;0;0,08726647;0;215;850,0442;845,9623;847,5153;849,1879;
00002;018;63735181324,7479;0;0,1047198;0;216;853,619;850,0717;851,8051;853,173;
00002;018;63735181328,6467;0;0,2268928;0;217;857,5185;853,6478;855,2039;856,5169;
00002;018;63735181332,1494;1;-0,2268928;1;218;861,0209;857,5469;859,3253;860,6188;
00002;018;63735181335,2738;1;-0,2268928;2;219;864,1452;861,0486;862,3726;863,6917;
00002;018;63735181338,2513;0;0,05235988;0;220;867,1226;864,1746;865,4088;866,5437;
00002;018;63735181341,55;0;0,03490658;0;221;870,4214;867,1489;868,5979;869,8037;
00002;018;63735181344,9984;0;0,1570796;0;222;873,8703;870,4496;871,9294;873,4576;
00002;018;63735181347,9365;1;-0,06981317;3;223;876,8085;873,8981;875,0952;876,2698;
00002;018;63735181351,4442;0;0,06981317;0;224;880,3156;876,8362;878,1599;879,7047;
00002;018;63735181354,7938;0;0,06981317;0;225;883,665;880,3486;881,7192;883,1814;
00002;018;63735181357,7876;1;-0,05235988;0;226;886,6592;883,6923;885,06;886,2725;
00002;018;63735181360,6167;1;-0,1047198;0;227;889,4881;886,6915;887,8649;889,1115;
00002;018;63735181363,4291;0;0,08726647;0;228;892,3006;889,5154;890,7114;891,9566;
00002;018;63735181366,355;1;-0,05235988;2;229;895,2269;892,3281;893,5872;894,9009;
00002;018;63735181369,4824;1;-0,03490658;1;230;898,3542;895,2561;896,5043;897,8243;
00002;018;63735181372,7559;0;0,1047198;0;231;901,6278;898,3835;900,1045;901,2927;
00002;018;63735181375,929;1;-0,03490658;2;232;904,801;901,658;902,9105;904,4454;
00002;018;63735181381,1642;1;-0,1570796;0;233;910,0357;906,9693;908,4307;909,636;
00002;018;63735181383,9508;0;0;0;234;912,8223;910,1199;911,1274;912,3412;
00002;018;63735181386,8294;0;0,08726647;0;235;915,7013;912,8505;914,0593;915,3772;
00002;018;63735181389,4232;1;-0,06981317;2;236;918,2953;915,7304;916,8165;917,8978;
00002;018;63735181392,3216;0;0,05235988;0;237;921,1936;918,3247;919,5394;920,8663;
00002;018;63735181394,9165;1;-0,1570796;3;238;923,7877;921,2217;922,3481;923,4516;
00002;018;63735181397,8178;0;0,1570796;0;239;926,6898;923,8232;925,051;926,3304;
00002;018;63735181401,1259;0;-0,05235988;0;240;929,9971;927,2291;928,6168;929,6985;
