ExperimentID;participantID;date;choix;angleoffset;target_number;number_of_try;time since the beginning;time_Beginning_reach;time_Touching_Target;time_back_starting;
00002;017;63734208370,5346;0;-0,1396263;0;1;93,73661;47,47832;89,36864;91,83589;
00002;017;63734208376,344;1;0,03490658;1;2;99,54575;93,7547;95,18717;98,96213;
00002;017;63734208382,6531;0;-0,06981317;0;3;105,8546;99,95892;101,2182;104,6956;
00002;017;63734208391,2864;0;0,1047198;0;4;114,488;105,8719;107,0275;113,2305;
00002;017;63734208395,1853;0;0,08726647;0;5;118,387;115,0485;116,1101;117,8976;
00002;017;63734208399,0282;0;0,1396263;0;6;122,2294;118,6342;119,8063;121,6443;
00002;017;63734208402,9489;1;-0,08726647;1;7;126,1503;122,2476;123,5361;125,6691;
00002;017;63734208407,7317;1;-0,2268928;1;8;130,9331;126,2533;127,3884;130,3174;
00002;017;63734208411,5086;0;0,08726647;0;9;134,7104;131,1452;132,1971;134,2029;
00002;017;63734208416,1514;0;0,1745329;0;10;139,3534;135,1099;136,2727;139,0022;
00002;017;63734208420,8428;1;0,06981317;1;11;144,0447;139,6224;140,644;143,6008;
00002;017;63734208424,5175;0;0,1047198;0;12;147,7195;144,2012;145,5179;147,382;
00002;017;63734208430,5149;1;-0,08726647;1;13;153,717;147,7379;148,8455;151,1686;
00002;017;63734208434,5248;1;-0,1745329;1;14;157,7265;153,7415;154,7757;157,1949;
00002;017;63734208441,7632;0;0,08726647;0;15;164,9646;157,9847;159,0588;164,5919;
00002;017;63734208445,4927;1;-0,06981317;1;16;168,6943;164,9878;166,1819;168,224;
00002;017;63734208450,2845;1;-0,1047198;1;17;173,4865;168,7117;169,8665;173,1067;
00002;017;63734208456,1163;1;-0,03490658;1;18;179,3178;173,5035;174,6734;176,8139;
00002;017;63734208459,6458;1;-0,08726647;1;19;182,8473;179,3349;180,3714;182,3295;
00002;017;63734208463,4547;0;0,1047198;0;20;186,6566;182,8646;184,0634;186,3854;
00002;017;63734208468,1009;1;-0,1745329;1;21;191,3028;186,6746;187,6057;191,2603;
00002;017;63734208475,2947;0;-0,03490658;0;22;198,4968;191,3207;192,334;198,2092;
00002;017;63734208478,9471;0;0,1396263;0;23;202,1488;198,5427;199,6917;201,8724;
00002;017;63734208482,533;0;0,03490658;0;24;205,7343;202,1666;203,1494;205,455;
00002;017;63734208485,8754;1;-0,2268928;1;25;209,0772;205,7594;206,7969;208,8099;
00002;017;63734208489,7066;0;0,2268928;0;26;212,9084;209,1526;210,2577;212,5141;
00002;017;63734208499,2993;1;-0,06981317;1;27;222,5011;212,9278;213,8614;222,1543;
00002;017;63734208504,1799;0;0,06981317;0;28;227,3816;222,7474;223,7834;226,7456;
00002;017;63734208512,6597;1;-0,1745329;1;29;235,861;227,7289;228,772;235,5168;
00002;017;63734208517,7398;0;0,03490658;0;30;240,9413;236,0826;237,2609;240,6934;
00002;017;63734208521,1493;0;0,06981317;0;31;244,3508;240,965;241,9844;243,7992;
00002;017;63734208524,3444;1;-0,1745329;1;32;247,5456;244,3754;245,3656;247,1197;
00002;017;63734208530,2715;0;0;0;33;253,4732;247,5622;248,5457;252,8865;
00002;017;63734208533,2099;1;-0,2268928;1;34;256,4111;253,5053;254,5289;256,0408;
00002;017;63734208536,7063;1;-0,1047198;1;35;259,9079;256,7247;257,5731;259,5946;
00002;017;63734208540,7929;0;0,2268928;0;36;263,9945;259,9255;261,0371;263,6269;
00002;017;63734208549,6841;1;0;1;37;272,8854;264,0116;264,8923;272,2229;
00002;017;63734208553,0916;0;0,1745329;0;38;276,2928;272,9038;274,0585;275,9961;
00002;017;63734208555,9628;0;0,1745329;0;39;279,164;276,3175;277,2865;278,8731;
00002;017;63734208562,5556;1;-0,03490658;1;40;285,7569;279,2991;280,3207;285,4542;
00002;017;63734208565,5453;1;-0,1047198;1;41;288,7467;285,7749;286,8813;288,5162;
00002;017;63734208568,6738;0;-0,06981317;0;42;291,8754;288,7633;289,7127;291,3603;
00002;017;63734208572,3926;1;0;1;43;295,5937;291,8986;292,9257;294,7094;
00002;017;63734208576,2134;1;-0,1047198;1;44;299,4146;295,7186;296,6328;298,4849;
00002;017;63734208580,7489;1;-0,03490658;1;45;303,9501;299,4321;300,3959;302,0387;
00002;017;63734208584,2663;0;0,1396263;0;46;307,4681;303,9673;305,1061;307,0378;
00002;017;63734208587,727;1;0;1;47;310,9286;307,4866;308,5348;310,123;
00002;017;63734208590,7012;0;0,2268928;0;48;313,9029;310,9475;312,0049;313,7054;
00002;017;63734208596,9226;1;0,08726647;1;49;320,1244;313,9214;314,972;319,7134;
00002;017;63734208599,8371;1;-0,1396263;1;50;323,0384;320,1419;321,2076;322,798;
00002;017;63734208602,7508;1;-0,1396263;1;51;325,9528;323,0552;324,0663;325,6422;
00002;017;63734208606,6718;1;-0,2268928;1;52;329,8736;325,9792;326,9717;329,5818;
00002;017;63734208609,5988;0;0,1047198;0;53;332,8006;329,8907;330,9863;332,581;
00002;017;63734208615,0458;0;-0,08726647;0;54;338,2474;332,8197;333,8211;338,0605;
00002;017;63734208618,1323;0;0,1396263;0;55;341,334;338,2662;339,3613;340,9221;
00002;017;63734208621,5655;1;0,03490658;1;56;344,7675;341,3513;342,4055;343,9022;
00002;017;63734208624,2633;0;0,06981317;0;57;347,4648;344,7872;345,8268;347,1741;
00002;017;63734208627,4479;0;0,1745329;0;58;350,6497;347,4828;348,5143;350,5195;
00002;017;63734208632,943;1;-0,1396263;1;59;356,1445;350,6679;351,7275;355,8062;
00002;017;63734208635,772;0;0,2268928;0;60;358,9731;356,1626;357,2079;358,7232;
00002;017;63734208638,6962;1;0;1;61;361,8982;359,0508;359,9265;361,6443;
00002;017;63734208642,1501;1;-0,2268928;1;62;365,3517;362,0773;363,1471;365,0756;
00002;017;63734208645,4426;1;-0,1047198;1;63;368,6443;365,3695;366,4028;368,1964;
00002;017;63734208648,3982;0;-0,08726647;0;64;371,6002;368,663;369,5974;371,1891;
00002;017;63734208651,7316;1;0;1;65;374,9333;371,6197;372,8063;374,5509;
00002;017;63734208656,7225;1;-0,2268928;1;66;379,9243;374,9511;376,0682;379,6236;
00002;017;63734208660,443;0;0,2268928;0;67;383,6447;379,9427;381,1158;383,3422;
00002;017;63734208666,1526;0;0,1047198;0;68;389,3546;383,6618;384,7313;389,0625;
00002;017;63734208668,8317;0;0,2268928;0;69;392,0338;389,373;390,3857;391,7878;
00002;017;63734208682,7267;0;0,2268928;0;70;405,9283;392,0514;393,0901;394,882;
00002;017;63734208686,9148;1;-0,03490658;1;71;410,1165;406,4658;407,6708;409,7833;
00002;017;63734208689,9535;0;0,2268928;0;72;413,1555;410,136;411,2316;412,9417;
00002;017;63734208693,0685;1;-0,1745329;1;73;416,2705;413,1731;414,088;415,8608;
00002;017;63734208695,7093;0;0,08726647;0;74;418,9108;416,2885;417,2459;418,5195;
00002;017;63734208699,258;1;-0,2268928;1;75;422,4592;418,93;420,0308;421,7578;
00002;017;63734208702,5412;0;0,1396263;0;76;425,7431;422,4773;423,3862;424,9977;
00002;017;63734208706,3388;1;-0,1745329;1;77;429,5402;426,4925;427,6189;429,1076;
00002;017;63734208709,6224;1;-0,08726647;1;78;432,8242;429,558;430,6295;432,4179;
00002;017;63734208713,1866;0;0;0;79;436,3882;432,8426;433,9761;435,6282;
00002;017;63734208717,9438;1;-0,03490658;1;80;441,1456;436,4063;437,4225;440,4639;
00002;017;63734208722,9196;1;-0,1396263;1;81;446,1213;441,1641;442,1767;445,8063;
00002;017;63734208726,1553;0;0;0;82;449,357;446,1402;447,0932;449,0752;
00002;017;63734208729,5737;0;0,1745329;0;83;452,7752;449,3764;450,399;452,5719;
00002;017;63734208733,3809;1;-0,06981317;1;84;456,5825;452,7989;453,8224;455,8711;
00002;017;63734208736,4411;0;0,1396263;0;85;459,643;456,6002;457,5946;459,108;
00002;017;63734208739,3903;1;-0,1396263;1;86;462,592;459,6616;460,8054;462,2914;
00002;017;63734208743,4563;0;0,08726647;0;87;466,6577;462,6104;463,5603;466,1157;
00002;017;63734208746,2256;0;0,1396263;0;88;469,4272;466,6752;467,6828;469,1534;
00002;017;63734208749,9452;1;-0,06981317;1;89;473,1465;469,4459;470,4094;472,8625;
00002;017;63734208753,0851;1;0,06981317;1;90;476,2863;473,1639;474,1996;475,8828;
00002;017;63734208756,3667;0;0,06981317;0;91;479,5685;476,3102;477,4037;479,1888;
00002;017;63734208759,3841;1;-0,08726647;1;92;482,5852;479,5881;480,7097;482,2946;
00002;017;63734208776,6972;1;0,1745329;1;93;499,8989;482,6057;483,7138;485,3318;
00002;017;63734208786,0362;1;-0,1396263;1;94;509,2376;499,9218;501,153;508,4421;
00002;017;63734208791,9708;0;-0,03490658;0;95;515,1723;509,255;510,6697;514,7919;
00002;017;63734208795,0813;1;0,03490658;1;96;518,2831;515,1896;516,3449;517,8088;
00002;017;63734208798,2212;1;0,03490658;1;97;521,4233;518,3007;519,254;521,1143;
00002;017;63734208801,8614;1;-0,03490658;1;98;525,0635;521,4469;522,5626;524,3037;
00002;017;63734208805,0903;0;0,08726647;0;99;528,2919;525,0886;526,1309;527,8364;
00002;017;63734208808,7116;1;-0,08726647;1;100;531,9133;528,3103;529,2932;531,3056;
00002;017;63734208811,9526;0;0,1047198;0;101;535,1541;531,931;532,8306;534,6271;
00002;017;63734208815,4211;1;0,06981317;1;102;538,6227;535,1719;536,262;538,1711;
00002;017;63734208818,7335;1;-0,06981317;1;103;541,9353;538,6406;539,582;541,65;
00002;017;63734208823,9011;1;-0,1745329;1;104;547,1028;541,9543;542,9934;546,7874;
00002;017;63734208827,5292;0;0,03490658;0;105;550,731;547,1282;548,2101;550,3981;
00002;017;63734208830,4009;1;-0,1047198;1;106;553,6022;550,7486;551,748;553,3851;
00002;017;63734208833,4842;1;-0,1047198;1;107;556,6859;553,619;554,6227;556,3784;
00002;017;63734208840,6757;0;-0,1047198;0;108;563,8777;556,7032;557,6974;563,5862;
00002;017;63734208843,5819;0;0,1745329;0;109;566,7834;563,9023;564,8832;566,4917;
00002;017;63734208846,5968;0;0,1745329;0;110;569,7988;566,8016;567,7304;569,6022;
00002;017;63734208851,5782;0;0,06981317;0;111;574,7798;569,8236;570,647;574,4665;
00002;017;63734208855,0742;0;0,1047198;0;112;578,276;574,7981;575,7021;577,3817;
00002;017;63734208857,8154;1;-0,06981317;1;113;581,017;578,2943;579,2501;580,7592;
00002;017;63734208860,57;0;0,1396263;0;114;583,7719;581,0352;582,0621;583,5023;
00002;017;63734208864,6388;1;-0,1396263;1;115;587,8402;583,7966;584,8541;587,4906;
00002;017;63734208868,143;0;0,03490658;0;116;591,3451;587,8593;588,9327;590,7081;
00002;017;63734208871,0356;1;-0,1745329;1;117;594,2373;591,363;592,5052;594,0215;
00002;017;63734208874,4004;0;0,08726647;0;118;597,6023;594,255;595,311;597,2508;
00002;017;63734208877,3022;0;0,1047198;0;119;600,5038;597,6252;598,6526;600,1451;
00002;017;63734208880,388;1;-0,2268928;1;120;603,5898;600,5225;601,54;603,3781;
00002;017;63734208883,3004;1;0;1;121;606,5021;603,6083;604,6665;606,2379;
00002;017;63734208887,3554;0;0,03490658;0;122;610,5567;606,5198;608,8538;610,2423;
00002;017;63734208890,024;0;0,1047198;0;123;613,2255;610,5803;611,6269;612,8334;
00002;017;63734208892,8291;0;0,06981317;0;124;616,0305;613,2438;614,3327;615,7025;
00002;017;63734208896,357;1;0;1;125;619,559;616,0541;617,0791;619,1592;
00002;017;63734208899,4383;0;0,06981317;0;126;622,6404;619,5785;620,7143;622,33;
00002;017;63734208902,5104;1;-0,2268928;1;127;625,7123;622,6586;623,8071;625,4819;
00002;017;63734208905,216;0;0,1047198;0;128;628,418;625,7375;626,6826;628,1163;
00002;017;63734208908,6109;0;0,06981317;0;129;631,8124;628,4375;629,4326;630,9686;
00002;017;63734208911,4702;1;-0,03490658;1;130;634,6717;631,8312;632,873;634,4421;
00002;017;63734208914,1981;1;-0,1745329;1;131;637,3998;634,6913;635,7045;637,15;
00002;017;63734208916,7538;1;-0,08726647;1;132;639,9551;637,4183;638,4503;639,6628;
00002;017;63734208919,5559;0;0,03490658;0;133;642,7577;639,9787;641,0368;642,4172;
00002;017;63734208922,2834;0;0,08726647;0;134;645,4854;642,7755;643,8213;645,1475;
00002;017;63734208925,3309;1;-0,1396263;1;135;648,5329;645,5089;646,4901;648,23;
00002;017;63734208928,503;1;-0,1396263;1;136;651,705;648,5503;649,6068;651,4171;
00002;017;63734208931,1721;0;0,1745329;0;137;654,3741;651,7235;652,8672;654,0844;
00002;017;63734208933,8664;0;0,1396263;0;138;657,0682;654,3928;655,4498;656,6632;
00002;017;63734208936,97;0;0,1745329;0;139;660,1719;657,0913;658,0605;659,8024;
00002;017;63734208942,8004;1;-0,1396263;1;140;666,0017;660,1899;661,1133;665,6671;
00002;017;63734208945,5052;0;-0,06981317;0;141;668,7065;666,0195;666,923;668,5066;
00002;017;63734208948,4093;1;-0,1396263;1;142;671,6105;668,7298;669,5758;671,3414;
00002;017;63734208951,2056;0;0,08726647;0;143;674,407;671,6367;672,5361;674,2008;
00002;017;63734208955,0895;0;0,03490658;0;144;678,291;674,4271;675,3307;677,7527;
00002;017;63734208962,5364;1;-0,1047198;1;145;685,7383;678,4806;679,4676;685,2405;
00002;017;63734208966,1008;0;-0,03490658;0;146;689,3022;685,7561;686,7585;689,0344;
00002;017;63734208969,0264;1;-0,1745329;1;147;692,2281;689,3199;690,2536;692,0001;
00002;017;63734208971,9106;0;0,2268928;0;148;695,1122;692,2453;693,3121;694,8916;
00002;017;63734208974,4651;1;-0,06981317;1;149;697,6671;695,1315;696,0757;697,4046;
00002;017;63734208977,1701;1;-0,1047198;1;150;700,3719;697,6859;698,5535;700,1365;
00002;017;63734208983,8398;1;-0,08726647;1;151;707,041;700,3906;701,3157;706,8375;
00002;017;63734208987,1214;1;-0,1745329;1;152;710,3231;707,0651;708,2002;710,1159;
00002;017;63734208989,7908;0;0,1745329;0;153;712,9923;710,3405;711,2509;712,8132;
00002;017;63734208992,6622;1;-0,2268928;1;154;715,8639;713,1502;714,097;715,5798;
00002;017;63734208995,4558;0;0,1396263;0;155;718,6573;715,8823;716,8635;718,4131;
00002;017;63734208998,0022;1;-0,1745329;1;156;721,2039;718,6746;719,55;721,0057;
00002;017;63734209000,7946;0;0,2268928;0;157;723,996;721,2222;722,1761;723,7936;
00002;017;63734209003,3866;1;-0,03490658;1;158;726,5878;724,0146;724,8323;726,296;
00002;017;63734209006,1463;1;-0,08726647;1;159;729,3478;726,6116;727,4903;729,1214;
00002;017;63734209009,3834;1;-0,06981317;1;160;732,5848;729,4919;730,4818;732,3518;
00002;017;63734209012,7344;0;0,2268928;0;161;735,936;732,6082;733,7241;735,782;
00002;017;63734209017,303;0;-0,06981317;0;162;740,5043;735,9551;737,0132;739,927;
00002;017;63734209020,0746;1;-0,2268928;1;163;743,2763;740,5224;741,6177;743,0957;
00002;017;63734209023,0872;0;0,1396263;0;164;746,2886;743,3873;744,467;746,0428;
00002;017;63734209027,4786;0;0,08726647;0;165;750,6807;746,3069;747,3443;748,9692;
00002;017;63734209030,2697;0;0,06981317;0;166;753,4713;750,6987;751,8152;753,2247;
00002;017;63734209033,274;0;-0,08726647;0;167;756,4758;753,4886;754,5246;756,1731;
00002;017;63734209036,0603;0;0,03490658;0;168;759,2617;756,4954;757,4648;759,0018;
00002;017;63734209038,6158;0;0,1745329;0;169;761,817;759,28;760,2075;761,4863;
00002;017;63734209041,5518;0;0,1047198;0;170;764,7531;761,8407;762,9088;764,4056;
00002;017;63734209044,0658;1;0;1;171;767,267;764,7709;765,82;766,9639;
00002;017;63734209046,5671;0;0,1396263;0;172;769,7685;767,2913;768,3192;769,5288;
00002;017;63734209049,2348;1;-0,1047198;1;173;772,4366;769,7863;770,7964;772,17;
00002;017;63734209051,8494;1;0;1;174;775,0511;772,4556;773,4385;774,7601;
00002;017;63734209054,8223;0;0,1047198;0;175;778,0243;775,0744;776,0547;777,7654;
00002;017;63734209057,5595;1;-0,03490658;1;176;780,761;778,0428;779,1334;780,5384;
00002;017;63734209063,1336;0;0,08726647;0;177;786,3349;780,7783;781,8607;785,9543;
00002;017;63734209066,074;0;0,2268928;0;178;789,2762;786,3552;787,6544;789,0354;
00002;017;63734209068,7725;1;-0,1047198;1;179;791,9742;789,5303;790,7215;791,8159;
00002;017;63734209071,5775;1;-0,2268928;1;180;794,7791;792,1537;792,9891;794,6605;
00002;017;63734209074,402;1;-0,03490658;1;181;797,6033;794,8104;795,7534;797,2667;
00002;017;63734209076,6913;1;-0,1047198;1;182;799,8927;797,6212;798,578;799,7465;
00002;017;63734209078,8301;1;-0,06981317;1;183;802,0313;799,9117;800,862;801,8364;
00002;017;63734209081,1034;1;-0,1745329;1;184;804,305;802,0492;802,9966;804,1246;
00002;017;63734209083,5725;1;-0,1745329;1;185;806,7743;804,3239;805,2422;806,4838;
00002;017;63734209085,8389;0;0,1745329;0;186;809,0404;806,7984;807,7778;808,9058;
00002;017;63734209088,3272;1;-0,08726647;1;187;811,529;809,067;809,9221;811,3411;
00002;017;63734209091,9502;0;-0,06981317;0;188;815,1514;811,5485;812,536;814,9083;
00002;017;63734209094,5624;1;0,03490658;1;189;817,7645;815,1702;816,1423;817,5714;
00002;017;63734209097,2583;0;0;0;190;820,4604;817,7903;818,7596;820,0869;
00002;017;63734209101,1864;0;0,2268928;0;191;824,3882;820,4794;821,5385;824,0075;
00002;017;63734209105,0738;1;-0,03490658;1;192;828,275;824,4118;825,3573;827,3111;
00002;017;63734209108,9723;1;0,08726647;1;193;832,1738;828,2942;829,3432;831,1758;
00002;017;63734209111,7119;0;0,06981317;0;194;834,9133;832,1916;833,3428;834,6669;
00002;017;63734209113,7637;1;-0,2268928;1;195;836,9653;834,9326;835,8177;836,8411;
00002;017;63734209116,6112;0;-0,1047198;0;196;839,8132;836,9833;837,8458;839,1868;
00002;017;63734209119,0145;0;0,1396263;0;197;842,216;839,8398;840,8524;841,9724;
00002;017;63734209121,8168;1;-0,03490658;1;198;845,0186;842,2345;843,1281;844,4205;
00002;017;63734209124,6327;0;0,08726647;0;199;847,8344;845,0374;846,0154;847,5396;
00002;017;63734209126,9669;0;0,1047198;0;200;850,1681;847,8604;848,7751;849,8864;
00002;017;63734209129,5479;1;0,08726647;1;201;852,7493;850,1865;851,2076;852,4941;
00002;017;63734209132,4171;0;0,1047198;0;202;855,6188;852,7673;853,7067;855,2269;
00002;017;63734209134,7726;1;-0,1396263;1;203;857,9741;855,6374;856,6625;857,7509;
00002;017;63734209137,1996;0;0,03490658;0;204;860,4009;857,9918;858,8802;859,9631;
00002;017;63734209139,3418;1;-0,1396263;1;205;862,5435;860,4268;861,3253;862,2789;
00002;017;63734209141,5871;1;-0,1745329;1;206;864,7885;862,5615;863,5348;864,5542;
00002;017;63734209143,6865;1;-0,1047198;1;207;866,8882;864,8072;865,6704;866,6757;
00002;017;63734209145,8433;0;-0,06981317;0;208;869,0446;866,9064;867,9313;868,8571;
00002;017;63734209151,8962;0;0,06981317;0;209;875,0979;869,0682;869,9789;873,7576;
00002;017;63734209154,9726;0;0,2268928;0;210;878,1741;875,1158;876,3695;877,6895;
00002;017;63734209157,9281;1;0,03490658;1;211;881,1304;878,1922;879,2388;880,8745;
00002;017;63734209161,1126;0;0,1745329;0;212;884,3145;881,149;882,1259;883,9949;
00002;017;63734209163,5682;1;-0,2268928;1;213;886,7699;884,3344;885,3033;886,6572;
00002;017;63734209166,2053;1;-0,06981317;1;214;889,4071;886,7878;887,7466;889,1822;
00002;017;63734209168,7327;0;-0,08726647;0;215;891,9341;889,4309;890,3658;891,6647;
00002;017;63734209171,1755;0;0,1745329;0;216;894,3771;891,9511;892,8901;894,1085;
00002;017;63734209173,3009;1;-0,08726647;1;217;896,5027;894,3943;895,1595;896,236;
00002;017;63734209175,7545;0;0;0;218;898,9559;896,5208;897,3553;898,5874;
00002;017;63734209178,0234;0;0,1396263;0;219;901,2245;898,9747;899,9054;900,9078;
00002;017;63734209180,3567;1;0;1;220;903,5587;901,2502;902,2424;903,3929;
00002;017;63734209183,4988;0;0,03490658;0;221;906,7004;903,5854;904,6317;905,7148;
00002;017;63734209186,6386;0;0,06981317;0;222;909,8398;907,1453;908,3572;909,4807;
00002;017;63734209189,2705;0;0,1745329;0;223;912,4717;909,8577;910,9363;912,105;
00002;017;63734209191,7505;0;0,1396263;0;224;914,9518;912,4903;913,5903;914,6824;
00002;017;63734209194,1625;0;0,2268928;0;225;917,3646;914,9765;915,9122;917,1754;
00002;017;63734209196,2968;1;-0,1396263;1;226;919,4988;917,3837;918,282;919,2661;
00002;017;63734209198,5974;1;-0,2268928;1;227;921,7988;919,517;920,4631;921,6639;
00002;017;63734209201,1449;0;0,2268928;0;228;924,3464;921,8198;922,7745;924,1968;
00002;017;63734209204,025;1;0,1047198;1;229;927,2268;924,3644;925,2576;926,3243;
00002;017;63734209206,9861;0;0,06981317;0;230;930,1879;927,2453;928,184;929,9234;
00002;017;63734209209,5882;1;-0,1396263;1;231;932,7897;930,2073;931,1989;932,5031;
00002;017;63734209211,6906;1;-0,2268928;1;232;934,8922;932,8277;933,6174;934,6613;
00002;017;63734209213,9882;0;0,1396263;0;233;937,1902;934,9801;936,0312;936,9847;
00002;017;63734209216,1679;1;-0,03490658;1;234;939,3696;937,2162;937,9606;939,1243;
00002;017;63734209220,5226;1;-0,08726647;1;235;943,7245;939,388;940,2806;941,4532;
00002;017;63734209223,3821;1;0;1;236;946,5836;943,7419;944,9777;946,2476;
00002;017;63734209225,8502;0;0,08726647;0;237;949,0519;946,602;947,7015;948,6893;
00002;017;63734209228,3108;1;-0,1047198;1;238;951,5126;949,0701;949,9556;951,1288;
00002;017;63734209230,5546;1;-0,1745329;1;239;953,7563;951,5315;952,4973;953,5112;
00002;017;63734209232,9097;0;0,1047198;0;240;956,1109;953,7737;954,7545;955,8086;
