Experience 1 passage  08/08/2020 9:58 Sujet : 011
0,25;1,7404;-0,811;0
0,65;1,7402;-0,85;0
ExperimentID;participantID;date;PosRx;PosRy;PosRz;QuaternionRotw;QuaternionRotx;QuaternionRoty;QuaternionRotz;targetNumber;condition;aim_number;PosTargetx;PosTargety;PosTargetz;StartingPositionx;StartingPositiony;StartingPositionz;CalibrationCubex;CalibrationCubey;CalibrationCubez
00002;004;63732478500,5514;-0,07051329;0,7680442;-1,30725;0,975926;0,1875274;0,1064208;0,03281244;4;3;1;42,96423;-0,09042472;0,7702101;-1,313924;-0,1809277;0,76595;-1,571107;0,2192996;0,7712764;-1,607312;
00002;004;63732478524,8029;0,06331021;0,7698142;-1,449338;0,9576244;0,2359648;0,1608291;-0,03755071;6;3;2;67,21493;0,05185965;0,7728821;-1,431647;-0,1809277;0,76595;-1,571107;0,2192996;0,7712764;-1,607312;
00002;004;63732478545,3163;-0,1790829;0,7674575;-1,368588;-0,9720536;-0,2331168;0,02771625;0,0004419937;1;3;3;87,72888;-0,182355;0,7693972;-1,373284;-0,1809277;0,76595;-1,571107;0,2192996;0,7712764;-1,607312;
00002;004;63732478561,2692;-0,1697517;0,767152;-1,262282;-0,9758158;-0,214808;-0,040405;0,00290781;2;3;4;103,6813;-0,1828722;0,7688845;-1,298287;-0,1809277;0,76595;-1,571107;0,2192996;0,7712764;-1,607312;
00002;004;63732478577,4686;0,03073403;0,7692848;-1,337917;-0,9626584;-0,1960524;-0,1865594;0,006923111;5;3;5;119,8809;-0,008903265;0,7715985;-1,36024;-0,1809277;0,76595;-1,571107;0,2192996;0,7712764;-1,607312;
00002;004;63732478605,8483;-0,1740496;0,7679611;-1,42834;0,9741978;0,2103385;-0,07684349;0,0281321;0;3;6;148,2605;-0,1818378;0,76991;-1,44828;-0,1809277;0,76595;-1,571107;0,2192996;0,7712764;-1,607312;
00002;004;63732478622,3357;-0,163618;0,7673112;-1,21058;-0,9818776;-0,187554;0,003987415;-0,02690682;3;3;7;164,748;-0,1833894;0,7683718;-1,223291;-0,1809277;0,76595;-1,571107;0,2192996;0,7712764;-1,607312;
00002;004;63732478636,0391;-0,04072318;0,7683502;-1,297417;-0,9831074;-0,1523355;-0,06762815;-0,07563198;4;3;8;178,4515;-0,09042472;0,7702101;-1,313924;-0,1809277;0,76595;-1,571107;0,2192996;0,7712764;-1,607312;
00002;004;63732478663,8297;0,02969391;0,76937;-1,362336;-0,9740818;-0,1884262;-0,1217466;0,02895124;5;3;9;206,2422;-0,008903265;0,7715985;-1,36024;-0,1809277;0,76595;-1,571107;0,2192996;0,7712764;-1,607312;
00002;004;63732478711,634;-0,1753743;0,766763;-1,215818;0,9829957;0,1827814;0,01753901;0,001687482;3;3;10;254,0465;-0,1833894;0,7683718;-1,223291;-0,1809277;0,76595;-1,571107;0,2192996;0,7712764;-1,607312;
00002;004;63732478737,5695;-0,1759617;0,7677524;-1,386908;0,9752532;0,207682;-0,05998259;0,0463846;1;3;11;279,9823;-0,182355;0,7693972;-1,373284;-0,1809277;0,76595;-1,571107;0,2192996;0,7712764;-1,607312;
00002;004;63732478765,0861;-0,1807581;0,7677107;-1,446733;-0,9654705;-0,2308363;0,1192699;-0,01887042;0;3;12;307,4988;-0,1818378;0,76991;-1,44828;-0,1809277;0,76595;-1,571107;0,2192996;0,7712764;-1,607312;
00002;004;63732478781,8885;-0,1732827;0,766984;-1,315296;0,9790427;0,1993269;-0,02813183;0,03086877;2;3;13;324,3009;-0,1828722;0,7688845;-1,298287;-0,1809277;0,76595;-1,571107;0,2192996;0,7712764;-1,607312;
00002;004;63732478800,6211;0,06290378;0,7697665;-1,450701;0,9620578;0,2383065;0,1268956;-0,03940146;6;3;14;343,0336;0,05185965;0,7728821;-1,431647;-0,1809277;0,76595;-1,571107;0,2192996;0,7712764;-1,607312;
00002;004;63732478817,143;-0,1730408;0,7677662;-1,436673;0,9638473;0,1992233;-0,1703909;0,04770209;0;3;15;359,5553;-0,1818378;0,76991;-1,44828;-0,1809277;0,76595;-1,571107;0,2192996;0,7712764;-1,607312;
00002;004;63732478834,0342;-0,1758763;0,7675769;-1,362213;0,9795139;0,169194;-0,08553544;0,06789502;1;3;16;376,4463;-0,182355;0,7693972;-1,373284;-0,1809277;0,76595;-1,571107;0,2192996;0,7712764;-1,607312;
00002;004;63732478848,7091;-0,1735373;0,7667402;-1,210658;0,985297;0,1652138;0,02128197;0,03796702;3;3;17;391,1215;-0,1833894;0,7683718;-1,223291;-0,1809277;0,76595;-1,571107;0,2192996;0,7712764;-1,607312;
00002;004;63732478864,2342;0,01996907;0,7693527;-1,368306;-0,9795715;-0,1734301;-0,1015869;0,006480628;5;3;18;406,6464;-0,008903265;0,7715985;-1,36024;-0,1809277;0,76595;-1,571107;0,2192996;0,7712764;-1,607312;
00002;004;63732478878,6885;-0,1591356;0,7672166;-1,265711;-0,9854031;-0,1429316;0,03234992;-0,08663096;2;3;19;421,1012;-0,1828722;0,7688845;-1,298287;-0,1809277;0,76595;-1,571107;0,2192996;0,7712764;-1,607312;
00002;004;63732478897,4154;-0,04438611;0,7676514;-1,311683;-0,9816026;-0,1668595;-0,05660097;-0,07355716;4;3;20;439,8279;-0,09042472;0,7702101;-1,313924;-0,1809277;0,76595;-1,571107;0,2192996;0,7712764;-1,607312;
00002;004;63732478927,8095;0,05696363;0,7699527;-1,470164;0,9697822;0,1742308;0,170688;-0,005619279;6;3;21;470,2217;0,05185965;0,7728821;-1,431647;-0,1809277;0,76595;-1,571107;0,2192996;0,7712764;-1,607312;
00002;004;63732478940,0143;0,07445805;0,7707821;-1,459284;-0,9673752;-0,1981843;-0,1490142;0,05199182;6;3;22;482,4271;0,05185965;0,7728821;-1,431647;-0,1809277;0,76595;-1,571107;0,2192996;0,7712764;-1,607312;
00002;004;63732478956,865;-0,1748295;0,7686127;-1,450323;0,9606147;0,253194;-0,1143469;0,006066794;0;3;23;499,2773;-0,1818378;0,76991;-1,44828;-0,1809277;0,76595;-1,571107;0,2192996;0,7712764;-1,607312;
00002;004;63732478971,1616;-0,1807034;0,7674892;-1,368611;0,9650898;0,1938865;-0,1656759;0,0596757;1;3;24;513,5745;-0,182355;0,7693972;-1,373284;-0,1809277;0,76595;-1,571107;0,2192996;0,7712764;-1,607312;
00002;004;63732478983,9392;-0,07116842;0,7679575;-1,295422;0,9840191;0,1347957;0,03838301;0,1098331;4;3;25;526,3521;-0,09042472;0,7702101;-1,313924;-0,1809277;0,76595;-1,571107;0,2192996;0,7712764;-1,607312;
00002;004;63732479003,4974;-0,1921853;0,7674231;-1,189339;0,9881659;0,1361308;-0,06481934;0,02819651;3;3;26;545,9096;-0,1833894;0,7683718;-1,223291;-0,1809277;0,76595;-1,571107;0,2192996;0,7712764;-1,607312;
00002;004;63732479017,3259;-0,1880859;0,7686493;-1,266775;-0,9848549;-0,1237701;0,02181471;-0,1194394;2;3;27;559,7383;-0,1828722;0,7688845;-1,298287;-0,1809277;0,76595;-1,571107;0,2192996;0,7712764;-1,607312;
00002;004;63732479034,2589;0,01517452;0,7689401;-1,380482;-0,9810594;-0,1675123;-0,07523506;-0,06165892;5;3;28;576,6715;-0,008903265;0,7715985;-1,36024;-0,1809277;0,76595;-1,571107;0,2192996;0,7712764;-1,607312;
00002;004;63732479049,1269;-0,1823885;0,7663971;-1,28508;-0,9753298;-0,1997718;0,08578248;-0,03827021;2;3;29;591,5392;-0,1828722;0,7688845;-1,298287;-0,1809277;0,76595;-1,571107;0,2192996;0,7712764;-1,607312;
00002;004;63732479065,4971;0,01361868;0,7696111;-1,377142;-0,9776108;-0,172035;-0,1119934;-0,04624584;5;3;30;607,91;-0,008903265;0,7715985;-1,36024;-0,1809277;0,76595;-1,571107;0,2192996;0,7712764;-1,607312;
00002;004;63732479075,4521;-0,07015822;0,767342;-1,293822;-0,9793621;-0,1960191;0,01714038;-0,04617888;4;3;31;617,8645;-0,09042472;0,7702101;-1,313924;-0,1809277;0,76595;-1,571107;0,2192996;0,7712764;-1,607312;
00002;004;63732479086,5905;-0,1815171;0,7683281;-1,374773;-0,9750103;-0,1387007;0,1428183;-0,09859097;1;3;32;629,0026;-0,182355;0,7693972;-1,373284;-0,1809277;0,76595;-1,571107;0,2192996;0,7712764;-1,607312;
00002;004;63732479097,1553;-0,1859633;0,7679934;-1,206175;-0,9877133;-0,1227407;0,06933735;-0,06744988;3;3;33;639,5677;-0,1833894;0,7683718;-1,223291;-0,1809277;0,76595;-1,571107;0,2192996;0,7712764;-1,607312;
00002;004;63732479109,6412;0,07034366;0,770135;-1,437902;-0,9687658;-0,1999647;-0,1466418;0,001778397;6;3;34;652,0538;0,05185965;0,7728821;-1,431647;-0,1809277;0,76595;-1,571107;0,2192996;0,7712764;-1,607312;
00002;004;63732479127,2157;-0,1762257;0,7689132;-1,447178;0,9772654;0,1942859;-0,06791449;0,05092155;0;3;35;669,6279;-0,1818378;0,76991;-1,44828;-0,1809277;0,76595;-1,571107;0,2192996;0,7712764;-1,607312;
00002;004;63732479144,2322;-0,182873;0,7671921;-1,305815;-0,9790831;-0,1960158;-0,04767414;-0,02648165;2;3;36;686,6445;-0,1828722;0,7688845;-1,298287;-0,1809277;0,76595;-1,571107;0,2192996;0,7712764;-1,607312;
00002;004;63732479164,0399;0,05522168;0,7706931;-1,440366;-0,9659949;-0,1517259;-0,2024988;0,05317355;6;3;37;706,4526;0,05185965;0,7728821;-1,431647;-0,1809277;0,76595;-1,571107;0,2192996;0,7712764;-1,607312;
00002;004;63732479179,6903;-0,07755452;0,7678995;-1,315789;-0,9767436;-0,2018804;-0,06956602;0,01941516;4;3;38;722,1022;-0,09042472;0,7702101;-1,313924;-0,1809277;0,76595;-1,571107;0,2192996;0,7712764;-1,607312;
00002;004;63732479197,0195;-0,1851401;0,7684166;-1,447151;0,975348;0,2063738;-0,06893311;0,03680288;0;3;39;739,4315;-0,1818378;0,76991;-1,44828;-0,1809277;0,76595;-1,571107;0,2192996;0,7712764;-1,607312;
00002;004;63732479208,9188;-0,1797215;0,7678294;-1,363899;0,9807665;0,1659387;-0,07565513;0,06955487;1;3;40;751,3314;-0,182355;0,7693972;-1,373284;-0,1809277;0,76595;-1,571107;0,2192996;0,7712764;-1,607312;
00002;004;63732479229,5628;-0,1816424;0,7670874;-1,226625;-0,9862218;-0,1584671;0,03957619;-0,0262368;3;3;41;771,9757;-0,1833894;0,7683718;-1,223291;-0,1809277;0,76595;-1,571107;0,2192996;0,7712764;-1,607312;
00002;004;63732479245,1995;0,01165763;0,7694859;-1,364762;-0,9813963;-0,1843684;-0,05307251;-0,007281853;5;3;42;787,6119;-0,008903265;0,7715985;-1,36024;-0,1809277;0,76595;-1,571107;0,2192996;0,7712764;-1,607312;
00002;004;63732479264,2139;-0,06525953;0,7674991;-1,300175;-0,9741791;-0,2126736;-0,07574778;-0,002696026;4;3;43;806,6262;-0,09042472;0,7702101;-1,313924;-0,1809277;0,76595;-1,571107;0,2192996;0,7712764;-1,607312;
00002;004;63732479274,6298;-0,1679164;0,7674558;-1,36747;-0,9706;-0,2261271;0,07926192;-0,02279649;1;3;44;817,0424;-0,182355;0,7693972;-1,373284;-0,1809277;0,76595;-1,571107;0,2192996;0,7712764;-1,607312;
00002;004;63732479283,4799;-0,1811162;0,767098;-1,201381;-0,9869512;-0,1466183;0,01017232;-0,06577991;3;3;45;825,8925;-0,1833894;0,7683718;-1,223291;-0,1809277;0,76595;-1,571107;0,2192996;0,7712764;-1,607312;
00002;004;63732479293,6983;0,01752672;0,7690057;-1,357878;-0,975911;-0,187489;-0,1079485;-0,02815822;5;3;46;836,1107;-0,008903265;0,7715985;-1,36024;-0,1809277;0,76595;-1,571107;0,2192996;0,7712764;-1,607312;
00002;004;63732479309,1458;-0,1857433;0,7694511;-1,441263;-0,9786206;-0,1606588;0,124478;0,03155561;0;3;47;851,5579;-0,1818378;0,76991;-1,44828;-0,1809277;0,76595;-1,571107;0,2192996;0,7712764;-1,607312;
00002;004;63732479333,2805;-0,1777978;0,7678873;-1,281026;0,9845899;0,1326223;-0,04602993;0,1042843;2;3;48;875,6933;-0,1828722;0,7688845;-1,298287;-0,1809277;0,76595;-1,571107;0,2192996;0,7712764;-1,607312;
00002;004;63732479352,3185;0,05240813;0,7703767;-1,442921;0,9751624;0,1723265;0,1318487;-0,04447263;6;3;49;894,7305;0,05185965;0,7728821;-1,431647;-0,1809277;0,76595;-1,571107;0,2192996;0,7712764;-1,607312;
00002;004;63732479379,022;-0,04462775;0,7679271;-1,312187;-0,9762103;-0,2131027;-0,03956212;-0,005966503;4;3;50;921,4346;-0,09042472;0,7702101;-1,313924;-0,1809277;0,76595;-1,571107;0,2192996;0,7712764;-1,607312;
00002;004;63732479403,6648;0,0352257;0,7711964;-1,378909;-0,9837945;-0,1476407;-0,1009477;-0,01266013;5;3;51;946,0767;-0,008903265;0,7715985;-1,36024;-0,1809277;0,76595;-1,571107;0,2192996;0,7712764;-1,607312;
00002;004;63732479424,64;0,06101974;0,7775986;-1,470257;-0,7420566;-0,3622288;0,5540271;0,1058121;6;3;52;967,052;0,05185965;0,7728821;-1,431647;-0,1809277;0,76595;-1,571107;0,2192996;0,7712764;-1,607312;
00002;004;63732479453,1374;-0,1737396;0,7669911;-1,288125;0,9777758;0,1971914;-0,05786248;0,04149603;2;3;53;995,5499;-0,1828722;0,7688845;-1,298287;-0,1809277;0,76595;-1,571107;0,2192996;0,7712764;-1,607312;
00002;004;63732479474,0988;-0,1767997;0,7681786;-1,371283;-0,9772884;-0,1786253;0,1109603;-0,02623577;1;3;54;1016,511;-0,182355;0,7693972;-1,373284;-0,1809277;0,76595;-1,571107;0,2192996;0,7712764;-1,607312;
00002;004;63732479488,7097;-0,1705641;0,7678629;-1,452527;-0,9618864;-0,2478974;0,1152048;-0,007031018;0;3;55;1031,122;-0,1818378;0,76991;-1,44828;-0,1809277;0,76595;-1,571107;0,2192996;0,7712764;-1,607312;
00002;004;63732479505,3456;-0,1735977;0,766654;-1,194949;-0,9862124;-0,1611983;0,003545199;-0,03725033;3;3;56;1047,758;-0,1833894;0,7683718;-1,223291;-0,1809277;0,76595;-1,571107;0,2192996;0,7712764;-1,607312;
00002;004;63732479524,7304;-0,1835626;0,7661256;-1,200916;0,9837888;0,169283;-0,03182851;0,04989874;3;3;57;1067,143;-0,1833894;0,7683718;-1,223291;-0,1809277;0,76595;-1,571107;0,2192996;0,7712764;-1,607312;
00002;004;63732479538,5032;0,01640749;0,7686785;-1,354833;-0,9780675;-0,2004459;-0,05605511;-0,007960406;5;3;58;1080,916;-0,008903265;0,7715985;-1,36024;-0,1809277;0,76595;-1,571107;0,2192996;0,7712764;-1,607312;
00002;004;63732479552,5058;-0,1739497;0,7664545;-1,276151;-0,9838811;-0,161154;0,03001368;-0,07146053;2;3;59;1094,918;-0,1828722;0,7688845;-1,298287;-0,1809277;0,76595;-1,571107;0,2192996;0,7712764;-1,607312;
00002;004;63732479563,5784;-0,1819749;0,7686049;-1,442522;0,9743571;0,1953773;-0,1043456;0,03959639;0;3;60;1105,991;-0,1818378;0,76991;-1,44828;-0,1809277;0,76595;-1,571107;0,2192996;0,7712764;-1,607312;
00002;004;63732479578,7394;0,07897627;0,770851;-1,440646;0,9603339;0,1708319;0,2163886;-0,04184786;6;3;61;1121,152;0,05185965;0,7728821;-1,431647;-0,1809277;0,76595;-1,571107;0,2192996;0,7712764;-1,607312;
00002;004;63732479596,8156;-0,1724283;0,7677989;-1,355988;0,9777217;0,174028;-0,1000999;0,06127508;1;3;62;1139,228;-0,182355;0,7693972;-1,373284;-0,1809277;0,76595;-1,571107;0,2192996;0,7712764;-1,607312;
00002;004;63732479610,2466;-0,06171255;0,7681819;-1,295422;-0,9873592;-0,1558285;-0,009580362;-0,0273435;4;3;63;1152,659;-0,09042472;0,7702101;-1,313924;-0,1809277;0,76595;-1,571107;0,2192996;0,7712764;-1,607312;
00002;004;63732479623,46;0,02192756;0,7697575;-1,363136;-0,9823023;-0,1734064;-0,03633802;-0,06076206;5;3;64;1165,872;-0,008903265;0,7715985;-1,36024;-0,1809277;0,76595;-1,571107;0,2192996;0,7712764;-1,607312;
00002;004;63732479636,3838;0,08881251;0,7703093;-1,424052;-0,9779253;-0,1785628;-0,09647877;-0,04969183;6;3;65;1178,796;0,05185965;0,7728821;-1,431647;-0,1809277;0,76595;-1,571107;0,2192996;0,7712764;-1,607312;
00002;004;63732479646,5584;-0,1665851;0,7684413;-1,376501;-0,9725975;-0,151769;0,1661516;-0,05842734;1;3;66;1188,97;-0,182355;0,7693972;-1,373284;-0,1809277;0,76595;-1,571107;0,2192996;0,7712764;-1,607312;
00002;004;63732479665,6668;-0,05322911;0,7674024;-1,311781;-0,9805256;-0,1920628;0,01086455;-0,03953849;4;3;67;1208,079;-0,09042472;0,7702101;-1,313924;-0,1809277;0,76595;-1,571107;0,2192996;0,7712764;-1,607312;
00002;004;63732479685,3713;-0,1857131;0,7677914;-1,307012;-0,9806501;-0,1506508;0,09310713;-0,08343112;2;3;68;1227,784;-0,1828722;0,7688845;-1,298287;-0,1809277;0,76595;-1,571107;0,2192996;0,7712764;-1,607312;
00002;004;63732479706,1562;-0,1757691;0,7690575;-1,441213;-0,9724441;-0,1999666;0,1181584;-0,02011141;0;3;69;1248,568;-0,1818378;0,76991;-1,44828;-0,1809277;0,76595;-1,571107;0,2192996;0,7712764;-1,607312;
00002;004;63732479719,9639;-0,1723784;0,7671484;-1,192957;-0,9889844;-0,1277905;0,02299562;-0,07106812;3;3;70;1262,376;-0,1833894;0,7683718;-1,223291;-0,1809277;0,76595;-1,571107;0,2192996;0,7712764;-1,607312;
00002;004;63732479733,5276;0,006040582;0,7693564;-1,363533;0,9800296;0,1609312;0,1028435;0,05537565;5;3;71;1275,94;-0,008903265;0,7715985;-1,36024;-0,1809277;0,76595;-1,571107;0,2192996;0,7712764;-1,607312;
00002;004;63732479749,5428;-0,1688534;0,7676221;-1,351191;0,9819952;0,1715395;-0,04334899;0,06618451;1;3;72;1291,955;-0,182355;0,7693972;-1,373284;-0,1809277;0,76595;-1,571107;0,2192996;0,7712764;-1,607312;
00002;004;63732479761,4628;0,072791;0,7704779;-1,434921;0,9696262;0,1791074;0,1646857;0,0249838;6;3;73;1303,875;0,05185965;0,7728821;-1,431647;-0,1809277;0,76595;-1,571107;0,2192996;0,7712764;-1,607312;
00002;004;63732479773,837;-0,1720617;0,7688197;-1,435521;0,974003;0,1783413;-0,1217923;0,06840492;0;3;74;1316,25;-0,1818378;0,76991;-1,44828;-0,1809277;0,76595;-1,571107;0,2192996;0,7712764;-1,607312;
00002;004;63732479787,9413;-0,05171107;0,7682069;-1,317374;0,985076;0,1597626;0,04598205;0,04457511;4;3;75;1330,354;-0,09042472;0,7702101;-1,313924;-0,1809277;0,76595;-1,571107;0,2192996;0,7712764;-1,607312;
00002;004;63732479800,9168;-0,1614507;0,7669638;-1,221932;0,9822637;0,1758538;-0,02079682;0,06165097;3;3;76;1343,329;-0,1833894;0,7683718;-1,223291;-0,1809277;0,76595;-1,571107;0,2192996;0,7712764;-1,607312;
00002;004;63732479811,5591;-0,183246;0,7676338;-1,268038;0,9850876;0,1461988;-0,0396345;0,08159341;2;3;77;1353,971;-0,1828722;0,7688845;-1,298287;-0,1809277;0,76595;-1,571107;0,2192996;0,7712764;-1,607312;
00002;004;63732479823,6765;0,0306113;0,7701777;-1,34831;0,9734607;0,1329736;0,1849658;0,02190993;5;3;78;1366,089;-0,008903265;0,7715985;-1,36024;-0,1809277;0,76595;-1,571107;0,2192996;0,7712764;-1,607312;
00002;004;63732479840,2919;-0,1807414;0,7697491;-1,447595;-0,9836607;-0,1631908;0,07573343;-0,006700834;0;3;79;1382,704;-0,1818378;0,76991;-1,44828;-0,1809277;0,76595;-1,571107;0,2192996;0,7712764;-1,607312;
00002;004;63732479851,0186;-0,1786254;0,7679277;-1,372458;-0,9807934;-0,1744811;0,05813339;-0,06497079;1;3;80;1393,431;-0,182355;0,7693972;-1,373284;-0,1809277;0,76595;-1,571107;0,2192996;0,7712764;-1,607312;
00002;004;63732479863,1848;0,08699857;0,7702336;-1,426439;-0,9497496;-0,145504;-0,2696241;0,06408764;6;3;81;1405,597;0,05185965;0,7728821;-1,431647;-0,1809277;0,76595;-1,571107;0,2192996;0,7712764;-1,607312;
00002;004;63732479873,9616;-0,04620245;0,7688497;-1,291865;-0,9859865;-0,1599894;-0,04594168;-0,0111066;4;3;82;1416,374;-0,09042472;0,7702101;-1,313924;-0,1809277;0,76595;-1,571107;0,2192996;0,7712764;-1,607312;
00002;004;63732479886,9029;-0,1519588;0,7670966;-1,304135;-0,9794605;-0,1945007;0,0493167;-0,01986141;2;3;83;1429,315;-0,1828722;0,7688845;-1,298287;-0,1809277;0,76595;-1,571107;0,2192996;0,7712764;-1,607312;
00002;004;63732479901,093;-0,1745863;0,7669534;-1,226826;0,9785314;0,194746;-0,06510156;0,01766837;3;3;84;1443,505;-0,1833894;0,7683718;-1,223291;-0,1809277;0,76595;-1,571107;0,2192996;0,7712764;-1,607312;
00002;004;63732479910,4602;-0,1500005;0,7668454;-1,29263;0,9668796;0,2230077;-0,119331;0,03422826;2;3;85;1452,873;-0,1828722;0,7688845;-1,298287;-0,1809277;0,76595;-1,571107;0,2192996;0,7712764;-1,607312;
00002;004;63732479920,9529;-0,1744528;0,7674176;-1,18993;0,9850961;0,1543452;0,007494916;0,07554614;3;3;86;1463,365;-0,1833894;0,7683718;-1,223291;-0,1809277;0,76595;-1,571107;0,2192996;0,7712764;-1,607312;
00002;004;63732479943,9484;0,01731737;0,7689291;-1,383343;-0,9617328;-0,1783258;-0,2069271;-0,02124177;5;3;87;1486,361;-0,008903265;0,7715985;-1,36024;-0,1809277;0,76595;-1,571107;0,2192996;0,7712764;-1,607312;
00002;004;63732479953,6147;0,07927492;0,7702665;-1,444932;0,9734709;0,1817912;0,1364482;0,02623654;6;3;88;1496,027;0,05185965;0,7728821;-1,431647;-0,1809277;0,76595;-1,571107;0,2192996;0,7712764;-1,607312;
00002;004;63732479967,2574;-0,05157164;0,7685145;-1,325787;0,986218;0,1502298;0,01484055;0,06771198;4;3;89;1509,67;-0,09042472;0,7702101;-1,313924;-0,1809277;0,76595;-1,571107;0,2192996;0,7712764;-1,607312;
00002;004;63732479987,8137;-0,1600352;0,7683756;-1,387739;-0,977127;-0,2094104;0,03700807;0,0008451297;1;3;90;1530,226;-0,182355;0,7693972;-1,373284;-0,1809277;0,76595;-1,571107;0,2192996;0,7712764;-1,607312;
00002;004;63732479996,9513;-0,1678852;0,768027;-1,439746;-0,9664206;-0,2397359;0,09242778;-0,003877189;0;3;91;1539,364;-0,1818378;0,76991;-1,44828;-0,1809277;0,76595;-1,571107;0,2192996;0,7712764;-1,607312;
00002;004;63732480011,4189;-0,1622332;0,7683198;-1,449631;-0,9653808;-0,2281805;0,1239096;-0,02490311;0;3;92;1553,831;-0,1818378;0,76991;-1,44828;-0,1809277;0,76595;-1,571107;0,2192996;0,7712764;-1,607312;
00002;004;63732480023,9803;-0,1560816;0,7678369;-1,302554;-0,9862846;-0,1533221;-0,03570045;-0,04960555;2;3;93;1566,393;-0,1828722;0,7688845;-1,298287;-0,1809277;0,76595;-1,571107;0,2192996;0,7712764;-1,607312;
00002;004;63732480037,2277;-0,1756206;0,7680073;-1,230693;-0,9867623;-0,1349145;-0,08943287;0,009995956;3;3;94;1579,64;-0,1833894;0,7683718;-1,223291;-0,1809277;0,76595;-1,571107;0,2192996;0,7712764;-1,607312;
00002;004;63732480058,1794;-0,09442212;0,7679735;-1,302039;-0,9802947;-0,1951095;0,02967934;-0,008590323;4;3;95;1600,592;-0,09042472;0,7702101;-1,313924;-0,1809277;0,76595;-1,571107;0,2192996;0,7712764;-1,607312;
00002;004;63732480069,3305;0,01475061;0,7698521;-1,369495;-0,9834523;-0,1586263;-0,08751024;-0,001222169;5;3;96;1611,743;-0,008903265;0,7715985;-1,36024;-0,1809277;0,76595;-1,571107;0,2192996;0,7712764;-1,607312;
00002;004;63732480083,5167;0,05473319;0,7704142;-1,439194;-0,9791034;-0,1696639;-0,1121152;-0,0009582488;6;3;97;1625,929;0,05185965;0,7728821;-1,431647;-0,1809277;0,76595;-1,571107;0,2192996;0,7712764;-1,607312;
00002;004;63732480101,069;-0,1600048;0,7681254;-1,365033;0,9827186;0,1756255;-0,05463901;0,02084456;1;3;98;1643,481;-0,182355;0,7693972;-1,373284;-0,1809277;0,76595;-1,571107;0,2192996;0,7712764;-1,607312;
00002;004;63732480112,1884;0,005466167;0,7692925;-1,359747;-0,9852636;-0,1619972;-0,03283918;-0,043981;5;3;99;1654,601;-0,008903265;0,7715985;-1,36024;-0,1809277;0,76595;-1,571107;0,2192996;0,7712764;-1,607312;
00002;004;63732480122,601;0,0610136;0,7705871;-1,432145;-0,9781503;-0,170226;-0,1165275;-0,02581714;6;3;100;1665,013;0,05185965;0,7728821;-1,431647;-0,1809277;0,76595;-1,571107;0,2192996;0,7712764;-1,607312;
00002;004;63732480137,7786;-0,1751388;0,7679459;-1,214471;0,9830347;0,1820434;0,01680294;-0,01485634;3;3;101;1680,191;-0,1833894;0,7683718;-1,223291;-0,1809277;0,76595;-1,571107;0,2192996;0,7712764;-1,607312;
00002;004;63732480154,8804;-0,1693196;0,7674752;-1,336088;0,9761449;0,2077709;0,06302271;-0,0007849197;1;3;102;1697,293;-0,182355;0,7693972;-1,373284;-0,1809277;0,76595;-1,571107;0,2192996;0,7712764;-1,607312;
00002;004;63732480166,8752;-0,06458174;0,7675629;-1,29095;0,9784085;0,2008554;0,04633081;0,01508151;4;3;103;1709,287;-0,09042472;0,7702101;-1,313924;-0,1809277;0,76595;-1,571107;0,2192996;0,7712764;-1,607312;
00002;004;63732480184,7806;-0,1663086;0,7676383;-1,274385;-0,9875539;-0,1502225;0,01790929;-0,04300827;2;3;104;1727,193;-0,1828722;0,7688845;-1,298287;-0,1809277;0,76595;-1,571107;0,2192996;0,7712764;-1,607312;
00002;004;63732480204,049;-0,1820679;0,7683025;-1,441562;0,9713843;0,2373897;-0,007505289;-0,00154892;0;3;105;1746,461;-0,1818378;0,76991;-1,44828;-0,1809277;0,76595;-1,571107;0,2192996;0,7712764;-1,607312;
00002;004;63732480215,3068;0,07641595;0,7710456;-1,446321;0,9645901;0,199218;0,1710225;-0,02508827;6;3;106;1757,719;0,05185965;0,7728821;-1,431647;-0,1809277;0,76595;-1,571107;0,2192996;0,7712764;-1,607312;
00002;004;63732480226,8231;-0,06153956;0,7679406;-1,306169;-0,9824225;-0,1819031;0,001407675;-0,04189862;4;3;107;1769,235;-0,09042472;0,7702101;-1,313924;-0,1809277;0,76595;-1,571107;0,2192996;0,7712764;-1,607312;
00002;004;63732480238,5351;-0,1863766;0,7671773;-1,208546;-0,9755749;-0,2044271;0,07197759;-0,03581159;3;3;108;1780,948;-0,1833894;0,7683718;-1,223291;-0,1809277;0,76595;-1,571107;0,2192996;0,7712764;-1,607312;
00002;004;63732480248,4796;-0,1721337;0,7677924;-1,268243;0,986637;0,1452298;0,04497509;0,05859284;2;3;109;1790,892;-0,1828722;0,7688845;-1,298287;-0,1809277;0,76595;-1,571107;0,2192996;0,7712764;-1,607312;
00002;004;63732480261,7963;0,01591412;0,7691708;-1,361756;-0,9758166;-0,1936394;-0,09609769;-0,03241982;5;3;110;1804,209;-0,008903265;0,7715985;-1,36024;-0,1809277;0,76595;-1,571107;0,2192996;0,7712764;-1,607312;
00002;004;63732480276,4666;-0,1621384;0,7682568;-1,424648;-0,9764992;-0,1976787;0,07594357;-0,0400638;0;3;111;1818,879;-0,1818378;0,76991;-1,44828;-0,1809277;0,76595;-1,571107;0,2192996;0,7712764;-1,607312;
00002;004;63732480292,8244;-0,1642415;0,7676721;-1,347097;0,9827145;0,1714982;-0,01304593;0,06848511;1;3;112;1835,236;-0,182355;0,7693972;-1,373284;-0,1809277;0,76595;-1,571107;0,2192996;0,7712764;-1,607312;
00002;004;63732480306,9719;-0,17246;0,7670622;-1,273014;0,9785751;0,2056909;-0,0002436499;0,009068558;2;3;113;1849,384;-0,1828722;0,7688845;-1,298287;-0,1809277;0,76595;-1,571107;0,2192996;0,7712764;-1,607312;
00002;004;63732480320,6914;-0,1707352;0,7680591;-1,350867;0,9780677;0,1698212;0,1153936;0,03505345;1;3;114;1863,104;-0,182355;0,7693972;-1,373284;-0,1809277;0,76595;-1,571107;0,2192996;0,7712764;-1,607312;
00002;004;63732480337,1912;-0,05311555;0,7681583;-1,30114;0,9818214;0,1735443;0,06022333;0,04777426;4;3;115;1879,604;-0,09042472;0,7702101;-1,313924;-0,1809277;0,76595;-1,571107;0,2192996;0,7712764;-1,607312;
00002;004;63732480347,7009;-0,1701476;0,7685574;-1,429919;-0,9778763;-0,1956104;-0,07405938;-0,003134019;0;3;116;1890,113;-0,1818378;0,76991;-1,44828;-0,1809277;0,76595;-1,571107;0,2192996;0,7712764;-1,607312;
00002;004;63732480361,4674;-0,1633447;0,7673036;-1,206246;-0,9839211;-0,1650196;-0,06830157;-0,001678192;3;3;117;1903,88;-0,1833894;0,7683718;-1,223291;-0,1809277;0,76595;-1,571107;0,2192996;0,7712764;-1,607312;
00002;004;63732480373,0586;0,02046379;0,7689102;-1,349945;-0,9757995;-0,1856088;-0,1143715;0,01684902;5;3;118;1915,471;-0,008903265;0,7715985;-1,36024;-0,1809277;0,76595;-1,571107;0,2192996;0,7712764;-1,607312;
00002;004;63732480386,0142;0,0571697;0,7705712;-1,444519;0,967975;0,1898623;0,1631446;-0,01899092;6;3;119;1928,427;0,05185965;0,7728821;-1,431647;-0,1809277;0,76595;-1,571107;0,2192996;0,7712764;-1,607312;
00002;004;63732480408,9679;-0,06490622;0,7679453;-1,295249;0,9760109;0,186255;0,1099672;-0,02488295;4;3;120;1951,38;-0,09042472;0,7702101;-1,313924;-0,1809277;0,76595;-1,571107;0,2192996;0,7712764;-1,607312;
00002;004;63732480423,4091;-0,183406;0,7691775;-1,456794;0,974084;0,2205632;0,04998762;0,003702872;0;3;121;1965,821;-0,1818378;0,76991;-1,44828;-0,1809277;0,76595;-1,571107;0,2192996;0,7712764;-1,607312;
00002;004;63732480439,1615;0,01022736;0,7681798;-1,347319;0,9405233;0,1969737;0,2750529;-0,03103727;5;3;122;1981,574;-0,008903265;0,7715985;-1,36024;-0,1809277;0,76595;-1,571107;0,2192996;0,7712764;-1,607312;
00002;004;63732480452,3677;-0,1785464;0,7672562;-1,237976;-0,9793873;-0,1731314;-0,1040137;0,002720054;3;3;123;1994,78;-0,1833894;0,7683718;-1,223291;-0,1809277;0,76595;-1,571107;0,2192996;0,7712764;-1,607312;
00002;004;63732480462,3076;-0,1757959;0,7678552;-1,282782;-0,985768;-0,1515636;-0,06594345;-0,03068423;2;3;124;2004,72;-0,1828722;0,7688845;-1,298287;-0,1809277;0,76595;-1,571107;0,2192996;0,7712764;-1,607312;
00002;004;63732480476,3197;-0,1850567;0,7687072;-1,372829;-0,9871185;-0,1535499;-0,04110751;-0,01816096;1;3;125;2018,732;-0,182355;0,7693972;-1,373284;-0,1809277;0,76595;-1,571107;0,2192996;0,7712764;-1,607312;
00002;004;63732480487,4921;0,06336259;0,7711519;-1,416484;-0,9805063;-0,1461471;-0,1312193;0,005469454;6;3;126;2029,905;0,05185965;0,7728821;-1,431647;-0,1809277;0,76595;-1,571107;0,2192996;0,7712764;-1,607312;
00002;004;63732480498,9621;0,0155552;0,769201;-1,352118;0,9796396;0,1749838;0,09620669;0,02076961;5;3;127;2041,374;-0,008903265;0,7715985;-1,36024;-0,1809277;0,76595;-1,571107;0,2192996;0,7712764;-1,607312;
00002;004;63732480508,3543;-0,1613336;0,7685775;-1,366503;-0,9873545;-0,1475276;0,009705959;-0,05720635;1;3;128;2050,767;-0,182355;0,7693972;-1,373284;-0,1809277;0,76595;-1,571107;0,2192996;0,7712764;-1,607312;
00002;004;63732480521,7025;-0,07383069;0,7679421;-1,303563;-0,9799818;-0,1929236;-0,04779232;-0,01150052;4;3;129;2064,115;-0,09042472;0,7702101;-1,313924;-0,1809277;0,76595;-1,571107;0,2192996;0,7712764;-1,607312;
00002;004;63732480531,4265;-0,1760049;0,769416;-1,440429;-0,9809355;-0,1844644;0,05282854;-0,0307825;0;3;130;2073,839;-0,1818378;0,76991;-1,44828;-0,1809277;0,76595;-1,571107;0,2192996;0,7712764;-1,607312;
00002;004;63732480546,432;-0,1724663;0,7682045;-1,274921;-0,9894552;-0,1433679;0,01997172;0,005028421;2;3;131;2088,845;-0,1828722;0,7688845;-1,298287;-0,1809277;0,76595;-1,571107;0,2192996;0,7712764;-1,607312;
00002;004;63732480558,6978;-0,1745194;0,7667812;-1,219229;-0,9816537;-0,1792693;-0,06477697;-0,004754395;3;3;132;2101,11;-0,1833894;0,7683718;-1,223291;-0,1809277;0,76595;-1,571107;0,2192996;0,7712764;-1,607312;
00002;004;63732480570,5788;0,05825054;0,769682;-1,442265;0,9611817;0,1861193;0,1954092;-0,05748509;6;3;133;2112,991;0,05185965;0,7728821;-1,431647;-0,1809277;0,76595;-1,571107;0,2192996;0,7712764;-1,607312;
00002;004;63732480581,0458;-0,1760058;0,7699454;-1,458441;0,9792476;0,1703113;-0,1095872;0,007683033;0;3;134;2123,458;-0,1818378;0,76991;-1,44828;-0,1809277;0,76595;-1,571107;0,2192996;0,7712764;-1,607312;
00002;004;63732480593,7103;0,08551926;0,7700864;-1,447581;-0,9260213;-0,1697093;-0,3234606;0,09516659;6;3;135;2136,123;0,05185965;0,7728821;-1,431647;-0,1809277;0,76595;-1,571107;0,2192996;0,7712764;-1,607312;
00002;004;63732480607,9504;0,02502156;0,7689375;-1,348611;-0,9697779;-0,2156691;-0,1087802;0,03441821;5;3;136;2150,363;-0,008903265;0,7715985;-1,36024;-0,1809277;0,76595;-1,571107;0,2192996;0,7712764;-1,607312;
00002;004;63732480619,5049;-0,07585187;0,767814;-1,294769;-0,9821672;-0,1856816;-0,02384421;-0,01736643;4;3;137;2161,917;-0,09042472;0,7702101;-1,313924;-0,1809277;0,76595;-1,571107;0,2192996;0,7712764;-1,607312;
00002;004;63732480635,1189;-0,1772229;0,7685693;-1,366607;-0,9841773;-0,1519615;0,06579453;-0,06303863;1;3;138;2177,531;-0,182355;0,7693972;-1,373284;-0,1809277;0,76595;-1,571107;0,2192996;0,7712764;-1,607312;
00002;004;63732480650,2976;-0,1902214;0,7661795;-1,192765;-0,9836362;-0,1737565;0,03712465;-0,0298385;3;3;139;2192,71;-0,1833894;0,7683718;-1,223291;-0,1809277;0,76595;-1,571107;0,2192996;0,7712764;-1,607312;
00002;004;63732480662,0102;-0,1886991;0,7669796;-1,27477;0,9671702;0,2062573;0,147626;-0,01569641;2;3;140;2204,422;-0,1828722;0,7688845;-1,298287;-0,1809277;0,76595;-1,571107;0,2192996;0,7712764;-1,607312;
