Experience 1 passage  08/08/2020 15:15 Sujet : 015
0,25;1,7404;-0,811;0
0,65;1,7402;-0,85;0
ExperimentID;participantID;date;PosRx;PosRy;PosRz;QuaternionRotw;QuaternionRotx;QuaternionRoty;QuaternionRotz;targetNumber;condition;aim_number;PosTargetx;PosTargety;PosTargetz;StartingPositionx;StartingPositiony;StartingPositionz;CalibrationCubex;CalibrationCubey;CalibrationCubez
00002;004;63732497511,2717;-0,1424988;0,769389;-1,256168;0,9842098;0,1171795;-0,1038486;0,08255689;2;1;1;9,994956;-0,150676;0,7702373;-1,301147;-0,1561978;0,7655885;-1,573894;0,2428866;0,7707673;-1,621073;
00002;004;63732497514,158;-0,02095976;0,7681758;-1,281541;0,979234;0,1852901;0,009825733;0,08168132;4;1;2;12,88076;-0,05869158;0,7714832;-1,319316;-0,1561978;0,7655885;-1,573894;0,2428866;0,7707673;-1,621073;
00002;004;63732497516,8741;0,04726388;0,769437;-1,335192;0,9774657;0,1833275;0,09158667;0,05063343;5;1;3;15,59702;0,02153119;0,7725967;-1,367854;-0,1561978;0,7655885;-1,573894;0,2428866;0,7707673;-1,621073;
00002;004;63732497519,3599;-0,1430741;0,7681398;-1,337405;0,9669068;0,1476265;-0,1755227;0,1117566;1;1;4;18,08321;-0,1522117;0,7702788;-1,376131;-0,1561978;0,7655885;-1,573894;0,2428866;0,7707673;-1,621073;
00002;004;63732497521,6815;-0,1490412;0,7692235;-1,412983;0,964836;0,1474492;-0,1836571;0,1167065;0;1;5;20,40485;-0,1537475;0,7703202;-1,451115;-0,1561978;0,7655885;-1,573894;0,2428866;0,7707673;-1,621073;
00002;004;63732497523,94;-0,1489741;0,7680022;-1,175309;0,9766745;0,1694532;-0,1030421;0,08231007;3;1;6;22,66336;-0,1491402;0,7701959;-1,226162;-0,1561978;0,7655885;-1,573894;0,2428866;0,7707673;-1,621073;
00002;004;63732497526,3353;0,1149011;0,7721105;-1,425323;0,966821;0,1617102;0,164708;0,1094456;6;1;7;25,05828;0,08031653;0,7734436;-1,440904;-0,1561978;0,7655885;-1,573894;0,2428866;0,7707673;-1,621073;
00002;004;63732497528,4669;-0,1561504;0,768459;-1,40847;0,9541795;0,1804783;-0,2299846;0,06384371;0;1;8;27,19004;-0,1537475;0,7703202;-1,451115;-0,1561978;0,7655885;-1,573894;0,2428866;0,7707673;-1,621073;
00002;004;63732497530,8128;-0,1531016;0,7688351;-1,305027;0,9745973;0,1240123;-0,1324936;0,1312496;1;1;9;29,5359;-0,1522117;0,7702788;-1,376131;-0,1561978;0,7655885;-1,573894;0,2428866;0,7707673;-1,621073;
00002;004;63732497532,9682;-0,1595875;0,7678831;-1,175411;0,974279;0,1647254;-0,1242256;0,09063073;3;1;10;31,69121;-0,1491402;0,7701959;-1,226162;-0,1561978;0,7655885;-1,573894;0,2428866;0,7707673;-1,621073;
00002;004;63732497535,1805;-0,04460623;0,7675976;-1,267313;0,9796034;0,1844666;-0,006886498;0,07938488;4;1;11;33,90339;-0,05869158;0,7714832;-1,319316;-0,1561978;0,7655885;-1,573894;0,2428866;0,7707673;-1,621073;
00002;004;63732497537,235;0,04645929;0,7695387;-1,332642;0,9783257;0,1765109;0,06957364;0,08295865;5;1;12;35,95856;0,02153119;0,7725967;-1,367854;-0,1561978;0,7655885;-1,573894;0,2428866;0,7707673;-1,621073;
00002;004;63732497539,2976;-0,1530019;0,7677132;-1,234555;0,9677229;0,1678999;-0,1631053;0,09337437;2;1;13;38,02076;-0,150676;0,7702373;-1,301147;-0,1561978;0,7655885;-1,573894;0,2428866;0,7707673;-1,621073;
00002;004;63732497541,4113;0,1037383;0,7718921;-1,425691;0,9675407;0,1606568;0,162985;0,1071924;6;1;14;40,13451;0,08031653;0,7734436;-1,440904;-0,1561978;0,7655885;-1,573894;0,2428866;0,7707673;-1,621073;
00002;004;63732497543,4902;-0,1594056;0,7682839;-1,162824;0,9769669;0,1645121;-0,09484148;0,09734735;3;1;15;42,21341;-0,1491402;0,7701959;-1,226162;-0,1561978;0,7655885;-1,573894;0,2428866;0,7707673;-1,621073;
00002;004;63732497545,6413;-0,1599343;0,7695106;-1,40928;0,9628108;0,1540136;-0,1995246;0,0972895;0;1;16;44,36429;-0,1537475;0,7703202;-1,451115;-0,1561978;0,7655885;-1,573894;0,2428866;0,7707673;-1,621073;
00002;004;63732497547,6776;0,09906164;0,7707952;-1,416097;0,9726868;0,1997123;0,1063877;0,05174107;6;1;17;46,40035;0,08031653;0,7734436;-1,440904;-0,1561978;0,7655885;-1,573894;0,2428866;0,7707673;-1,621073;
00002;004;63732497549,6329;-0,1638789;0,7687681;-1,331027;0,9608797;0,1831076;-0,2044036;0,03742898;1;1;18;48,35584;-0,1522117;0,7702788;-1,376131;-0,1561978;0,7655885;-1,573894;0,2428866;0,7707673;-1,621073;
00002;004;63732497552,0653;-0,0565118;0,7685388;-1,258487;0,9810367;0,1615165;-0,04077573;0,09907994;4;1;19;50,78853;-0,05869158;0,7714832;-1,319316;-0,1561978;0,7655885;-1,573894;0,2428866;0,7707673;-1,621073;
00002;004;63732497554,2573;0,03952865;0,7701617;-1,328211;-0,9763106;-0,1712613;-0,09603976;-0,09090472;5;1;20;52,98074;0,02153119;0,7725967;-1,367854;-0,1561978;0,7655885;-1,573894;0,2428866;0,7707673;-1,621073;
00002;004;63732497556,3926;-0,1611045;0,768478;-1,243431;0,9739131;0,1496863;-0,128681;0,1119309;2;1;21;55,11562;-0,150676;0,7702373;-1,301147;-0,1561978;0,7655885;-1,573894;0,2428866;0,7707673;-1,621073;
00002;004;63732497558,6241;0,1056819;0,7717258;-1,420847;0,9722079;0,1676683;0,1330567;0,0948426;6;1;22;57,34691;0,08031653;0,7734436;-1,440904;-0,1561978;0,7655885;-1,573894;0,2428866;0,7707673;-1,621073;
00002;004;63732497560,8815;0,03581384;0,7695446;-1,317516;0,9809954;0,1749053;0,007179911;0,08369418;5;1;23;59,60479;0,02153119;0,7725967;-1,367854;-0,1561978;0,7655885;-1,573894;0,2428866;0,7707673;-1,621073;
00002;004;63732497562,7137;-0,1539718;0,7697181;-1,407586;0,9638429;0,1448783;-0,1993756;0,1013239;0;1;24;61,43712;-0,1537475;0,7703202;-1,451115;-0,1561978;0,7655885;-1,573894;0,2428866;0,7707673;-1,621073;
00002;004;63732497564,898;-0,1551382;0,7689334;-1,318521;0,965692;0,1672287;-0,1683354;0,1055312;1;1;25;63,6214;-0,1522117;0,7702788;-1,376131;-0,1561978;0,7655885;-1,573894;0,2428866;0,7707673;-1,621073;
00002;004;63732497567,3511;-0,1621557;0,7680941;-1,161717;0,9756163;0,1741015;-0,113996;0,06975982;3;1;26;66,07447;-0,1491402;0,7701959;-1,226162;-0,1561978;0,7655885;-1,573894;0,2428866;0,7707673;-1,621073;
00002;004;63732497569,8289;-0,05506678;0,7680681;-1,274434;0,9754873;0,1850831;-0,08430336;0,08403447;4;1;27;68,55174;-0,05869158;0,7714832;-1,319316;-0,1561978;0,7655885;-1,573894;0,2428866;0,7707673;-1,621073;
00002;004;63732497572,0928;-0,1518828;0,768335;-1,247724;0,9761417;0,1854988;-0,08244372;0,07707547;2;1;28;70,81603;-0,150676;0,7702373;-1,301147;-0,1561978;0,7655885;-1,573894;0,2428866;0,7707673;-1,621073;
00002;004;63732497574,4198;0,03193555;0,7690655;-1,319224;0,9748033;0,2133337;-0,03335685;0,05598821;5;1;29;73,1433;0,02153119;0,7725967;-1,367854;-0,1561978;0,7655885;-1,573894;0,2428866;0,7707673;-1,621073;
00002;004;63732497576,608;-0,169863;0,7686992;-1,176633;0,9743547;0,1607181;-0,1128804;0,109821;3;1;30;75,3312;-0,1491402;0,7701959;-1,226162;-0,1561978;0,7655885;-1,573894;0,2428866;0,7707673;-1,621073;
00002;004;63732497578,9095;0,1008302;0,7712912;-1,425586;0,9664914;0,2125188;0,1375363;0,04258974;6;1;31;77,63297;0,08031653;0,7734436;-1,440904;-0,1561978;0,7655885;-1,573894;0,2428866;0,7707673;-1,621073;
00002;004;63732497581,1658;-0,164004;0,7687647;-1,328788;0,9658663;0,1594927;-0,1796058;0,09698543;1;1;32;79,8886;-0,1522117;0,7702788;-1,376131;-0,1561978;0,7655885;-1,573894;0,2428866;0,7707673;-1,621073;
00002;004;63732497583,4647;-0,05382422;0,7689098;-1,248533;0,9845344;0,1512314;-0,03674662;0,0804413;4;1;33;82,18754;-0,05869158;0,7714832;-1,319316;-0,1561978;0,7655885;-1,573894;0,2428866;0,7707673;-1,621073;
00002;004;63732497585,8567;-0,1825576;0,7684677;-1,224109;0,9733723;0,1432354;-0,1489971;0,09914504;2;1;34;84,5797;-0,150676;0,7702373;-1,301147;-0,1561978;0,7655885;-1,573894;0,2428866;0,7707673;-1,621073;
00002;004;63732497588,5145;-0,1606097;0,7698732;-1,414945;-0,966535;-0,1442304;0,1950818;-0,08337234;0;1;35;87,23798;-0,1537475;0,7703202;-1,451115;-0,1561978;0,7655885;-1,573894;0,2428866;0,7707673;-1,621073;
00002;004;63732497590,7458;-0,1712671;0,7685552;-1,169246;-0,9814512;-0,1610887;0,08525398;-0,05946396;3;1;36;89,46877;-0,1491402;0,7701959;-1,226162;-0,1561978;0,7655885;-1,573894;0,2428866;0,7707673;-1,621073;
00002;004;63732497592,9484;-0,1558114;0,7696805;-1,406778;-0,9608616;-0,1409829;0,2166839;-0,09958321;0;1;37;91,67181;-0,1537475;0,7703202;-1,451115;-0,1561978;0,7655885;-1,573894;0,2428866;0,7707673;-1,621073;
00002;004;63732497594,9946;-0,156326;0,7679891;-1,323541;-0,9566413;-0,2000263;0,1943267;-0,08404847;1;1;38;93,71739;-0,1522117;0,7702788;-1,376131;-0,1561978;0,7655885;-1,573894;0,2428866;0,7707673;-1,621073;
00002;004;63732497597,2283;0,03964469;0,7695233;-1,319603;-0,9808275;-0,1764177;-0,03558433;-0,07475287;5;1;39;95,95163;0,02153119;0,7725967;-1,367854;-0,1561978;0,7655885;-1,573894;0,2428866;0,7707673;-1,621073;
00002;004;63732497599,4293;-0,1606812;0,7688035;-1,25053;-0,9751579;-0,1787168;0,1130878;-0,0658683;2;1;40;98,15203;-0,150676;0,7702373;-1,301147;-0,1561978;0,7655885;-1,573894;0,2428866;0,7707673;-1,621073;
00002;004;63732497601,949;-0,04048565;0,7682668;-1,248744;-0,9799647;-0,1727023;0,03162773;-0,09403622;4;1;41;100,6722;-0,05869158;0,7714832;-1,319316;-0,1561978;0,7655885;-1,573894;0,2428866;0,7707673;-1,621073;
00002;004;63732497605,01;0,09415318;0,7715737;-1,403376;-0,9790801;-0,1575558;-0,09574249;-0,08609162;6;1;42;103,7332;0,08031653;0,7734436;-1,440904;-0,1561978;0,7655885;-1,573894;0,2428866;0,7707673;-1,621073;
00002;004;63732497607,046;-0,1600024;0,7691831;-1,404001;-0,9535922;-0,1586481;0,2283531;-0,1155312;0;1;43;105,7689;-0,1537475;0,7703202;-1,451115;-0,1561978;0,7655885;-1,573894;0,2428866;0,7707673;-1,621073;
00002;004;63732497608,993;-0,158431;0,768723;-1,320394;-0,9673456;-0,1576674;0,1707886;-0,101068;1;1;44;107,7161;-0,1522117;0,7702788;-1,376131;-0,1561978;0,7655885;-1,573894;0,2428866;0,7707673;-1,621073;
00002;004;63732497611,1677;0,03957348;0,7702337;-1,297408;-0,986684;-0,1445793;-0,04532758;-0,05913425;5;1;45;109,8907;0,02153119;0,7725967;-1,367854;-0,1561978;0,7655885;-1,573894;0,2428866;0,7707673;-1,621073;
00002;004;63732497613,3352;0,08667946;0,7720554;-1,431512;-0,9730794;-0,1738724;-0,1257323;-0,08412106;6;1;46;112,0581;0,08031653;0,7734436;-1,440904;-0,1561978;0,7655885;-1,573894;0,2428866;0,7707673;-1,621073;
00002;004;63732497615,6799;-0,1583931;0,7687235;-1,251192;-0,9763642;-0,159473;0,1082139;-0,09783174;2;1;47;114,4032;-0,150676;0,7702373;-1,301147;-0,1561978;0,7655885;-1,573894;0,2428866;0,7707673;-1,621073;
00002;004;63732497617,8928;-0,03156208;0,7691236;-1,267786;-0,9815277;-0,170486;0,01622602;-0,08529164;4;1;48;116,6158;-0,05869158;0,7714832;-1,319316;-0,1561978;0,7655885;-1,573894;0,2428866;0,7707673;-1,621073;
00002;004;63732497620,1927;-0,1423909;0,7681943;-1,185758;0,9783985;0,1594902;-0,07496836;0,1080695;3;1;49;118,9159;-0,1491402;0,7701959;-1,226162;-0,1561978;0,7655885;-1,573894;0,2428866;0,7707673;-1,621073;
00002;004;63732497622,4948;-0,1518589;0,7693024;-1,411196;0,9469289;0,177762;-0,2448272;0,108564;0;1;50;121,2179;-0,1537475;0,7703202;-1,451115;-0,1561978;0,7655885;-1,573894;0,2428866;0,7707673;-1,621073;
00002;004;63732497624,6936;-0,1580202;0,768959;-1,185575;0,9807925;0,1606493;-0,08169287;0,07459386;3;1;51;123,4168;-0,1491402;0,7701959;-1,226162;-0,1561978;0,7655885;-1,573894;0,2428866;0,7707673;-1,621073;
00002;004;63732497626,9652;0,08726426;0,7713408;-1,413658;0,9734985;0,1910944;0,09885419;0,07753417;6;1;52;125,6887;0,08031653;0,7734436;-1,440904;-0,1561978;0,7655885;-1,573894;0,2428866;0,7707673;-1,621073;
00002;004;63732497628,9607;-0,1653883;0,7683408;-1,2513;-0,9698429;-0,192053;0,1222411;-0,0870484;2;1;53;127,6839;-0,150676;0,7702373;-1,301147;-0,1561978;0,7655885;-1,573894;0,2428866;0,7707673;-1,621073;
00002;004;63732497631,3511;-0,1616462;0,7695293;-1,32746;-0,973545;-0,167796;0,1404295;-0,06583529;1;1;54;130,074;-0,1522117;0,7702788;-1,376131;-0,1561978;0,7655885;-1,573894;0,2428866;0,7707673;-1,621073;
00002;004;63732497633,5712;-0,04567815;0,7690485;-1,262479;-0,9779075;-0,2052566;0,007385732;-0,03888684;4;1;55;132,2944;-0,05869158;0,7714832;-1,319316;-0,1561978;0,7655885;-1,573894;0,2428866;0,7707673;-1,621073;
00002;004;63732497636,1671;0,02982789;0,769983;-1,318378;-0,9790863;-0,1684327;-0,02118836;-0,1121233;5;1;56;134,8898;0,02153119;0,7725967;-1,367854;-0,1561978;0,7655885;-1,573894;0,2428866;0,7707673;-1,621073;
00002;004;63732497638,2761;-0,1583831;0,7689518;-1,32505;0,9683065;0,1900503;-0,1513081;0,05804616;1;1;57;136,9992;-0,1522117;0,7702788;-1,376131;-0,1561978;0,7655885;-1,573894;0,2428866;0,7707673;-1,621073;
00002;004;63732497640,5901;0,0920928;0,7729094;-1,424299;0,9677631;0,1187055;0,1603408;0,1537355;6;1;58;139,3129;0,08031653;0,7734436;-1,440904;-0,1561978;0,7655885;-1,573894;0,2428866;0,7707673;-1,621073;
00002;004;63732497642,8568;-0,1571718;0,7694951;-1,169257;-0,979264;-0,1251116;0,06749927;-0,1443364;3;1;59;141,5796;-0,1491402;0,7701959;-1,226162;-0,1561978;0,7655885;-1,573894;0,2428866;0,7707673;-1,621073;
00002;004;63732497645,2859;-0,1734567;0,7688898;-1,250477;-0,9766044;-0,1416938;0,101704;-0,1257897;2;1;60;144,009;-0,150676;0,7702373;-1,301147;-0,1561978;0,7655885;-1,573894;0,2428866;0,7707673;-1,621073;
00002;004;63732497647,7238;-0,05785234;0,7696958;-1,262134;-0,9810157;-0,1257018;0,02240106;-0,1459641;4;1;61;146,4469;-0,05869158;0,7714832;-1,319316;-0,1561978;0,7655885;-1,573894;0,2428866;0,7707673;-1,621073;
00002;004;63732497649,8034;0,03625239;0,7710676;-1,322299;-0,9766236;-0,1232097;-0,06138691;-0,165098;5;1;62;148,5267;0,02153119;0,7725967;-1,367854;-0,1561978;0,7655885;-1,573894;0,2428866;0,7707673;-1,621073;
00002;004;63732497651,9884;-0,1564535;0,7703179;-1,400541;-0,9638665;-0,1446306;0,1726386;-0,1422647;0;1;63;150,7115;-0,1537475;0,7703202;-1,451115;-0,1561978;0,7655885;-1,573894;0,2428866;0,7707673;-1,621073;
00002;004;63732497654,0928;0,09272134;0,7729671;-1,426792;-0,9539011;-0,1755777;-0,2195897;-0,1050031;6;1;64;152,8159;0,08031653;0,7734436;-1,440904;-0,1561978;0,7655885;-1,573894;0,2428866;0,7707673;-1,621073;
00002;004;63732497656,1722;-0,1578708;0,7701011;-1,405643;-0,9672002;-0,121975;0,1666195;-0,1479323;0;1;65;154,8958;-0,1537475;0,7703202;-1,451115;-0,1561978;0,7655885;-1,573894;0,2428866;0,7707673;-1,621073;
00002;004;63732497658,4353;-0,1620602;0,7692351;-1,239846;-0,9771515;-0,1011532;0,09827156;-0,159015;2;1;66;157,1582;-0,150676;0,7702373;-1,301147;-0,1561978;0,7655885;-1,573894;0,2428866;0,7707673;-1,621073;
00002;004;63732497660,6678;0,02353437;0,7700481;-1,323404;-0,9794344;-0,1623371;-0,03255781;-0,1153041;5;1;67;159,3913;0,02153119;0,7725967;-1,367854;-0,1561978;0,7655885;-1,573894;0,2428866;0,7707673;-1,621073;
00002;004;63732497662,5924;-0,1551854;0,7692077;-1,32058;-0,9735118;-0,1542191;0,1213865;-0,1172889;1;1;68;161,3159;-0,1522117;0,7702788;-1,376131;-0,1561978;0,7655885;-1,573894;0,2428866;0,7707673;-1,621073;
00002;004;63732497664,4899;-0,05808969;0,7693174;-1,247813;-0,9828106;-0,1497535;-0,03192926;-0,1031407;4;1;69;163,2127;-0,05869158;0,7714832;-1,319316;-0,1561978;0,7655885;-1,573894;0,2428866;0,7707673;-1,621073;
00002;004;63732497666,5314;-0,1724431;0,7687778;-1,190287;-0,9805136;-0,1576501;0,05533131;-0,1033341;3;1;70;165,2545;-0,1491402;0,7701959;-1,226162;-0,1561978;0,7655885;-1,573894;0,2428866;0,7707673;-1,621073;
00002;004;63732497668,5692;-0,1689432;0,768218;-1,1851;-0,9798373;-0,1597419;0,05966893;-0,1041203;3;1;71;167,2926;-0,1491402;0,7701959;-1,226162;-0,1561978;0,7655885;-1,573894;0,2428866;0,7707673;-1,621073;
00002;004;63732497670,769;-0,1613195;0,7685956;-1,32325;-0,9728667;-0,1528045;0,129939;-0,1153131;1;1;72;169,4923;-0,1522117;0,7702788;-1,376131;-0,1561978;0,7655885;-1,573894;0,2428866;0,7707673;-1,621073;
00002;004;63732497672,8026;-0,1666125;0,7685509;-1,225296;-0,9820382;-0,1237453;0,04444695;-0,1353242;2;1;73;171,5255;-0,150676;0,7702373;-1,301147;-0,1561978;0,7655885;-1,573894;0,2428866;0,7707673;-1,621073;
00002;004;63732497675,0612;-0,1566423;0,7691617;-1,402073;-0,9705885;-0,1506829;0,1493609;-0,1137719;0;1;74;173,7845;-0,1537475;0,7703202;-1,451115;-0,1561978;0,7655885;-1,573894;0,2428866;0,7707673;-1,621073;
00002;004;63732497677,091;0,08705633;0,7717234;-1,406121;-0,9735786;-0,1512885;-0,1464014;-0,08844849;6;1;75;175,8145;0,08031653;0,7734436;-1,440904;-0,1561978;0,7655885;-1,573894;0,2428866;0,7707673;-1,621073;
00002;004;63732497679,9277;0,0260996;0,7698817;-1,29432;-0,9813268;-0,1516866;-0,06113788;-0,1012477;5;1;76;178,6513;0,02153119;0,7725967;-1,367854;-0,1561978;0,7655885;-1,573894;0,2428866;0,7707673;-1,621073;
00002;004;63732497681,911;-0,05983488;0,7691687;-1,263169;-0,9828753;-0,1352632;-0,006455068;-0,1249742;4;1;77;180,634;-0,05869158;0,7714832;-1,319316;-0,1561978;0,7655885;-1,573894;0,2428866;0,7707673;-1,621073;
00002;004;63732497684,5457;0,02655779;0,7698276;-1,311546;-0,9797482;-0,1547328;-0,06234559;-0,1107442;5;1;78;183,2691;0,02153119;0,7725967;-1,367854;-0,1561978;0,7655885;-1,573894;0,2428866;0,7707673;-1,621073;
00002;004;63732497687,1182;-0,1570003;0,7689431;-1,179001;-0,9891729;-0,1177644;0,0005854425;-0,08756767;3;1;79;185,8412;-0,1491402;0,7701959;-1,226162;-0,1561978;0,7655885;-1,573894;0,2428866;0,7707673;-1,621073;
00002;004;63732497689,4171;-0,1559519;0,7687863;-1,268546;-0,9797352;-0,1320941;0,0789077;-0,1282329;2;1;80;188,14;-0,150676;0,7702373;-1,301147;-0,1561978;0,7655885;-1,573894;0,2428866;0,7707673;-1,621073;
00002;004;63732497691,5425;-0,1525228;0,7692287;-1,40284;-0,960235;-0,1689944;0,1908235;-0,1139126;0;1;81;190,2654;-0,1537475;0,7703202;-1,451115;-0,1561978;0,7655885;-1,573894;0,2428866;0,7707673;-1,621073;
00002;004;63732497693,6116;-0,07217086;0,7681476;-1,253329;-0,9823174;-0,1552721;0,03280522;-0,09933274;4;1;82;192,3343;-0,05869158;0,7714832;-1,319316;-0,1561978;0,7655885;-1,573894;0,2428866;0,7707673;-1,621073;
00002;004;63732497695,7209;0,0877274;0,7717877;-1,415134;0,9640763;0,1648952;0,1849086;0,0957877;6;1;83;194,444;0,08031653;0,7734436;-1,440904;-0,1561978;0,7655885;-1,573894;0,2428866;0,7707673;-1,621073;
00002;004;63732497697,8538;-0,1694036;0,7687592;-1,321879;0,9777307;0,1210421;-0,1055511;0,1350947;1;1;84;196,5766;-0,1522117;0,7702788;-1,376131;-0,1561978;0,7655885;-1,573894;0,2428866;0,7707673;-1,621073;
00002;004;63732497699,982;-0,1676326;0,7697625;-1,40289;0,9675618;0,1041949;-0,1914206;0,1277724;0;1;85;198,7051;-0,1537475;0,7703202;-1,451115;-0,1561978;0,7655885;-1,573894;0,2428866;0,7707673;-1,621073;
00002;004;63732497701,9196;0,07927427;0,7714485;-1,399647;0,9760662;0,1537928;0,1138029;0,1034001;6;1;86;200,6429;0,08031653;0,7734436;-1,440904;-0,1561978;0,7655885;-1,573894;0,2428866;0,7707673;-1,621073;
00002;004;63732497704,5219;-0,1751134;0,7678456;-1,189918;0,9879059;0,1299237;-0,04205415;0,07343863;3;1;87;203,245;-0,1491402;0,7701959;-1,226162;-0,1561978;0,7655885;-1,573894;0,2428866;0,7707673;-1,621073;
00002;004;63732497707,7771;-0,1634856;0,767144;-1,263676;0,974291;0,1749799;-0,1140868;0,08439966;2;1;88;206,4999;-0,150676;0,7702373;-1,301147;-0,1561978;0,7655885;-1,573894;0,2428866;0,7707673;-1,621073;
00002;004;63732497710,3856;-0,1705205;0,769069;-1,309777;0,971971;0,1007486;-0,1516866;0,1487053;1;1;89;209,109;-0,1522117;0,7702788;-1,376131;-0,1561978;0,7655885;-1,573894;0,2428866;0,7707673;-1,621073;
00002;004;63732497712,6323;-0,05731471;0,7689325;-1,250785;0,9795849;0,127397;0,06749458;0,1401001;4;1;90;211,3552;-0,05869158;0,7714832;-1,319316;-0,1561978;0,7655885;-1,573894;0,2428866;0,7707673;-1,621073;
00002;004;63732497714,7732;0,03405799;0,770164;-1,308563;0,9857106;0,128219;0,08403092;0,06980977;5;1;91;213,4964;0,02153119;0,7725967;-1,367854;-0,1561978;0,7655885;-1,573894;0,2428866;0,7707673;-1,621073;
00002;004;63732497717,6252;-0,1509407;0,7686751;-1,304971;0,9827059;0,1423967;-0,0577981;0,1033039;1;1;92;216,3486;-0,1522117;0,7702788;-1,376131;-0,1561978;0,7655885;-1,573894;0,2428866;0,7707673;-1,621073;
00002;004;63732497719,725;-0,05998132;0,7683902;-1,240718;0,9844471;0,1406882;0,03882701;0,09779199;4;1;93;218,448;-0,05869158;0,7714832;-1,319316;-0,1561978;0,7655885;-1,573894;0,2428866;0,7707673;-1,621073;
00002;004;63732497721,7612;-0,164407;0,7680078;-1,16287;0,9839178;0,1518633;0,009436116;0,09356385;3;1;94;220,4848;-0,1491402;0,7701959;-1,226162;-0,1561978;0,7655885;-1,573894;0,2428866;0,7707673;-1,621073;
00002;004;63732497724,0687;-0,1511014;0,7692429;-1,395506;0,977755;0,1225505;-0,1208625;0,1198701;0;1;95;222,7923;-0,1537475;0,7703202;-1,451115;-0,1561978;0,7655885;-1,573894;0,2428866;0,7707673;-1,621073;
00002;004;63732497726,1913;0,032644;0,7694417;-1,304188;0,9810218;0,1496417;0,06448709;0,1050957;5;1;96;224,9149;0,02153119;0,7725967;-1,367854;-0,1561978;0,7655885;-1,573894;0,2428866;0,7707673;-1,621073;
00002;004;63732497728,3906;0,08106737;0,7716074;-1,415932;0,9688631;0,1533536;0,1561727;0,1157463;6;1;97;227,1133;0,08031653;0,7734436;-1,440904;-0,1561978;0,7655885;-1,573894;0,2428866;0,7707673;-1,621073;
00002;004;63732497730,6206;-0,155105;0,7689599;-1,23741;0,9825534;0,1049948;-0,02760771;0,1510058;2;1;98;229,344;-0,150676;0,7702373;-1,301147;-0,1561978;0,7655885;-1,573894;0,2428866;0,7707673;-1,621073;
00002;004;63732497732,8375;0,09222298;0,7727509;-1,410215;0,9567653;0,1282089;0,2117938;0,1526635;6;1;99;231,5606;0,08031653;0,7734436;-1,440904;-0,1561978;0,7655885;-1,573894;0,2428866;0,7707673;-1,621073;
00002;004;63732497735,1003;-0,1649411;0,7684464;-1,173278;0,9845653;0,12151;-0,04933966;0,1158975;3;1;100;233,8232;-0,1491402;0,7701959;-1,226162;-0,1561978;0,7655885;-1,573894;0,2428866;0,7707673;-1,621073;
00002;004;63732497737,4051;-0,03220645;0,7693937;-1,229059;0,9790313;0,1315132;0,1079768;0,1119965;4;1;101;236,1281;-0,05869158;0,7714832;-1,319316;-0,1561978;0,7655885;-1,573894;0,2428866;0,7707673;-1,621073;
00002;004;63732497739,6732;-0,1515877;0,768918;-1,227193;0,9836481;0,1202591;0,0370643;0,1288426;2;1;102;238,3959;-0,150676;0,7702373;-1,301147;-0,1561978;0,7655885;-1,573894;0,2428866;0,7707673;-1,621073;
00002;004;63732497742,0598;0,03861463;0,7701156;-1,296;0,9762207;0,1378757;0,1083855;0,1274215;5;1;103;240,7825;0,02153119;0,7725967;-1,367854;-0,1561978;0,7655885;-1,573894;0,2428866;0,7707673;-1,621073;
00002;004;63732497744,4365;-0,1562318;0,7687147;-1,396718;0,9626073;0,1405843;-0,1963912;0,1226938;0;1;104;243,1595;-0,1537475;0,7703202;-1,451115;-0,1561978;0,7655885;-1,573894;0,2428866;0,7707673;-1,621073;
00002;004;63732497746,4187;-0,1604034;0,7687636;-1,285801;0,9802431;0,1241585;-0,07873023;0,1323246;1;1;105;245,1421;-0,1522117;0,7702788;-1,376131;-0,1561978;0,7655885;-1,573894;0,2428866;0,7707673;-1,621073;
00002;004;63732497748,4644;0,05132439;0,7712907;-1,296841;0,9711964;0,1158884;0,12921;0,1632551;5;1;106;247,1877;0,02153119;0,7725967;-1,367854;-0,1561978;0,7655885;-1,573894;0,2428866;0,7707673;-1,621073;
00002;004;63732497750,6084;-0,06282231;0,7687002;-1,244589;0,9839182;0,1378785;0,0291518;0,109748;4;1;107;249,332;-0,05869158;0,7714832;-1,319316;-0,1561978;0,7655885;-1,573894;0,2428866;0,7707673;-1,621073;
00002;004;63732497752,8552;-0,1554093;0,7683747;-1,235794;0,9835935;0,1215575;-0,0305465;0,129748;2;1;108;251,5789;-0,150676;0,7702373;-1,301147;-0,1561978;0,7655885;-1,573894;0,2428866;0,7707673;-1,621073;
00002;004;63732497754,9981;-0,1574997;0,7692544;-1,309496;0,9788482;0,1037081;-0,09609458;0,1478737;1;1;109;253,7209;-0,1522117;0,7702788;-1,376131;-0,1561978;0,7655885;-1,573894;0,2428866;0,7707673;-1,621073;
00002;004;63732497757,1299;-0,1530496;0,7681255;-1,196371;0,9802111;0,1498938;-0,0727944;0,10686;3;1;110;255,8531;-0,1491402;0,7701959;-1,226162;-0,1561978;0,7655885;-1,573894;0,2428866;0,7707673;-1,621073;
00002;004;63732497759,2877;0,08721187;0,7709757;-1,409457;0,9702605;0,1895667;0,1368093;0,06278734;6;1;111;258,0113;0,08031653;0,7734436;-1,440904;-0,1561978;0,7655885;-1,573894;0,2428866;0,7707673;-1,621073;
00002;004;63732497761,353;-0,1674755;0,7705465;-1,397287;-0,9653534;-0,09357586;0,186518;-0,1566762;0;1;112;260,0765;-0,1537475;0,7703202;-1,451115;-0,1561978;0,7655885;-1,573894;0,2428866;0,7707673;-1,621073;
00002;004;63732497763,5794;-0,1584808;0,7691154;-1,298074;-0,9798616;-0,1252022;0,08070921;-0,1329727;1;1;113;262,3028;-0,1522117;0,7702788;-1,376131;-0,1561978;0,7655885;-1,573894;0,2428866;0,7707673;-1,621073;
00002;004;63732497765,9105;-0,1709683;0,769035;-1,173453;-0,983707;-0,126591;0,04652135;-0,1188743;3;1;114;264,6333;-0,1491402;0,7701959;-1,226162;-0,1561978;0,7655885;-1,573894;0,2428866;0,7707673;-1,621073;
00002;004;63732497768,0795;0,08350962;0,7716881;-1,422565;-0,9632244;-0,1723383;-0,1926281;-0,07343563;6;1;115;266,8027;0,08031653;0,7734436;-1,440904;-0,1561978;0,7655885;-1,573894;0,2428866;0,7707673;-1,621073;
00002;004;63732497770,313;-0,1641273;0,7687109;-1,21708;-0,9810184;-0,1344962;0,06070933;-0,1258092;2;1;116;269,0361;-0,150676;0,7702373;-1,301147;-0,1561978;0,7655885;-1,573894;0,2428866;0,7707673;-1,621073;
00002;004;63732497772,68;0,03290795;0,7701698;-1,300235;-0,9768472;-0,1678413;-0,08356699;-0,1030323;5;1;117;271,403;0,02153119;0,7725967;-1,367854;-0,1561978;0,7655885;-1,573894;0,2428866;0,7707673;-1,621073;
00002;004;63732497774,7465;-0,05761065;0,7683936;-1,249877;-0,981585;-0,1605335;-0,003727092;-0,1034703;4;1;118;273,47;-0,05869158;0,7714832;-1,319316;-0,1561978;0,7655885;-1,573894;0,2428866;0,7707673;-1,621073;
00002;004;63732497777,002;-0,1628696;0,7691579;-1,390772;-0,9629804;-0,1336099;0,2013622;-0,119459;0;1;119;275,7249;-0,1537475;0,7703202;-1,451115;-0,1561978;0,7655885;-1,573894;0,2428866;0,7707673;-1,621073;
00002;004;63732497779,5387;0,04089746;0,7697437;-1,274508;-0,9750987;-0,1507957;-0,131284;-0,09595674;5;1;120;278,2617;0,02153119;0,7725967;-1,367854;-0,1561978;0,7655885;-1,573894;0,2428866;0,7707673;-1,621073;
00002;004;63732497781,8612;-0,1684207;0,767955;-1,174416;-0,9827498;-0,1542292;0,02611436;-0,09866233;3;1;121;280,5843;-0,1491402;0,7701959;-1,226162;-0,1561978;0,7655885;-1,573894;0,2428866;0,7707673;-1,621073;
00002;004;63732497784,1949;-0,1500923;0,7679738;-1,23622;-0,9817296;-0,1561983;0,04264113;-0,09995461;2;1;122;282,9182;-0,150676;0,7702373;-1,301147;-0,1561978;0,7655885;-1,573894;0,2428866;0,7707673;-1,621073;
00002;004;63732497786,4917;-0,04416157;0,7689546;-1,228786;-0,9835197;-0,1349897;-0,04758912;-0,1104631;4;1;123;285,2151;-0,05869158;0,7714832;-1,319316;-0,1561978;0,7655885;-1,573894;0,2428866;0,7707673;-1,621073;
00002;004;63732497789,1218;-0,1657831;0,7696537;-1,366558;0,974544;0,1129324;-0,141005;0,1327701;0;1;124;287,8448;-0,1537475;0,7703202;-1,451115;-0,1561978;0,7655885;-1,573894;0,2428866;0,7707673;-1,621073;
00002;004;63732497791,1225;0,08937297;0,772041;-1,394051;0,9612611;0,1555669;0,1999767;0,1085604;6;1;125;289,8452;0,08031653;0,7734436;-1,440904;-0,1561978;0,7655885;-1,573894;0,2428866;0,7707673;-1,621073;
00002;004;63732497793,2984;-0,164252;0,7688686;-1,297899;0,9815428;0,1159957;-0,06378806;0,1380218;1;1;126;292,022;-0,1522117;0,7702788;-1,376131;-0,1561978;0,7655885;-1,573894;0,2428866;0,7707673;-1,621073;
00002;004;63732497795,4201;-0,1560642;0,769035;-1,211783;0,9866739;0,1180456;-0,01362047;0,111151;2;1;127;294,1431;-0,150676;0,7702373;-1,301147;-0,1561978;0,7655885;-1,573894;0,2428866;0,7707673;-1,621073;
00002;004;63732497797,4109;0,0938468;0,7721516;-1,397815;0,9658767;0,1506398;0,1766746;0,1147872;6;1;128;296,1344;0,08031653;0,7734436;-1,440904;-0,1561978;0,7655885;-1,573894;0,2428866;0,7707673;-1,621073;
00002;004;63732497799,3749;0,02393432;0,7706506;-1,291005;0,9791701;0,1135283;0,07249694;0,1519265;5;1;129;298,0984;0,02153119;0,7725967;-1,367854;-0,1561978;0,7655885;-1,573894;0,2428866;0,7707673;-1,621073;
00002;004;63732497801,5129;-0,05239895;0,7689066;-1,234236;0,9805012;0,1417941;0,06052696;0,1218534;4;1;130;300,236;-0,05869158;0,7714832;-1,319316;-0,1561978;0,7655885;-1,573894;0,2428866;0,7707673;-1,621073;
00002;004;63732497803,6965;-0,1664887;0,7696205;-1,381248;0,9655061;0,1134303;-0,1998175;0,1224933;0;1;131;302,4198;-0,1537475;0,7703202;-1,451115;-0,1561978;0,7655885;-1,573894;0,2428866;0,7707673;-1,621073;
00002;004;63732497805,7879;-0,161755;0,7684442;-1,306124;0,9775617;0,1442547;-0,10437;0,1125635;1;1;132;304,5116;-0,1522117;0,7702788;-1,376131;-0,1561978;0,7655885;-1,573894;0,2428866;0,7707673;-1,621073;
00002;004;63732497808,0205;-0,1635139;0,7678982;-1,193455;0,9773063;0,1844114;-0,07101694;0,07629903;3;1;133;306,7438;-0,1491402;0,7701959;-1,226162;-0,1561978;0,7655885;-1,573894;0,2428866;0,7707673;-1,621073;
00002;004;63732497810,1929;-0,1582429;0,7687953;-1,382287;0,9753764;0,1634863;-0,1229841;0,08238926;0;1;134;308,9158;-0,1537475;0,7703202;-1,451115;-0,1561978;0,7655885;-1,573894;0,2428866;0,7707673;-1,621073;
00002;004;63732497812,2876;-0,156812;0,7685549;-1,182921;0,9787316;0,1671688;-0,05774938;0,1039423;3;1;135;311,0104;-0,1491402;0,7701959;-1,226162;-0,1561978;0,7655885;-1,573894;0,2428866;0,7707673;-1,621073;
00002;004;63732497814,6673;-0,05164686;0,7691377;-1,24128;0,9867365;0,1340139;0,03072785;0,08629741;4;1;136;313,3901;-0,05869158;0,7714832;-1,319316;-0,1561978;0,7655885;-1,573894;0,2428866;0,7707673;-1,621073;
00002;004;63732497816,6924;0,0945387;0,7720543;-1,40084;0,9702778;0,1660491;0,1457401;0,09873441;6;1;137;315,4154;0,08031653;0,7734436;-1,440904;-0,1561978;0,7655885;-1,573894;0,2428866;0,7707673;-1,621073;
00002;004;63732497818,7073;0,01322864;0,7701632;-1,296711;0,9784376;0,1489321;0,1025932;0,09976853;5;1;138;317,4307;0,02153119;0,7725967;-1,367854;-0,1561978;0,7655885;-1,573894;0,2428866;0,7707673;-1,621073;
00002;004;63732497820,7756;-0,1539469;0,7684932;-1,244432;0,979692;0,1516418;-0,06541315;0,1137075;2;1;139;319,499;-0,150676;0,7702373;-1,301147;-0,1561978;0,7655885;-1,573894;0,2428866;0,7707673;-1,621073;
00002;004;63732497822,822;-0,1715559;0,7683896;-1,326406;0,9754018;0,1540526;-0,1400605;0,07240469;1;1;140;321,5455;-0,1522117;0,7702788;-1,376131;-0,1561978;0,7655885;-1,573894;0,2428866;0,7707673;-1,621073;
00002;004;63732496822,9799;-0,1308885;0,7667137;-1,2445;0,9790245;0,1273798;0,1236296;-0,1000056;2;2;1;8,082712;-0,145529;0,7640891;-1,295727;-0,1551736;0,7619567;-1,568391;0,2430818;0,7711949;-1,621573;
00002;004;63732496825,5261;-0,1321942;0,767006;-1,326764;0,9650493;0,1458103;0,1947691;-0,09738692;1;2;2;10,6287;-0,1482099;0,7648221;-1,370675;-0,1551736;0,7619567;-1,568391;0,2430818;0,7711949;-1,621573;
00002;004;63732496828,0064;0,06221766;0,7678978;-1,333241;-0,8998041;-0,1072601;-0,4033609;0,1270737;5;2;3;13,10913;0,02561156;0,768636;-1,365016;-0,1551736;0,7619567;-1,568391;0,2430818;0,7711949;-1,621573;
00002;004;63732496830,4186;-0,03133947;0,7664554;-1,273064;-0,9463162;-0,1484573;-0,2712685;0,09412456;4;2;4;15,52159;-0,05384754;0,7663392;-1,315279;-0,1551736;0,7619567;-1,568391;0,2430818;0,7711949;-1,621573;
00002;004;63732496832,6063;-0,1333136;0,7680513;-1,420884;-0,9383305;-0,1318751;-0,3007883;0,1080337;0;2;5;17,70881;-0,1508909;0,765555;-1,445624;-0,1551736;0,7619567;-1,568391;0,2430818;0,7711949;-1,621573;
00002;004;63732496834,7631;-0,1310344;0,7661648;-1,203574;-0,9608645;-0,1753961;-0,1971395;0,08432967;3;2;6;19,86601;-0,142848;0,7633561;-1,220778;-0,1551736;0,7619567;-1,568391;0,2430818;0,7711949;-1,621573;
00002;004;63732496838,7764;0,1141681;0,8168366;-1,405857;0,1611958;-0,9036412;0,04340953;-0,3944162;6;2;7;23,8791;0,08326462;0,7707028;-1,438939;-0,1551736;0,7619567;-1,568391;0,2430818;0,7711949;-1,621573;
00002;004;63732496841,3878;-0,1165887;0,7663135;-1,165518;0,982522;0,1259349;0,1039789;-0,08932746;3;2;8;26,49017;-0,142848;0,7633561;-1,220778;-0,1551736;0,7619567;-1,568391;0,2430818;0,7711949;-1,621573;
00002;004;63732496843,8903;0,05213876;0,7679536;-1,332243;0,936463;0,1331801;0,3021469;-0,1183531;5;2;9;28,99291;0,02561156;0,768636;-1,365016;-0,1551736;0,7619567;-1,568391;0,2430818;0,7711949;-1,621573;
00002;004;63732496846,2932;0,1032202;0,7692851;-1,410834;0,8835003;0,1499394;0,4286351;-0,1149669;6;2;10;31,39568;0,08326462;0,7707028;-1,438939;-0,1551736;0,7619567;-1,568391;0,2430818;0,7711949;-1,621573;
00002;004;63732496848,7835;-0,02889964;0,7662097;-1,266436;0,9542923;0,1463315;0,2399195;-0,1017448;4;2;11;33,88628;-0,05384754;0,7663392;-1,315279;-0,1551736;0,7619567;-1,568391;0,2430818;0,7711949;-1,621573;
00002;004;63732496851,0384;-0,1501129;0,7667959;-1,348547;0,9591115;0,1657733;0,2126415;-0,08606996;1;2;12;36,14087;-0,1482099;0,7648221;-1,370675;-0,1551736;0,7619567;-1,568391;0,2430818;0,7711949;-1,621573;
00002;004;63732496853,5845;-0,1485455;0,7673633;-1,427851;0,955467;0,1747676;0,2235863;-0,08092194;0;2;13;38,68667;-0,1508909;0,765555;-1,445624;-0,1551736;0,7619567;-1,568391;0,2430818;0,7711949;-1,621573;
00002;004;63732496855,9536;-0,1309637;0,7657263;-1,27252;0,948564;0,1716816;0,2525775;-0,08340534;2;2;14;41,05583;-0,145529;0,7640891;-1,295727;-0,1551736;0,7619567;-1,568391;0,2430818;0,7711949;-1,621573;
00002;004;63732496858,5688;-0,03410254;0,7664175;-1,2851;0,9377833;0,1602195;0,2883273;-0,1084417;4;2;15;43,67151;-0,05384754;0,7663392;-1,315279;-0,1551736;0,7619567;-1,568391;0,2430818;0,7711949;-1,621573;
00002;004;63732496861,1819;0,04333845;0,7677014;-1,331916;0,9117783;0,1205576;0,3759213;-0,1131792;5;2;16;46,28402;0,02561156;0,768636;-1,365016;-0,1551736;0,7619567;-1,568391;0,2430818;0,7711949;-1,621573;
00002;004;63732496863,6165;-0,1283962;0,7667502;-1,353431;-0,9347565;-0,1450484;-0,3047006;0,1111247;1;2;17;48,71851;-0,1482099;0,7648221;-1,370675;-0,1551736;0,7619567;-1,568391;0,2430818;0,7711949;-1,621573;
00002;004;63732496865,8162;-0,1341746;0,8117765;-1,431193;-0,09115706;0,8941518;-0,08923402;0,4292087;0;2;18;50,91851;-0,1508909;0,765555;-1,445624;-0,1551736;0,7619567;-1,568391;0,2430818;0,7711949;-1,621573;
00002;004;63732496867,9161;-0,1358944;0,7656194;-1,275275;-0,9536102;-0,1889315;-0,2226871;0,07309584;2;2;19;53,01891;-0,145529;0,7640891;-1,295727;-0,1551736;0,7619567;-1,568391;0,2430818;0,7711949;-1,621573;
00002;004;63732496870,6629;-0,1225509;0,7660304;-1,194181;-0,9638044;-0,1654972;-0,1940174;0,07777626;3;2;20;55,76528;-0,142848;0,7633561;-1,220778;-0,1551736;0,7619567;-1,568391;0,2430818;0,7711949;-1,621573;
00002;004;63732496873,3125;0,0969297;0,7686931;-1,418228;0,8475253;0,1276892;0,4989204;-0,1283542;6;2;21;58,41473;0,08326462;0,7707028;-1,438939;-0,1551736;0,7619567;-1,568391;0,2430818;0,7711949;-1,621573;
00002;004;63732496875,6434;0,0309591;0,7724023;-1,332274;-0,8414518;-0,03213993;0,372844;0,3897607;5;2;22;60,74606;0,02561156;0,768636;-1,365016;-0,1551736;0,7619567;-1,568391;0,2430818;0,7711949;-1,621573;
00002;004;63732496878,1248;-0,1445202;0,7674574;-1,404923;0,9361334;0,1734024;0,2923491;-0,09009898;0;2;23;63,22754;-0,1508909;0,765555;-1,445624;-0,1551736;0,7619567;-1,568391;0,2430818;0,7711949;-1,621573;
00002;004;63732496880,761;-0,1240388;0,7656043;-1,19638;0,9570874;0,1795814;0,2135224;-0,07837409;3;2;24;65,8638;-0,142848;0,7633561;-1,220778;-0,1551736;0,7619567;-1,568391;0,2430818;0,7711949;-1,621573;
00002;004;63732496883,7633;-0,1362508;0,7663954;-1,343036;0,9566826;0,1741354;0,2184613;-0,08191466;1;2;25;68,86556;-0,1482099;0,7648221;-1,370675;-0,1551736;0,7619567;-1,568391;0,2430818;0,7711949;-1,621573;
00002;004;63732496886,1579;0,1024301;0,7687719;-1,420979;-0,8468082;-0,1499118;-0,4967043;0,117163;6;2;26;71,26034;0,08326462;0,7707028;-1,438939;-0,1551736;0,7619567;-1,568391;0,2430818;0,7711949;-1,621573;
00002;004;63732496888,755;-0,1222646;0,7655318;-1,254454;-0,9439122;-0,1742521;-0,2675453;0,08417471;2;2;27;73,85766;-0,145529;0,7640891;-1,295727;-0,1551736;0,7619567;-1,568391;0,2430818;0,7711949;-1,621573;
00002;004;63732496891,6524;-0,02196223;0,7664868;-1,275167;0,9266991;0,1580988;0,324288;-0,1052181;4;2;28;76,75463;-0,05384754;0,7663392;-1,315279;-0,1551736;0,7619567;-1,568391;0,2430818;0,7711949;-1,621573;
00002;004;63732496894,3539;0,1238654;0,8162107;-1,411221;0,1818182;-0,9324391;0,06336259;-0,3057527;6;2;29;79,4566;0,08326462;0,7707028;-1,438939;-0,1551736;0,7619567;-1,568391;0,2430818;0,7711949;-1,621573;
00002;004;63732496896,8001;-0,1195229;0,7659412;-1,201759;0,9450976;0,1944473;0,2509973;-0,07733834;3;2;30;81,90305;-0,142848;0,7633561;-1,220778;-0,1551736;0,7619567;-1,568391;0,2430818;0,7711949;-1,621573;
00002;004;63732496900,7413;-0,03631213;0,7654631;-1,265621;-0,9460316;-0,1808731;-0,2581656;0,07523138;4;2;31;85,8443;-0,05384754;0,7663392;-1,315279;-0,1551736;0,7619567;-1,568391;0,2430818;0,7711949;-1,621573;
00002;004;63732496903,138;-0,1277932;0,7656777;-1,26146;0,9263719;0,1904131;0,3092807;-0,09961654;2;2;32;88,24059;-0,145529;0,7640891;-1,295727;-0,1551736;0,7619567;-1,568391;0,2430818;0,7711949;-1,621573;
00002;004;63732496905,9925;-0,1394001;0,7668228;-1,410101;0,9305901;0,1910072;0,3004198;-0,08524303;0;2;33;91,09508;-0,1508909;0,765555;-1,445624;-0,1551736;0,7619567;-1,568391;0,2430818;0,7711949;-1,621573;
00002;004;63732496908,6631;0,03986147;0,7669608;-1,327027;0,9157717;0,1422528;0,3603322;-0,1062405;5;2;34;93,76582;0,02561156;0,768636;-1,365016;-0,1551736;0,7619567;-1,568391;0,2430818;0,7711949;-1,621573;
00002;004;63732496911,7085;-0,1480087;0,7666451;-1,335605;-0,9642193;-0,139941;-0,2034301;0,09650909;1;2;35;96,81111;-0,1482099;0,7648221;-1,370675;-0,1551736;0,7619567;-1,568391;0,2430818;0,7711949;-1,621573;
00002;004;63732496914,0677;-0,1458769;0,7661396;-1,330175;-0,953042;-0,1788136;-0,2354813;0,06546121;1;2;36;99,17059;-0,1482099;0,7648221;-1,370675;-0,1551736;0,7619567;-1,568391;0,2430818;0,7711949;-1,621573;
00002;004;63732496916,5035;-0,1334594;0,7656418;-1,182045;-0,9702619;-0,1678819;-0,1582538;0,07323405;3;2;37;101,6063;-0,142848;0,7633561;-1,220778;-0,1551736;0,7619567;-1,568391;0,2430818;0,7711949;-1,621573;
00002;004;63732496919,2521;0,1153851;0,8163187;-1,404064;-0,09027123;0,9473166;-0,04599299;0,3038536;6;2;38;104,3548;0,08326462;0,7707028;-1,438939;-0,1551736;0,7619567;-1,568391;0,2430818;0,7711949;-1,621573;
00002;004;63732496921,6641;0,05165452;0,7669079;-1,318282;-0,9242627;-0,1513883;-0,336673;0,09732146;5;2;39;106,7668;0,02561156;0,768636;-1,365016;-0,1551736;0,7619567;-1,568391;0,2430818;0,7711949;-1,621573;
00002;004;63732496923,9318;-0,1433212;0,7667058;-1,400234;-0,9289674;-0,1423361;-0,3253789;0,1043489;0;2;40;109,0345;-0,1508909;0,765555;-1,445624;-0,1551736;0,7619567;-1,568391;0,2430818;0,7711949;-1,621573;
00002;004;63732496926,1816;-0,02707512;0,7666371;-1,273724;-0,9502701;-0,1214401;-0,2661516;0,1067822;4;2;41;111,284;-0,05384754;0,7663392;-1,315279;-0,1551736;0,7619567;-1,568391;0,2430818;0,7711949;-1,621573;
00002;004;63732496928,7098;-0,1306424;0,7656961;-1,242306;-0,9705243;-0,1580686;-0,1646718;0,07733251;2;2;42;113,8122;-0,145529;0,7640891;-1,295727;-0,1551736;0,7619567;-1,568391;0,2430818;0,7711949;-1,621573;
00002;004;63732496931,2039;0,1132534;0,8114561;-1,409103;-0,02216473;0,9402676;-0,08574334;0,3287152;6;2;43;116,3065;0,08326462;0,7707028;-1,438939;-0,1551736;0,7619567;-1,568391;0,2430818;0,7711949;-1,621573;
00002;004;63732496934,1085;0,04413224;0,7673811;-1,31443;-0,9237198;-0,1134691;-0,3456452;0,1199832;5;2;44;119,2111;0,02561156;0,768636;-1,365016;-0,1551736;0,7619567;-1,568391;0,2430818;0,7711949;-1,621573;
00002;004;63732496936,6398;-0,1474639;0,7667372;-1,401677;-0,9493065;-0,1684608;-0,2554896;0,07185433;0;2;45;121,7425;-0,1508909;0,765555;-1,445624;-0,1551736;0,7619567;-1,568391;0,2430818;0,7711949;-1,621573;
00002;004;63732496938,8995;-0,03225552;0,7659022;-1,264827;-0,9491419;-0,159998;-0,2581383;0,08303522;4;2;46;124,0021;-0,05384754;0,7663392;-1,315279;-0,1551736;0,7619567;-1,568391;0,2430818;0,7711949;-1,621573;
00002;004;63732496941,4693;-0,1347134;0,765175;-1,169837;-0,973739;-0,1962386;-0,1059745;0,04574084;3;2;47;126,572;-0,142848;0,7633561;-1,220778;-0,1551736;0,7619567;-1,568391;0,2430818;0,7711949;-1,621573;
00002;004;63732496944,0025;-0,1406471;0,7657576;-1,325988;-0,9583263;-0,1864798;-0,2076589;0,06094128;1;2;48;129,105;-0,1482099;0,7648221;-1,370675;-0,1551736;0,7619567;-1,568391;0,2430818;0,7711949;-1,621573;
00002;004;63732496948,2916;-0,1406901;0,7655766;-1,235068;-0,9702423;-0,1503786;-0,1684301;0,08745068;2;2;49;133,3943;-0,145529;0,7640891;-1,295727;-0,1551736;0,7619567;-1,568391;0,2430818;0,7711949;-1,621573;
00002;004;63732496951,319;-0,1535489;0,7655749;-1,242303;-0,971983;-0,1642295;-0,1512177;0,07355957;2;2;50;136,4216;-0,145529;0,7640891;-1,295727;-0,1551736;0,7619567;-1,568391;0,2430818;0,7711949;-1,621573;
00002;004;63732496953,7217;0,0359459;0,7667098;-1,30643;-0,9433616;-0,1847682;-0,2646889;0,07661294;5;2;51;138,8244;0,02561156;0,768636;-1,365016;-0,1551736;0,7619567;-1,568391;0,2430818;0,7711949;-1,621573;
00002;004;63732496956,5685;-0,159176;0,7667351;-1,407542;-0,9386653;-0,1884924;-0,2792614;0,07342432;0;2;52;141,6709;-0,1508909;0,765555;-1,445624;-0,1551736;0,7619567;-1,568391;0,2430818;0,7711949;-1,621573;
00002;004;63732496958,8661;-0,1362507;0,7657518;-1,165028;-0,9717525;-0,1718012;-0,1469611;0,06770567;3;2;53;143,9687;-0,142848;0,7633561;-1,220778;-0,1551736;0,7619567;-1,568391;0,2430818;0,7711949;-1,621573;
00002;004;63732496961,5978;0,1080449;0,7687195;-1,394575;0,9050902;0,1501014;0,3847834;-0,1011096;6;2;54;146,7005;0,08326462;0,7707028;-1,438939;-0,1551736;0,7619567;-1,568391;0,2430818;0,7711949;-1,621573;
00002;004;63732496965,0214;-0,04510808;0,7659039;-1,260842;0,9441633;0,1553093;0,2762021;-0,09026138;4;2;55;150,1237;-0,05384754;0,7663392;-1,315279;-0,1551736;0,7619567;-1,568391;0,2430818;0,7711949;-1,621573;
00002;004;63732496967,6826;-0,1437669;0,7660928;-1,333974;-0,9516864;-0,1656229;-0,2449296;0,08289494;1;2;56;152,7852;-0,1482099;0,7648221;-1,370675;-0,1551736;0,7619567;-1,568391;0,2430818;0,7711949;-1,621573;
00002;004;63732496970,7636;0,05407683;0,7665349;-1,310493;-0,928641;-0,17781;-0,3129479;0,08985043;5;2;57;155,8662;0,02561156;0,768636;-1,365016;-0,1551736;0,7619567;-1,568391;0,2430818;0,7711949;-1,621573;
00002;004;63732496973,3119;-0,1366044;0,7652571;-1,190978;-0,9739712;-0,1863427;-0,1207085;0,04567358;3;2;58;158,4146;-0,142848;0,7633561;-1,220778;-0,1551736;0,7619567;-1,568391;0,2430818;0,7711949;-1,621573;
00002;004;63732496976,8637;-0,1524621;0,7658432;-1,246158;-0,9788101;-0,1613832;-0,1053936;0,06912707;2;2;59;161,9662;-0,145529;0,7640891;-1,295727;-0,1551736;0,7619567;-1,568391;0,2430818;0,7711949;-1,621573;
00002;004;63732496979,3778;-0,1503816;0,7669044;-1,389205;-0,9603248;-0,1675295;-0,2099831;0,07494859;0;2;60;164,4803;-0,1508909;0,765555;-1,445624;-0,1551736;0,7619567;-1,568391;0,2430818;0,7711949;-1,621573;
00002;004;63732496981,7457;-0,156391;0,7658659;-1,315655;-0,9632536;-0,1868893;-0,1823024;0,06309389;1;2;61;166,8485;-0,1482099;0,7648221;-1,370675;-0,1551736;0,7619567;-1,568391;0,2430818;0,7711949;-1,621573;
00002;004;63732496984,6723;0,110042;0,7689741;-1,366365;0,9189451;0,1376703;0,3532143;-0,1087501;6;2;62;169,7749;0,08326462;0,7707028;-1,438939;-0,1551736;0,7619567;-1,568391;0,2430818;0,7711949;-1,621573;
00002;004;63732496987,1366;-0,02832259;0,7660398;-1,244116;0,9628687;0,154252;0,2058579;-0,08193174;4;2;63;172,2395;-0,05384754;0,7663392;-1,315279;-0,1551736;0,7619567;-1,568391;0,2430818;0,7711949;-1,621573;
00002;004;63732496989,6072;-0,1502533;0,7670854;-1,400563;0,9577476;0,1779753;0,2143415;-0,07142986;0;2;64;174,7097;-0,1508909;0,765555;-1,445624;-0,1551736;0,7619567;-1,568391;0,2430818;0,7711949;-1,621573;
00002;004;63732496992,0532;0,09730451;0,7685595;-1,377856;-0,9213716;-0,1392223;-0,3471583;0,105701;6;2;65;177,1558;0,08326462;0,7707028;-1,438939;-0,1551736;0,7619567;-1,568391;0,2430818;0,7711949;-1,621573;
00002;004;63732496994,6279;-0,1400997;0,765498;-1,224843;-0,9762636;-0,1717989;-0,1171111;0,06065977;2;2;66;179,7307;-0,145529;0,7640891;-1,295727;-0,1551736;0,7619567;-1,568391;0,2430818;0,7711949;-1,621573;
00002;004;63732496998,1527;-0,1486654;0,7656099;-1,173767;-0,9766989;-0,1688936;-0,1162904;0,06333052;3;2;67;183,255;-0,142848;0,7633561;-1,220778;-0,1551736;0,7619567;-1,568391;0,2430818;0,7711949;-1,621573;
00002;004;63732497001,09;-0,1449047;0,7657654;-1,314326;-0,9598429;-0,138907;-0,2224558;0,09959906;1;2;68;186,1923;-0,1482099;0,7648221;-1,370675;-0,1551736;0,7619567;-1,568391;0,2430818;0,7711949;-1,621573;
00002;004;63732497003,8664;0,02728714;0,766789;-1,314482;-0,9266116;-0,1897084;-0,3119604;0,08990265;5;2;69;188,969;0,02561156;0,768636;-1,365016;-0,1551736;0,7619567;-1,568391;0,2430818;0,7711949;-1,621573;
00002;004;63732497006,4191;-0,04904692;0,7653763;-1,266392;-0,9499336;-0,1868006;-0,2397611;0,07243238;4;2;70;191,5216;-0,05384754;0,7663392;-1,315279;-0,1551736;0,7619567;-1,568391;0,2430818;0,7711949;-1,621573;
00002;004;63732497008,7605;-0,1468892;0,7665434;-1,400203;-0,9494664;-0,1591009;-0,2575594;0,08284701;0;2;71;193,863;-0,1508909;0,765555;-1,445624;-0,1551736;0,7619567;-1,568391;0,2430818;0,7711949;-1,621573;
00002;004;63732497011,3564;0,1174161;0,8122388;-1,384214;0,1346899;-0,9065753;0,08452181;-0,3909424;6;2;72;196,4585;0,08326462;0,7707028;-1,438939;-0,1551736;0,7619567;-1,568391;0,2430818;0,7711949;-1,621573;
00002;004;63732497013,8846;-0,138129;0,7658629;-1,173597;0,9810511;0,1548331;0,09333896;-0,06966538;3;2;73;198,9869;-0,142848;0,7633561;-1,220778;-0,1551736;0,7619567;-1,568391;0,2430818;0,7711949;-1,621573;
00002;004;63732497016,4837;-0,04460763;0,766146;-1,261062;0,9598154;0,142952;0,223849;-0,09061401;4;2;74;201,5859;-0,05384754;0,7663392;-1,315279;-0,1551736;0,7619567;-1,568391;0,2430818;0,7711949;-1,621573;
00002;004;63732497019,1242;-0,1383153;0,7651606;-1,245943;0,9718567;0,1799315;0,1391185;-0,06136329;2;2;75;204,2265;-0,145529;0,7640891;-1,295727;-0,1551736;0,7619567;-1,568391;0,2430818;0,7711949;-1,621573;
00002;004;63732497022,4215;0,0357152;0,7669907;-1,290509;-0,9647092;-0,1473495;-0,1978251;0,09213863;5;2;76;207,5243;0,02561156;0,768636;-1,365016;-0,1551736;0,7619567;-1,568391;0,2430818;0,7711949;-1,621573;
00002;004;63732497025,6428;-0,1480439;0,7655853;-1,324011;-0,9694564;-0,191101;-0,1430828;0,05623123;1;2;77;210,7455;-0,1482099;0,7648221;-1,370675;-0,1551736;0,7619567;-1,568391;0,2430818;0,7711949;-1,621573;
00002;004;63732497028,6917;-0,1517246;0,765534;-1,22434;-0,9831488;-0,1308853;-0,08749948;0,09290593;2;2;78;213,7945;-0,145529;0,7640891;-1,295727;-0,1551736;0,7619567;-1,568391;0,2430818;0,7711949;-1,621573;
00002;004;63732497031,4622;-0,1432938;0,7651447;-1,170808;-0,9794599;-0,1691404;-0,09464823;0,05560261;3;2;79;216,5644;-0,142848;0,7633561;-1,220778;-0,1551736;0,7619567;-1,568391;0,2430818;0,7711949;-1,621573;
00002;004;63732497034,361;-0,05261211;0,7654857;-1,248407;-0,9651459;-0,1589186;-0,1934084;0,07636423;4;2;80;219,4635;-0,05384754;0,7663392;-1,315279;-0,1551736;0,7619567;-1,568391;0,2430818;0,7711949;-1,621573;
00002;004;63732497036,7657;-0,1575902;0,7653243;-1,302959;-0,9645582;-0,1863449;-0,1763348;0,06171863;1;2;81;221,8687;-0,1482099;0,7648221;-1,370675;-0,1551736;0,7619567;-1,568391;0,2430818;0,7711949;-1,621573;
00002;004;63732497038,8491;-0,1534529;0,7661735;-1,396104;-0,9581166;-0,1598894;-0,2211268;0,08689657;0;2;82;223,9521;-0,1508909;0,765555;-1,445624;-0,1551736;0,7619567;-1,568391;0,2430818;0,7711949;-1,621573;
00002;004;63732497041,3683;0,09811172;0,7679988;-1,363748;-0,9248765;-0,1542203;-0,3319095;0,1032265;6;2;83;226,4709;0,08326462;0,7707028;-1,438939;-0,1551736;0,7619567;-1,568391;0,2430818;0,7711949;-1,621573;
00002;004;63732497044,1155;0,04179225;0,7668266;-1,287946;-0,9466786;-0,1293345;-0,2761791;0,1039107;5;2;84;229,2179;0,02561156;0,768636;-1,365016;-0,1551736;0,7619567;-1,568391;0,2430818;0,7711949;-1,621573;
00002;004;63732497046,975;0,04091614;0,7660723;-1,300465;-0,9506862;-0,1746695;-0,2448825;0,07562362;5;2;85;232,0777;0,02561156;0,768636;-1,365016;-0,1551736;0,7619567;-1,568391;0,2430818;0,7711949;-1,621573;
00002;004;63732497049,3339;-0,1541474;0,7672168;-1,397212;-0,9610758;-0,1234178;-0,2192667;0,1141206;0;2;86;234,4369;-0,1508909;0,765555;-1,445624;-0,1551736;0,7619567;-1,568391;0,2430818;0,7711949;-1,621573;
00002;004;63732497051,579;-0,04098768;0,7663044;-1,238531;-0,9609467;-0,1279069;-0,2227618;0,1029497;4;2;87;236,682;-0,05384754;0,7663392;-1,315279;-0,1551736;0,7619567;-1,568391;0,2430818;0,7711949;-1,621573;
00002;004;63732497053,8991;-0,1470238;0,7655267;-1,311063;-0,9576783;-0,179059;-0,214105;0,07035077;1;2;88;239,0013;-0,1482099;0,7648221;-1,370675;-0,1551736;0,7619567;-1,568391;0,2430818;0,7711949;-1,621573;
00002;004;63732497057,6958;0,1067018;0,8094209;-1,393261;0,04484337;-0,9173856;0,1428793;-0,3687524;6;2;89;242,7982;0,08326462;0,7707028;-1,438939;-0,1551736;0,7619567;-1,568391;0,2430818;0,7711949;-1,621573;
00002;004;63732497061,2169;-0,1393475;0,7652913;-1,241274;0,9705184;0,1588914;0,162573;-0,08010977;2;2;90;246,3193;-0,145529;0,7640891;-1,295727;-0,1551736;0,7619567;-1,568391;0,2430818;0,7711949;-1,621573;
00002;004;63732497063,7525;-0,1389603;0,7664999;-1,174594;0,970271;0,13709;0,1693301;-0,1053938;3;2;91;248,8546;-0,142848;0,7633561;-1,220778;-0,1551736;0,7619567;-1,568391;0,2430818;0,7711949;-1,621573;
00002;004;63732497066,9942;0,01468343;0,7662811;-1,296485;0,952534;0,1324114;0,2543667;-0,102195;5;2;92;252,0967;0,02561156;0,768636;-1,365016;-0,1551736;0,7619567;-1,568391;0,2430818;0,7711949;-1,621573;
00002;004;63732497069,5317;-0,1556076;0,7656429;-1,32535;0,9654183;0,1880556;0,1693869;-0,0625351;1;2;93;254,6342;-0,1482099;0,7648221;-1,370675;-0,1551736;0,7619567;-1,568391;0,2430818;0,7711949;-1,621573;
00002;004;63732497071,7765;-0,1541591;0,7663792;-1,4173;0,9349518;0,1854434;0,2911077;-0,08204959;0;2;94;256,8796;-0,1508909;0,765555;-1,445624;-0,1551736;0,7619567;-1,568391;0,2430818;0,7711949;-1,621573;
00002;004;63732497073,9384;-0,03888224;0,7663442;-1,253219;0,9520208;0,1412954;0,2543267;-0,09492126;4;2;95;259,0406;-0,05384754;0,7663392;-1,315279;-0,1551736;0,7619567;-1,568391;0,2430818;0,7711949;-1,621573;
00002;004;63732497076,5412;-0,1517369;0,7660634;-1,205541;0,9806321;0,1141146;0,1207201;-0,1037557;2;2;96;261,6439;-0,145529;0,7640891;-1,295727;-0,1551736;0,7619567;-1,568391;0,2430818;0,7711949;-1,621573;
00002;004;63732497079,3443;0,09884404;0,7692081;-1,359993;0,9320558;0,09857466;0,3195621;-0,1394097;6;2;97;264,4474;0,08326462;0,7707028;-1,438939;-0,1551736;0,7619567;-1,568391;0,2430818;0,7711949;-1,621573;
00002;004;63732497082,0446;-0,145978;0,7652022;-1,161573;0,9837371;0,1532008;0,06261643;-0,06978652;3;2;98;267,147;-0,142848;0,7633561;-1,220778;-0,1551736;0,7619567;-1,568391;0,2430818;0,7711949;-1,621573;
00002;004;63732497084,9176;-0,1484719;0,7659222;-1,249056;0,9754585;0,1378345;0,1552048;-0,07344333;2;2;99;270,0203;-0,145529;0,7640891;-1,295727;-0,1551736;0,7619567;-1,568391;0,2430818;0,7711949;-1,621573;
00002;004;63732497087,4546;0,1017751;0,8136237;-1,389811;-0,1131221;0,9305291;-0,07310801;0,3405499;6;2;100;272,5576;0,08326462;0,7707028;-1,438939;-0,1551736;0,7619567;-1,568391;0,2430818;0,7711949;-1,621573;
00002;004;63732497089,9135;-0,04629506;0,7656993;-1,250151;-0,9555899;-0,1334053;-0,2406748;0,1054836;4;2;101;275,0159;-0,05384754;0,7663392;-1,315279;-0,1551736;0,7619567;-1,568391;0,2430818;0,7711949;-1,621573;
00002;004;63732497092,933;-0,1599881;0,7656219;-1,301403;0,9656497;0,1880382;0,1676364;-0,06372234;1;2;102;278,0353;-0,1482099;0,7648221;-1,370675;-0,1551736;0,7619567;-1,568391;0,2430818;0,7711949;-1,621573;
00002;004;63732497095,3961;0,02233356;0,7669973;-1,306227;0,9415462;0,1335743;0,2886239;-0,111108;5;2;103;280,4984;0,02561156;0,768636;-1,365016;-0,1551736;0,7619567;-1,568391;0,2430818;0,7711949;-1,621573;
00002;004;63732497097,7185;-0,1588625;0,7659547;-1,408294;0,9484239;0,2019758;0,2291014;-0,08491394;0;2;104;282,8214;-0,1508909;0,765555;-1,445624;-0,1551736;0,7619567;-1,568391;0,2430818;0,7711949;-1,621573;
00002;004;63732497100,0207;-0,1461756;0,7651562;-1,168092;0,9791113;0,1717666;0,09191282;-0,05821992;3;2;105;285,1231;-0,142848;0,7633561;-1,220778;-0,1551736;0,7619567;-1,568391;0,2430818;0,7711949;-1,621573;
00002;004;63732497102,8231;0,09445414;0,7694135;-1,380561;-0,924681;-0,07794025;-0,3450513;0,1408192;6;2;106;287,9259;0,08326462;0,7707028;-1,438939;-0,1551736;0,7619567;-1,568391;0,2430818;0,7711949;-1,621573;
00002;004;63732497105,269;-0,1550357;0,7669633;-1,392024;0,9518542;0,172875;0,2386364;-0,08450183;0;2;107;290,3714;-0,1508909;0,765555;-1,445624;-0,1551736;0,7619567;-1,568391;0,2430818;0,7711949;-1,621573;
00002;004;63732497107,6104;-0,1464175;0,7655038;-1,166134;0,9805453;0,163535;0,07297711;-0,08038423;3;2;108;292,7134;-0,142848;0,7633561;-1,220778;-0,1551736;0,7619567;-1,568391;0,2430818;0,7711949;-1,621573;
00002;004;63732497110,329;0,03474319;0,7668919;-1,292448;0,9232763;0,1455866;0,338212;-0,1094448;5;2;109;295,4319;0,02561156;0,768636;-1,365016;-0,1551736;0,7619567;-1,568391;0,2430818;0,7711949;-1,621573;
00002;004;63732497112,7296;-0,1493932;0,766368;-1,240516;0,9766454;0,1546111;0,1222854;-0,08547253;2;2;110;297,8322;-0,145529;0,7640891;-1,295727;-0,1551736;0,7619567;-1,568391;0,2430818;0,7711949;-1,621573;
00002;004;63732497115,1489;-0,1579855;0,7666985;-1,319517;0,9780198;0,1446156;0,1216361;-0,08813787;1;2;111;300,2519;-0,1482099;0,7648221;-1,370675;-0,1551736;0,7619567;-1,568391;0,2430818;0,7711949;-1,621573;
00002;004;63732497117,399;-0,04486538;0,7660835;-1,249599;0,9595695;0,1423667;0,2195046;-0,1038074;4;2;112;302,5016;-0,05384754;0,7663392;-1,315279;-0,1551736;0,7619567;-1,568391;0,2430818;0,7711949;-1,621573;
00002;004;63732497119,5883;-0,1502631;0,7675549;-1,408123;0,9578322;0,1517655;0,2256843;-0,09268957;0;2;113;304,6911;-0,1508909;0,765555;-1,445624;-0,1551736;0,7619567;-1,568391;0,2430818;0,7711949;-1,621573;
00002;004;63732497121,8363;-0,1507585;0,7659788;-1,313319;0,9638267;0,1646472;0,1939714;-0,07940146;1;2;114;306,9387;-0,1482099;0,7648221;-1,370675;-0,1551736;0,7619567;-1,568391;0,2430818;0,7711949;-1,621573;
00002;004;63732497124,7386;-0,04244119;0,7655435;-1,249632;0,9525533;0,1607563;0,2453218;-0,08134329;4;2;115;309,8417;-0,05384754;0,7663392;-1,315279;-0,1551736;0,7619567;-1,568391;0,2430818;0,7711949;-1,621573;
00002;004;63732497127,1906;0,1013749;0,8115942;-1,384915;0,1049193;-0,9158604;0,1052334;-0,3729849;6;2;116;312,293;0,08326462;0,7707028;-1,438939;-0,1551736;0,7619567;-1,568391;0,2430818;0,7711949;-1,621573;
00002;004;63732497129,5201;-0,1307263;0,7654222;-1,157453;0,9830597;0,1551806;0,06848173;-0,06944732;3;2;117;314,6225;-0,142848;0,7633561;-1,220778;-0,1551736;0,7619567;-1,568391;0,2430818;0,7711949;-1,621573;
00002;004;63732497132,0331;0,04682098;0,7669787;-1,298446;0,9337666;0,1508151;0,3085206;-0,100747;5;2;118;317,1356;0,02561156;0,768636;-1,365016;-0,1551736;0,7619567;-1,568391;0,2430818;0,7711949;-1,621573;
00002;004;63732497134,4234;-0,1459675;0,7655905;-1,229994;0,9758828;0,186703;0,09938269;-0,05401767;2;2;119;319,5262;-0,145529;0,7640891;-1,295727;-0,1551736;0,7619567;-1,568391;0,2430818;0,7711949;-1,621573;
00002;004;63732497136,6895;-0,1405856;0,7667016;-1,393009;0,9569432;0,1694745;0,225524;-0,06839013;0;2;120;321,7923;-0,1508909;0,765555;-1,445624;-0,1551736;0,7619567;-1,568391;0,2430818;0,7711949;-1,621573;
00002;004;63732497139,0575;-0,04218023;0,7654712;-1,240017;0,9542388;0,1660032;0,2352724;-0,08073565;4;2;121;324,1603;-0,05384754;0,7663392;-1,315279;-0,1551736;0,7619567;-1,568391;0,2430818;0,7711949;-1,621573;
00002;004;63732497141,3699;-0,1471847;0,765802;-1,31782;-0,9676026;-0,1813325;-0,1627125;0,06624588;1;2;122;326,4722;-0,1482099;0,7648221;-1,370675;-0,1551736;0,7619567;-1,568391;0,2430818;0,7711949;-1,621573;
00002;004;63732497143,7282;-0,1414153;0,7653142;-1,170952;-0,9825394;-0,1562474;-0,06849297;0,07424146;3;2;123;328,8303;-0,142848;0,7633561;-1,220778;-0,1551736;0,7619567;-1,568391;0,2430818;0,7711949;-1,621573;
00002;004;63732497146,4911;-0,1566628;0,7667691;-1,242285;-0,9743239;-0,1687793;-0,112535;0,0976845;2;2;124;331,5938;-0,145529;0,7640891;-1,295727;-0,1551736;0,7619567;-1,568391;0,2430818;0,7711949;-1,621573;
00002;004;63732497148,786;0,03285108;0,7671247;-1,304895;-0,926807;-0,1495745;-0,3257417;0,1120209;5;2;125;333,8889;0,02561156;0,768636;-1,365016;-0,1551736;0,7619567;-1,568391;0,2430818;0,7711949;-1,621573;
00002;004;63732497151,1855;0,09840737;0,7684855;-1,391171;-0,8716061;-0,1352198;-0,4547498;0,1233742;6;2;126;336,288;0,08326462;0,7707028;-1,438939;-0,1551736;0,7619567;-1,568391;0,2430818;0,7711949;-1,621573;
00002;004;63732497153,5891;-0,1338928;0,7652287;-1,188486;-0,9779925;-0,1678767;-0,1081503;0,06042948;3;2;127;338,692;-0,142848;0,7633561;-1,220778;-0,1551736;0,7619567;-1,568391;0,2430818;0,7711949;-1,621573;
00002;004;63732497156,0239;0,03057269;0,7670782;-1,31892;-0,9048928;-0,1683453;-0,3777342;0,1007269;5;2;128;341,1268;0,02561156;0,768636;-1,365016;-0,1551736;0,7619567;-1,568391;0,2430818;0,7711949;-1,621573;
00002;004;63732497158,6268;-0,140625;0,7655233;-1,230437;-0,9740912;-0,1847585;-0,1170788;0,05747443;2;2;129;343,7296;-0,145529;0,7640891;-1,295727;-0,1551736;0,7619567;-1,568391;0,2430818;0,7711949;-1,621573;
00002;004;63732497160,962;0,08024313;0,7675957;-1,38122;0,8955263;0,147887;0,3978764;-0,133628;6;2;130;346,0645;0,08326462;0,7707028;-1,438939;-0,1551736;0,7619567;-1,568391;0,2430818;0,7711949;-1,621573;
00002;004;63732497163,3542;-0,04677932;0,7665112;-1,262875;0,939743;0,1900931;0,2675204;-0,09581537;4;2;131;348,457;-0,05384754;0,7663392;-1,315279;-0,1551736;0,7619567;-1,568391;0,2430818;0,7711949;-1,621573;
00002;004;63732497165,7369;-0,1464246;0,7660332;-1,311154;0,9500625;0,1809368;0,2405945;-0,0822028;1;2;132;350,8394;-0,1482099;0,7648221;-1,370675;-0,1551736;0,7619567;-1,568391;0,2430818;0,7711949;-1,621573;
00002;004;63732497167,8024;-0,1509101;0,7666103;-1,397947;0,9341952;0,1714251;0,3000287;-0,08874479;0;2;133;352,9054;-0,1508909;0,765555;-1,445624;-0,1551736;0,7619567;-1,568391;0,2430818;0,7711949;-1,621573;
00002;004;63732497170,065;-0,1522504;0,7658826;-1,312653;0,9521919;0,2031916;0,2153296;-0,07534488;1;2;134;355,1675;-0,1482099;0,7648221;-1,370675;-0,1551736;0,7619567;-1,568391;0,2430818;0,7711949;-1,621573;
00002;004;63732497172,1675;0,08984185;0,7687225;-1,386265;0,8788528;0,1280034;0,4411843;-0,1287998;6;2;135;357,2702;0,08326462;0,7707028;-1,438939;-0,1551736;0,7619567;-1,568391;0,2430818;0,7711949;-1,621573;
00002;004;63732497174,4563;0,04000918;0,7670621;-1,302684;0,9390765;0,1436318;0,2938937;-0,1055072;5;2;136;359,5586;0,02561156;0,768636;-1,365016;-0,1551736;0,7619567;-1,568391;0,2430818;0,7711949;-1,621573;
00002;004;63732497176,9011;-0,1435436;0,7653441;-1,233711;0,9688899;0,1550315;0,1726677;-0,08604329;2;2;137;362,0033;-0,145529;0,7640891;-1,295727;-0,1551736;0,7619567;-1,568391;0,2430818;0,7711949;-1,621573;
00002;004;63732497179,5201;-0,1390185;0,766258;-1,159462;0,9759614;0,1424782;0,1336303;-0,09665517;3;2;138;364,6226;-0,142848;0,7633561;-1,220778;-0,1551736;0,7619567;-1,568391;0,2430818;0,7711949;-1,621573;
00002;004;63732497181,8594;-0,1534598;0,767036;-1,368763;0,9591297;0,1916511;0,1930654;-0,07788371;0;2;139;366,962;-0,1508909;0,765555;-1,445624;-0,1551736;0,7619567;-1,568391;0,2430818;0,7711949;-1,621573;
00002;004;63732497184,2483;-0,04254461;0,7656192;-1,253137;0,94493;0,1800616;0,2621589;-0,07718681;4;2;140;369,3507;-0,05384754;0,7663392;-1,315279;-0,1551736;0,7619567;-1,568391;0,2430818;0,7711949;-1,621573;
00002;004;63732498461,6367;-0,1391157;0,770272;-1,427118;-0,9816257;-0,09511643;0,07312113;-0,1483823;0;3;1;15,6418;-0,1523273;0,7733411;-1,44736;-0,1558956;0,7690826;-1,570129;0,2427902;0,77089;-1,620798;
00002;004;63732498469,4001;-0,1370534;0,7682149;-1,223939;-0,9877499;-0,1066364;0,0676632;-0,09165391;3;3;2;23,405;-0,1457499;0,7723493;-1,222459;-0,1558956;0,7690826;-1,570129;0,2427902;0,77089;-1,620798;
00002;004;63732498480,6041;0,03634104;0,7702662;-1,375112;-0,9841116;-0,1503267;-0,08351923;-0,04416864;5;3;3;34,60855;0,02368777;0,7737547;-1,365636;-0,1558956;0,7690826;-1,570129;0,2427902;0,77089;-1,620798;
00002;004;63732498491,305;-0,03770886;0,7695469;-1,332079;-0,9874758;-0,1110173;-0,04582861;-0,1023059;4;3;4;45,31018;-0,05611329;0,7731754;-1,316399;-0,1558956;0,7690826;-1,570129;0,2427902;0,77089;-1,620798;
00002;004;63732498505,5382;0,09240985;0,7721592;-1,447387;-0,9645155;-0,126312;-0,2294595;-0,03321917;6;3;5;59,54318;0,08183582;0,774348;-1,439198;-0,1558956;0,7690826;-1,570129;0,2427902;0,77089;-1,620798;
00002;004;63732498523,3276;-0,1500619;0,7679389;-1,305309;0,9812798;0,1367251;-0,09280366;0,09891295;2;3;6;77,33243;-0,1479423;0,7726799;-1,297426;-0,1558956;0,7690826;-1,570129;0,2427902;0,77089;-1,620798;
00002;004;63732498531,0339;-0,1450278;0,7702204;-1,376928;0,9777918;0,06099178;-0,1034216;0,1717766;1;3;7;85,03912;-0,1501348;0,7730105;-1,372393;-0,1558956;0,7690826;-1,570129;0,2427902;0,77089;-1,620798;
00002;004;63732498539,4345;-0,1357758;0,7688151;-1,28529;0,9832143;0,08935117;-0,04937402;0,1512227;2;3;8;93,43901;-0,1479423;0,7726799;-1,297426;-0,1558956;0,7690826;-1,570129;0,2427902;0,77089;-1,620798;
00002;004;63732498547,7221;-0,1646493;0,77083;-1,453303;0,9767469;0,09716096;-0,1518309;0,1160719;0;3;9;101,7267;-0,1523273;0,7733411;-1,44736;-0,1558956;0,7690826;-1,570129;0,2427902;0,77089;-1,620798;
00002;004;63732498559,1269;-0,04509094;0,7693449;-1,329916;0,9896144;0,1114497;-0,02940738;0,08589247;4;3;10;113,1313;-0,05611329;0,7731754;-1,316399;-0,1558956;0,7690826;-1,570129;0,2427902;0,77089;-1,620798;
00002;004;63732498566,7124;0,04510255;0,771508;-1,361406;-0,9714266;-0,08908713;-0,128641;-0,1784525;5;3;11;120,7176;0,02368777;0,7737547;-1,365636;-0,1558956;0,7690826;-1,570129;0,2427902;0,77089;-1,620798;
00002;004;63732498576,0149;-0,1356302;0,7689812;-1,367207;-0,9828052;-0,1373545;0,1059422;-0,063277;1;3;12;130,0197;-0,1501348;0,7730105;-1,372393;-0,1558956;0,7690826;-1,570129;0,2427902;0,77089;-1,620798;
00002;004;63732498584,2486;0,09875688;0,7730392;-1,449423;-0,9663146;-0,1104337;-0,1682044;-0,1604616;6;3;13;138,2531;0,08183582;0,774348;-1,439198;-0,1558956;0,7690826;-1,570129;0,2427902;0,77089;-1,620798;
00002;004;63732498598,4276;-0,1494422;0,7675181;-1,213662;-0,9823244;-0,1239993;0,1025179;-0,09567092;3;3;14;152,4327;-0,1457499;0,7723493;-1,222459;-0,1558956;0,7690826;-1,570129;0,2427902;0,77089;-1,620798;
00002;004;63732498608,5314;0,0420516;0,7717776;-1,391939;-0,9729325;-0,1069497;-0,1338778;-0,1550508;5;3;15;162,536;0,02368777;0,7737547;-1,365636;-0,1558956;0,7690826;-1,570129;0,2427902;0,77089;-1,620798;
00002;004;63732498623,3742;-0,1519889;0,7680121;-1,290304;-0,9819913;-0,1163221;0,1011313;-0,1092459;2;3;16;177,3788;-0,1479423;0,7726799;-1,297426;-0,1558956;0,7690826;-1,570129;0,2427902;0,77089;-1,620798;
00002;004;63732498631,7849;-0,03813079;0,7692372;-1,314145;-0,9872416;-0,1066959;0,01908421;-0,1166447;4;3;17;185,7894;-0,05611329;0,7731754;-1,316399;-0,1558956;0,7690826;-1,570129;0,2427902;0,77089;-1,620798;
00002;004;63732498640,5313;0,1106108;0,7735644;-1,457849;-0,953778;-0,1214682;-0,2289131;-0,1521571;6;3;18;194,5363;0,08183582;0,774348;-1,439198;-0,1558956;0,7690826;-1,570129;0,2427902;0,77089;-1,620798;
00002;004;63732498648,2476;-0,1435373;0,7682577;-1,221043;-0,9882683;-0,1043809;0,05030483;-0,09949885;3;3;19;202,2521;-0,1457499;0,7723493;-1,222459;-0,1558956;0,7690826;-1,570129;0,2427902;0,77089;-1,620798;
00002;004;63732498656,9374;-0,154562;0,7698792;-1,433614;-0,9840687;-0,110438;0,09786626;-0,09916901;0;3;20;210,9418;-0,1523273;0,7733411;-1,44736;-0,1558956;0,7690826;-1,570129;0,2427902;0,77089;-1,620798;
00002;004;63732498668,3148;-0,1408954;0,7690865;-1,366136;0,9772221;0,1192839;-0,1158782;0,1318349;1;3;21;222,32;-0,1501348;0,7730105;-1,372393;-0,1558956;0,7690826;-1,570129;0,2427902;0,77089;-1,620798;
00002;004;63732498675,5472;-0,1546409;0,769259;-1,43755;0,9815598;0,1515669;-0,09699915;0,06449221;0;3;22;229,5522;-0,1523273;0,7733411;-1,44736;-0,1558956;0,7690826;-1,570129;0,2427902;0,77089;-1,620798;
00002;004;63732498684,8633;-0,1451159;0,7684254;-1,2798;0,9755116;0,07589079;-0,1300742;0,1603078;2;3;23;238,8683;-0,1479423;0,7726799;-1,297426;-0,1558956;0,7690826;-1,570129;0,2427902;0,77089;-1,620798;
00002;004;63732498693,6195;0,05025707;0,7707476;-1,363348;0,9831787;0,1322362;0,05484057;0,1134278;5;3;24;247,6244;0,02368777;0,7737547;-1,365636;-0,1558956;0,7690826;-1,570129;0,2427902;0,77089;-1,620798;
00002;004;63732498701,4943;-0,03614816;0,7698674;-1,299569;0,9842398;0,07700637;-0,01506265;0,1584773;4;3;25;255,4987;-0,05611329;0,7731754;-1,316399;-0,1558956;0,7690826;-1,570129;0,2427902;0,77089;-1,620798;
00002;004;63732498709,7169;0,09476695;0,7723269;-1,435385;0,9674051;0,1256173;0,1916144;0,1078497;6;3;26;263,7221;0,08183582;0,774348;-1,439198;-0,1558956;0,7690826;-1,570129;0,2427902;0,77089;-1,620798;
00002;004;63732498717,9354;-0,154112;0,7688038;-1,307074;0,9744436;0,04528179;-0,1347045;0,1739655;1;3;27;271,9399;-0,1501348;0,7730105;-1,372393;-0,1558956;0,7690826;-1,570129;0,2427902;0,77089;-1,620798;
00002;004;63732498727,0275;-0,1352682;0,7683044;-1,22031;0,9866974;0,09349783;-0,0695954;0,1133266;3;3;28;281,032;-0,1457499;0,7723493;-1,222459;-0,1558956;0,7690826;-1,570129;0,2427902;0,77089;-1,620798;
00002;004;63732498735,1817;-0,1226479;0,7690778;-1,215785;0,983095;0,0643113;-0,01084323;0,1710865;3;3;29;289,186;-0,1457499;0,7723493;-1,222459;-0,1558956;0,7690826;-1,570129;0,2427902;0,77089;-1,620798;
00002;004;63732498743,7704;-0,1315908;0,7684547;-1,363925;0,9786279;0,1358888;-0,1264275;0,08853129;1;3;30;297,7752;-0,1501348;0,7730105;-1,372393;-0,1558956;0,7690826;-1,570129;0,2427902;0,77089;-1,620798;
00002;004;63732498751,5346;-0,03828177;0,7692918;-1,303221;0,9875969;0,09827342;-0,04341773;0,114498;4;3;31;305,539;-0,05611329;0,7731754;-1,316399;-0,1558956;0,7690826;-1,570129;0,2427902;0,77089;-1,620798;
00002;004;63732498759,2102;-0,1302877;0,7681069;-1,226782;0,9874454;0,1213093;-0,04676633;0,0897134;2;3;32;313,2152;-0,1479423;0,7726799;-1,297426;-0,1558956;0,7690826;-1,570129;0,2427902;0,77089;-1,620798;
00002;004;63732498767,6194;0,03021176;0,7702935;-1,357605;0,9846643;0,1178206;0,0360071;0,123524;5;3;33;321,6242;0,02368777;0,7737547;-1,365636;-0,1558956;0,7690826;-1,570129;0,2427902;0,77089;-1,620798;
00002;004;63732498776,8346;0,1107973;0,7732704;-1,440119;0,9582646;0,1153125;0,224621;0,1340799;6;3;34;330,8393;0,08183582;0,774348;-1,439198;-0,1558956;0,7690826;-1,570129;0,2427902;0,77089;-1,620798;
00002;004;63732498784,9869;-0,1406352;0,76983;-1,433492;0,9818649;0,1097045;-0,07343308;0,136066;0;3;35;338,9919;-0,1523273;0,7733411;-1,44736;-0,1558956;0,7690826;-1,570129;0,2427902;0,77089;-1,620798;
00002;004;63732498792,8051;-0,1271434;0,7685335;-1,190548;0,9814861;0,05958393;-0,05459747;0,173649;3;3;36;346,8098;-0,1457499;0,7723493;-1,222459;-0,1558956;0,7690826;-1,570129;0,2427902;0,77089;-1,620798;
00002;004;63732498801,3359;-0,04050264;0,7693814;-1,299807;0,9820842;0,07968447;-0,0110913;0,1704056;4;3;37;355,3404;-0,05611329;0,7731754;-1,316399;-0,1558956;0,7690826;-1,570129;0,2427902;0,77089;-1,620798;
00002;004;63732498811,6841;-0,1454804;0,7704725;-1,428009;0,9755002;0,06989516;-0,1509025;0,1440228;0;3;38;365,689;-0,1523273;0,7733411;-1,44736;-0,1558956;0,7690826;-1,570129;0,2427902;0,77089;-1,620798;
00002;004;63732498824,5847;0,05854137;0,7707624;-1,353846;0,9865282;0,108085;0,07144571;0,09987655;5;3;39;378,5894;0,02368777;0,7737547;-1,365636;-0,1558956;0,7690826;-1,570129;0,2427902;0,77089;-1,620798;
00002;004;63732498833,3962;-0,1334274;0,7697155;-1,289219;0,9755745;0,03956614;-0,1019596;0,1905081;2;3;40;387,4011;-0,1479423;0,7726799;-1,297426;-0,1558956;0,7690826;-1,570129;0,2427902;0,77089;-1,620798;
00002;004;63732498841,8092;0,1095452;0,7720378;-1,444051;0,9676323;0,1237863;0,2068281;0,07474582;6;3;41;395,8141;0,08183582;0,774348;-1,439198;-0,1558956;0,7690826;-1,570129;0,2427902;0,77089;-1,620798;
00002;004;63732498851,9716;-0,142044;0,7696429;-1,361473;0,9683244;0,06774894;-0,1757291;0,1639436;1;3;42;405,976;-0,1501348;0,7730105;-1,372393;-0,1558956;0,7690826;-1,570129;0,2427902;0,77089;-1,620798;
00002;004;63732498859,5788;0,1261165;0,7725985;-1,441251;0,9544688;0,1205949;0,2303959;0,1461642;6;3;43;413,5832;0,08183582;0,774348;-1,439198;-0,1558956;0,7690826;-1,570129;0,2427902;0,77089;-1,620798;
00002;004;63732498868,045;-0,1463163;0,7693376;-1,298431;0,9745115;0,04842967;-0,1197081;0,1834446;2;3;44;422,0498;-0,1479423;0,7726799;-1,297426;-0,1558956;0,7690826;-1,570129;0,2427902;0,77089;-1,620798;
00002;004;63732498876,0652;-0,1381933;0,7701452;-1,374398;0,9716479;0,03823715;-0,1333811;0,191436;1;3;45;430,0705;-0,1501348;0,7730105;-1,372393;-0,1558956;0,7690826;-1,570129;0,2427902;0,77089;-1,620798;
00002;004;63732498884,9128;0,04993207;0,7709631;-1,353415;0,9795441;0,09687269;0,07759984;0,15839;5;3;46;438,9173;0,02368777;0,7737547;-1,365636;-0,1558956;0,7690826;-1,570129;0,2427902;0,77089;-1,620798;
00002;004;63732498893,6558;-0,1414293;0,7701253;-1,434735;0,9805993;0,0914387;-0,07764076;0,1550347;0;3;47;447,6607;-0,1523273;0,7733411;-1,44736;-0,1558956;0,7690826;-1,570129;0,2427902;0,77089;-1,620798;
00002;004;63732498903,1368;-0,1127247;0,7676168;-1,211126;-0,9811853;-0,09049575;0,09471669;-0,1418268;3;3;48;457,1414;-0,1457499;0,7723493;-1,222459;-0,1558956;0,7690826;-1,570129;0,2427902;0,77089;-1,620798;
00002;004;63732498912,1841;-0,02640615;0,7691088;-1,298896;-0,9819578;-0,09196027;0,05690106;-0,1551277;4;3;49;466,1884;-0,05611329;0,7731754;-1,316399;-0,1558956;0,7690826;-1,570129;0,2427902;0,77089;-1,620798;
00002;004;63732498923,7222;-0,02915276;0,7683852;-1,290067;-0,9859989;-0,1242496;-0,032981;-0,1062094;4;3;50;477,7275;-0,05611329;0,7731754;-1,316399;-0,1558956;0,7690826;-1,570129;0,2427902;0,77089;-1,620798;
00002;004;63732498932,4716;-0,1222292;0,7679732;-1,190439;-0,9832804;-0,08619753;0,04595224;-0,1536818;3;3;51;486,4762;-0,1457499;0,7723493;-1,222459;-0,1558956;0,7690826;-1,570129;0,2427902;0,77089;-1,620798;
00002;004;63732498942,7383;-0,1377212;0,7673587;-1,295436;-0,9799517;-0,142088;0,1006263;-0,09685078;2;3;52;496,7427;-0,1479423;0,7726799;-1,297426;-0,1558956;0,7690826;-1,570129;0,2427902;0,77089;-1,620798;
00002;004;63732498953,0026;0,1167923;0,7731148;-1,45163;-0,9513248;-0,12632;-0,2393955;-0,1473579;6;3;53;507,007;0,08183582;0,774348;-1,439198;-0,1558956;0,7690826;-1,570129;0,2427902;0,77089;-1,620798;
00002;004;63732498961,4172;-0,1470111;0,769717;-1,362702;-0,9743755;-0,06162928;0,1195564;-0,1802787;1;3;54;515,4224;-0,1501348;0,7730105;-1,372393;-0,1558956;0,7690826;-1,570129;0,2427902;0,77089;-1,620798;
00002;004;63732498968,7414;-0,148767;0,7701839;-1,445624;-0,9791272;-0,1013534;0,1095058;-0,1380075;0;3;55;522,7457;-0,1523273;0,7733411;-1,44736;-0,1558956;0,7690826;-1,570129;0,2427902;0,77089;-1,620798;
00002;004;63732498976,872;0,05032153;0,7703962;-1,364973;-0,9828424;-0,1416731;-0,0974566;-0,0667224;5;3;56;530,877;0,02368777;0,7737547;-1,365636;-0,1558956;0,7690826;-1,570129;0,2427902;0,77089;-1,620798;
00002;004;63732498983,7304;0,0520102;0,7714647;-1,354935;-0,9806794;-0,08414102;-0,04867876;-0,1697602;5;3;57;537,7353;0,02368777;0,7737547;-1,365636;-0,1558956;0,7690826;-1,570129;0,2427902;0,77089;-1,620798;
00002;004;63732498991,4247;-0,1314389;0,7665752;-1,215015;-0,982789;-0,135638;0,07621312;-0,09959773;3;3;58;545,4297;-0,1457499;0,7723493;-1,222459;-0,1558956;0,7690826;-1,570129;0,2427902;0,77089;-1,620798;
00002;004;63732498999,1225;-0,1481365;0,7701708;-1,427017;-0,9810972;-0,07982709;0,1199225;-0,1292074;0;3;59;553,127;-0,1523273;0,7733411;-1,44736;-0,1558956;0,7690826;-1,570129;0,2427902;0,77089;-1,620798;
00002;004;63732499010,0564;-0,01627515;0,7694604;-1,310521;-0,9806051;-0,09832791;-0,06584077;-0,1562383;4;3;60;564,0611;-0,05611329;0,7731754;-1,316399;-0,1558956;0,7690826;-1,570129;0,2427902;0,77089;-1,620798;
00002;004;63732499018,6286;0,1098736;0,7729661;-1,448415;0,9535197;0,1387385;0,2366306;0,1247313;6;3;61;572,6334;0,08183582;0,774348;-1,439198;-0,1558956;0,7690826;-1,570129;0,2427902;0,77089;-1,620798;
00002;004;63732499026,8217;-0,1413814;0,7685792;-1,27484;0,9790019;0,06722832;-0,1062523;0,1604562;2;3;62;580,8269;-0,1479423;0,7726799;-1,297426;-0,1558956;0,7690826;-1,570129;0,2427902;0,77089;-1,620798;
00002;004;63732499033,4005;-0,1297671;0,769604;-1,37002;0,9825736;0,08524906;-0,1156742;0,1179037;1;3;63;587,405;-0,1501348;0,7730105;-1,372393;-0,1558956;0,7690826;-1,570129;0,2427902;0,77089;-1,620798;
00002;004;63732499040,1821;0,108063;0,7734614;-1,441465;0,955267;0,1029019;0,2114774;0,1793143;6;3;64;594,1873;0,08183582;0,774348;-1,439198;-0,1558956;0,7690826;-1,570129;0,2427902;0,77089;-1,620798;
00002;004;63732499049,5178;-0,1368945;0,769925;-1,352163;0,9778665;0,06913043;-0,1371912;0,1420442;1;3;65;603,523;-0,1501348;0,7730105;-1,372393;-0,1558956;0,7690826;-1,570129;0,2427902;0,77089;-1,620798;
00002;004;63732499058,9682;-0,1346079;0,7683315;-1,279716;0,9836065;0,09392064;-0,1107535;0,1069157;2;3;66;612,973;-0,1479423;0,7726799;-1,297426;-0,1558956;0,7690826;-1,570129;0,2427902;0,77089;-1,620798;
00002;004;63732499067,2886;-0,1442415;0,7694536;-1,428663;0,9780243;0,1184435;-0,1202627;0,122379;0;3;67;621,2935;-0,1523273;0,7733411;-1,44736;-0,1558956;0,7690826;-1,570129;0,2427902;0,77089;-1,620798;
00002;004;63732499076,494;0,0467264;0,7718821;-1,355288;0,9805985;0,0723009;0,05916999;0,1723315;5;3;68;630,499;0,02368777;0,7737547;-1,365636;-0,1558956;0,7690826;-1,570129;0,2427902;0,77089;-1,620798;
00002;004;63732499085,5407;-0,03711066;0,7703661;-1,321288;0,983426;0,06875346;0,0160674;0,1669973;4;3;69;639,5452;-0,05611329;0,7731754;-1,316399;-0,1558956;0,7690826;-1,570129;0,2427902;0,77089;-1,620798;
00002;004;63732499093,6388;-0,1208809;0,7687587;-1,204257;0,9827212;0,07461167;-0,03393882;0,165953;3;3;70;647,6437;-0,1457499;0,7723493;-1,222459;-0,1558956;0,7690826;-1,570129;0,2427902;0,77089;-1,620798;
00002;004;63732499102,2506;0,1070027;0,7730997;-1,442944;-0,9620963;-0,1197689;-0,2164805;-0,1147274;6;3;71;656,2551;0,08183582;0,774348;-1,439198;-0,1558956;0,7690826;-1,570129;0,2427902;0,77089;-1,620798;
00002;004;63732499109,2899;-0,1395576;0,7699279;-1,440428;-0,9845761;-0,1109577;0,09705237;-0,09422962;0;3;72;663,2946;-0,1523273;0,7733411;-1,44736;-0,1558956;0,7690826;-1,570129;0,2427902;0,77089;-1,620798;
00002;004;63732499116,1886;0,04495218;0,7711644;-1,351869;-0,986545;-0,1122631;-0,0546621;-0,1055378;5;3;73;670,1938;0,02368777;0,7737547;-1,365636;-0,1558956;0,7690826;-1,570129;0,2427902;0,77089;-1,620798;
00002;004;63732499125,3833;-0,0290619;0,7698539;-1,308252;-0,9834019;-0,08032314;-0,02389549;-0,1609284;4;3;74;679,3882;-0,05611329;0,7731754;-1,316399;-0,1558956;0,7690826;-1,570129;0,2427902;0,77089;-1,620798;
00002;004;63732499134,3528;-0,1315133;0,769446;-1,298514;-0,9803662;-0,04830455;0,08750502;-0,1699756;2;3;75;688,3577;-0,1479423;0,7726799;-1,297426;-0,1558956;0,7690826;-1,570129;0,2427902;0,77089;-1,620798;
00002;004;63732499142,3708;-0,1375367;0,7691532;-1,369661;-0,9702575;-0,07538292;0,171884;-0,1528848;1;3;76;696,3757;-0,1501348;0,7730105;-1,372393;-0,1558956;0,7690826;-1,570129;0,2427902;0,77089;-1,620798;
00002;004;63732499149,7456;-0,1293143;0,7684335;-1,220935;-0,9846208;-0,09206714;0,03901594;-0,1432596;3;3;77;703,7501;-0,1457499;0,7723493;-1,222459;-0,1558956;0,7690826;-1,570129;0,2427902;0,77089;-1,620798;
00002;004;63732499159,5277;-0,02186231;0,7704369;-1,307086;-0,9799328;-0,07583828;-0,0799393;-0,1661029;4;3;78;713,5328;-0,05611329;0,7731754;-1,316399;-0,1558956;0,7690826;-1,570129;0,2427902;0,77089;-1,620798;
00002;004;63732499167,2369;0,04512187;0,7730983;-1,373599;-0,9763368;-0,03715156;-0,04160869;-0,2089379;5;3;79;721,2414;0,02368777;0,7737547;-1,365636;-0,1558956;0,7690826;-1,570129;0,2427902;0,77089;-1,620798;
00002;004;63732499175,4346;-0,1485376;0,7698089;-1,368498;-0,9740015;-0,05233179;0,1356556;-0,1737237;1;3;80;729,4395;-0,1501348;0,7730105;-1,372393;-0,1558956;0,7690826;-1,570129;0,2427902;0,77089;-1,620798;
00002;004;63732499182,7516;0,106887;0,772136;-1,446402;-0,9510466;-0,1373854;-0,2517246;-0,1151966;6;3;81;736,7562;0,08183582;0,774348;-1,439198;-0,1558956;0,7690826;-1,570129;0,2427902;0,77089;-1,620798;
00002;004;63732499190,4463;-0,1511204;0,7698078;-1,447013;-0,9840642;-0,1343839;0,06055905;-0,0994553;0;3;82;744,4514;-0,1523273;0,7733411;-1,44736;-0,1558956;0,7690826;-1,570129;0,2427902;0,77089;-1,620798;
00002;004;63732499197,4713;-0,1277823;0,7679272;-1,221103;-0,9856763;-0,1088477;0,02519251;-0,1263321;3;3;83;751,4759;-0,1457499;0,7723493;-1,222459;-0,1558956;0,7690826;-1,570129;0,2427902;0,77089;-1,620798;
00002;004;63732499204,598;-0,1406874;0,7691683;-1,288059;-0,9820598;-0,07420371;0,06310105;-0,1614644;2;3;84;758,6029;-0,1479423;0,7726799;-1,297426;-0,1558956;0,7690826;-1,570129;0,2427902;0,77089;-1,620798;
00002;004;63732499211,4173;-0,1394515;0,7699218;-1,367166;-0,980083;-0,06594423;0,08411861;-0,1673702;1;3;85;765,4225;-0,1501348;0,7730105;-1,372393;-0,1558956;0,7690826;-1,570129;0,2427902;0,77089;-1,620798;
00002;004;63732499220,1454;-0,1401174;0,7672184;-1,218458;-0,9839495;-0,1084454;0,05542739;-0,1304261;3;3;86;774,1505;-0,1457499;0,7723493;-1,222459;-0,1558956;0,7690826;-1,570129;0,2427902;0,77089;-1,620798;
00002;004;63732499227,0939;-0,03301904;0,7698733;-1,318854;-0,9799505;-0,05455961;0,01534147;-0,1910101;4;3;87;781,0992;-0,05611329;0,7731754;-1,316399;-0,1558956;0,7690826;-1,570129;0,2427902;0,77089;-1,620798;
00002;004;63732499233,9044;-0,1577963;0,7692752;-1,445965;-0,9797582;-0,1295725;0,1002461;-0,1150462;0;3;88;787,9093;-0,1523273;0,7733411;-1,44736;-0,1558956;0,7690826;-1,570129;0,2427902;0,77089;-1,620798;
00002;004;63732499245,4339;0,04845555;0,7717301;-1,359416;-0,9749253;-0,07556821;-0,1048399;-0,1811594;5;3;89;799,4384;0,02368777;0,7737547;-1,365636;-0,1558956;0,7690826;-1,570129;0,2427902;0,77089;-1,620798;
00002;004;63732499253,311;0,1170803;0,7722202;-1,457946;-0,9386013;-0,1458436;-0,2981769;-0,09406339;6;3;90;807,3159;0,08183582;0,774348;-1,439198;-0,1558956;0,7690826;-1,570129;0,2427902;0,77089;-1,620798;
00002;004;63732499261,3729;-0,1360365;0,7683168;-1,298217;-0,9864069;-0,106648;0,05645064;-0,1115394;2;3;91;815,3779;-0,1479423;0,7726799;-1,297426;-0,1558956;0,7690826;-1,570129;0,2427902;0,77089;-1,620798;
00002;004;63732499269,1762;-0,1432834;0,7698064;-1,439758;-0,9850459;-0,09651458;0,07221287;-0,1231052;0;3;92;823,1815;-0,1523273;0,7733411;-1,44736;-0,1558956;0,7690826;-1,570129;0,2427902;0,77089;-1,620798;
00002;004;63732499276,5643;-0,1386098;0,7687257;-1,288854;-0,9827001;-0,08125745;0,1147375;-0,1205537;2;3;93;830,5693;-0,1479423;0,7726799;-1,297426;-0,1558956;0,7690826;-1,570129;0,2427902;0,77089;-1,620798;
00002;004;63732499283,904;-0,02200477;0,7696541;-1,321594;-0,9845587;-0,09368893;-0,04965045;-0,1392892;4;3;94;837,9084;-0,05611329;0,7731754;-1,316399;-0,1558956;0,7690826;-1,570129;0,2427902;0,77089;-1,620798;
00002;004;63732499291,7568;0,05685869;0,77147;-1,366387;-0,9787453;-0,09520712;-0,07706068;-0,164484;5;3;95;845,7616;0,02368777;0,7737547;-1,365636;-0,1558956;0,7690826;-1,570129;0,2427902;0,77089;-1,620798;
00002;004;63732499299,35;-0,1391364;0,7686248;-1,204193;-0,9840417;-0,08480402;0,001910403;-0,1564184;3;3;96;853,3548;-0,1457499;0,7723493;-1,222459;-0,1558956;0,7690826;-1,570129;0,2427902;0,77089;-1,620798;
00002;004;63732499307,6415;-0,1418653;0,7691281;-1,374319;-0,9814374;-0,1000338;0,09653924;-0,1321138;1;3;97;861,6467;-0,1501348;0,7730105;-1,372393;-0,1558956;0,7690826;-1,570129;0,2427902;0,77089;-1,620798;
00002;004;63732499316,6985;0,1086207;0,7731549;-1,446;-0,9502865;-0,1366518;-0,2706132;-0,07106633;6;3;98;870,7031;0,08183582;0,774348;-1,439198;-0,1558956;0,7690826;-1,570129;0,2427902;0,77089;-1,620798;
00002;004;63732499326,0578;0,04902913;0,7712985;-1,372716;-0,9745907;-0,09438612;-0,1370685;-0,1499222;5;3;99;880,0621;0,02368777;0,7737547;-1,365636;-0,1558956;0,7690826;-1,570129;0,2427902;0,77089;-1,620798;
00002;004;63732499334,39;-0,1545694;0,7695785;-1,443551;-0,9844326;-0,1217803;0,05761471;-0,1128829;0;3;100;888,3952;-0,1523273;0,7733411;-1,44736;-0,1558956;0,7690826;-1,570129;0,2427902;0,77089;-1,620798;
00002;004;63732499341,864;-0,01866251;0,7700352;-1,307357;-0,9846363;-0,08060589;-0,05168103;-0,1460246;4;3;101;895,8686;-0,05611329;0,7731754;-1,316399;-0,1558956;0,7690826;-1,570129;0,2427902;0,77089;-1,620798;
00002;004;63732499351,636;-0,1359838;0,7668123;-1,285628;-0,9788092;-0,1548071;0,1035732;-0,08508754;2;3;102;905,6404;-0,1479423;0,7726799;-1,297426;-0,1558956;0,7690826;-1,570129;0,2427902;0,77089;-1,620798;
00002;004;63732499359,9683;-0,1346028;0,7680874;-1,217245;-0,9867913;-0,1034579;0,05316412;-0,1127515;3;3;103;913,9726;-0,1457499;0,7723493;-1,222459;-0,1558956;0,7690826;-1,570129;0,2427902;0,77089;-1,620798;
00002;004;63732499369,218;0,1192783;0,7723385;-1,439326;-0,9683043;-0,1306035;-0,1832801;-0,1083423;6;3;104;923,223;0,08183582;0,774348;-1,439198;-0,1558956;0,7690826;-1,570129;0,2427902;0,77089;-1,620798;
00002;004;63732499379,1455;-0,1418305;0,7684641;-1,366594;-0,9740213;-0,1126762;0,155971;-0,1194145;1;3;105;933,1505;-0,1501348;0,7730105;-1,372393;-0,1558956;0,7690826;-1,570129;0,2427902;0,77089;-1,620798;
00002;004;63732499387,9134;-0,03990523;0,7688122;-1,314939;-0,9870455;-0,1012314;0,03119692;-0,1204997;4;3;106;941,9179;-0,05611329;0,7731754;-1,316399;-0,1558956;0,7690826;-1,570129;0,2427902;0,77089;-1,620798;
00002;004;63732499396,0699;0,1217121;0,773426;-1,458598;-0,9441229;-0,1236061;-0,2643842;-0,1531492;6;3;107;950,075;0,08183582;0,774348;-1,439198;-0,1558956;0,7690826;-1,570129;0,2427902;0,77089;-1,620798;
00002;004;63732499405,2049;-0,1231022;0,7676592;-1,222693;-0,9856151;-0,1152387;0,02281206;-0,1215014;3;3;108;959,2096;-0,1457499;0,7723493;-1,222459;-0,1558956;0,7690826;-1,570129;0,2427902;0,77089;-1,620798;
00002;004;63732499414,5439;-0,1398912;0,7683297;-1,2792;-0,9841999;-0,08637372;0,07812312;-0,1333674;2;3;109;968,5487;-0,1479423;0,7726799;-1,297426;-0,1558956;0,7690826;-1,570129;0,2427902;0,77089;-1,620798;
00002;004;63732499423,4756;-0,1438033;0,7695323;-1,441317;-0,9826605;-0,1066436;0,08893923;-0,1228636;0;3;110;977,4808;-0,1523273;0,7733411;-1,44736;-0,1558956;0,7690826;-1,570129;0,2427902;0,77089;-1,620798;
00002;004;63732499434,4337;0,05920361;0,7713223;-1,358085;-0,980432;-0,07853182;-0,06013981;-0,1702034;5;3;111;988,439;0,02368777;0,7737547;-1,365636;-0,1558956;0,7690826;-1,570129;0,2427902;0,77089;-1,620798;
00002;004;63732499442,8571;-0,1377375;0,7684905;-1,349473;-0,9778621;-0,1034576;0,1148306;-0,1410538;1;3;112;996,8616;-0,1501348;0,7730105;-1,372393;-0,1558956;0,7690826;-1,570129;0,2427902;0,77089;-1,620798;
00002;004;63732499450,1096;0,109515;0,7720199;-1,437039;0,9656686;0,133075;0,1895206;0,1177164;6;3;113;1004,114;0,08183582;0,774348;-1,439198;-0,1558956;0,7690826;-1,570129;0,2427902;0,77089;-1,620798;
00002;004;63732499459,5375;0,04689378;0,7710959;-1,369156;0,9815998;0,1096196;0,09386829;0,1250363;5;3;114;1013,543;0,02368777;0,7737547;-1,365636;-0,1558956;0,7690826;-1,570129;0,2427902;0,77089;-1,620798;
00002;004;63732499468,7365;-0,04281145;0,76956;-1,315715;0,9821767;0,07404012;-0,009655008;0,1724929;4;3;115;1022,741;-0,05611329;0,7731754;-1,316399;-0,1558956;0,7690826;-1,570129;0,2427902;0,77089;-1,620798;
00002;004;63732499476,4869;-0,1541749;0,7690557;-1,446926;0,9797201;0,1388955;-0,1028737;0,1013598;0;3;116;1030,492;-0,1523273;0,7733411;-1,44736;-0,1558956;0,7690826;-1,570129;0,2427902;0,77089;-1,620798;
00002;004;63732499484,5085;-0,1181496;0,7682945;-1,20683;0,9806475;0,0843918;-0,09236784;0,1505878;3;3;117;1038,514;-0,1457499;0,7723493;-1,222459;-0,1558956;0,7690826;-1,570129;0,2427902;0,77089;-1,620798;
00002;004;63732499492,3401;-0,1345093;0,7673845;-1,297182;0,983201;0,1263041;-0,07449676;0,10869;2;3;118;1046,345;-0,1479423;0,7726799;-1,297426;-0,1558956;0,7690826;-1,570129;0,2427902;0,77089;-1,620798;
00002;004;63732499499,2382;-0,1412336;0,7692131;-1,351348;0,9868306;0,1102484;-0,09496875;0,07065181;1;3;119;1053,243;-0,1501348;0,7730105;-1,372393;-0,1558956;0,7690826;-1,570129;0,2427902;0,77089;-1,620798;
00002;004;63732499506,414;-0,1464187;0,7698671;-1,433219;0,9850891;0,1045462;-0,09235339;0,1007;0;3;120;1060,418;-0,1523273;0,7733411;-1,44736;-0,1558956;0,7690826;-1,570129;0,2427902;0,77089;-1,620798;
00002;004;63732499513,9765;0,119139;0,7732641;-1,422796;0,9566007;0,1069704;0,2121346;0,1687344;6;3;121;1067,982;0,08183582;0,774348;-1,439198;-0,1558956;0,7690826;-1,570129;0,2427902;0,77089;-1,620798;
00002;004;63732499522,0187;0,05219202;0,7714383;-1,367156;0,9845895;0,08338296;0,04855416;0,1458543;5;3;122;1076,023;0,02368777;0,7737547;-1,365636;-0,1558956;0,7690826;-1,570129;0,2427902;0,77089;-1,620798;
00002;004;63732499530,4302;-0,008294651;0,7699233;-1,30055;0,9861643;0,09008768;0,005383173;0,1390517;4;3;123;1084,435;-0,05611329;0,7731754;-1,316399;-0,1558956;0,7690826;-1,570129;0,2427902;0,77089;-1,620798;
00002;004;63732499538,3475;-0,1232045;0,7687221;-1,281672;0,9831717;0,1106215;-0,05682503;0,1338184;2;3;124;1092,353;-0,1479423;0,7726799;-1,297426;-0,1558956;0,7690826;-1,570129;0,2427902;0,77089;-1,620798;
00002;004;63732499546,31;-0,12838;0,7669501;-1,199941;0,9847631;0,152494;-0,009129429;0,08308925;3;3;125;1100,315;-0,1457499;0,7723493;-1,222459;-0,1558956;0,7690826;-1,570129;0,2427902;0,77089;-1,620798;
00002;004;63732499562,837;-0,1310995;0,7699478;-1,361061;0,9715156;0,06733301;-0,1491262;0,171421;1;3;126;1116,842;-0,1501348;0,7730105;-1,372393;-0,1558956;0,7690826;-1,570129;0,2427902;0,77089;-1,620798;
00002;004;63732499569,4226;-0,1320543;0,7675107;-1,210072;0,983723;0,1265779;-0,06205953;0,1114263;3;3;127;1123,427;-0,1457499;0,7723493;-1,222459;-0,1558956;0,7690826;-1,570129;0,2427902;0,77089;-1,620798;
00002;004;63732499577,4523;0,1105291;0,7730995;-1,444783;0,9539917;0,1174162;0,2261523;0,1580143;6;3;128;1131,457;0,08183582;0,774348;-1,439198;-0,1558956;0,7690826;-1,570129;0,2427902;0,77089;-1,620798;
00002;004;63732499584,8735;0,04740433;0,771113;-1,372744;0,9784556;0,1319297;0,1059013;0,1183393;5;3;129;1138,879;0,02368777;0,7737547;-1,365636;-0,1558956;0,7690826;-1,570129;0,2427902;0,77089;-1,620798;
00002;004;63732499591,716;-0,1352277;0,7684612;-1,281677;0,982492;0,1009143;-0,102038;0,1188027;2;3;130;1145,721;-0,1479423;0,7726799;-1,297426;-0,1558956;0,7690826;-1,570129;0,2427902;0,77089;-1,620798;
00002;004;63732499599,0018;-0,1444375;0,7701104;-1,443582;0,9855238;0,09811953;-0,06901116;0,1198036;0;3;131;1153,006;-0,1523273;0,7733411;-1,44736;-0,1558956;0,7690826;-1,570129;0,2427902;0,77089;-1,620798;
00002;004;63732499608,582;-0,02443987;0,769513;-1,323752;0,9878257;0,1075966;-0,01454597;0,1114085;4;3;132;1162,587;-0,05611329;0,7731754;-1,316399;-0,1558956;0,7690826;-1,570129;0,2427902;0,77089;-1,620798;
00002;004;63732499616,1228;-0,1306448;0,7686573;-1,360293;0,981523;0,1098599;-0,07536661;0,1373437;1;3;133;1170,127;-0,1501348;0,7730105;-1,372393;-0,1558956;0,7690826;-1,570129;0,2427902;0,77089;-1,620798;
00002;004;63732499622,9026;-0,02184055;0,7691401;-1,313641;0,9871705;0,1107966;0,003550883;0,1149174;4;3;134;1176,907;-0,05611329;0,7731754;-1,316399;-0,1558956;0,7690826;-1,570129;0,2427902;0,77089;-1,620798;
00002;004;63732499629,8513;0,04673672;0,7705967;-1,379926;0,9843765;0,1153473;0,0835758;0,1035045;5;3;135;1183,856;0,02368777;0,7737547;-1,365636;-0,1558956;0,7690826;-1,570129;0,2427902;0,77089;-1,620798;
00002;004;63732499637,289;-0,1530489;0,7695699;-1,454878;0,9776286;0,1067866;-0,1194745;0,1362523;0;3;136;1191,294;-0,1523273;0,7733411;-1,44736;-0,1558956;0,7690826;-1,570129;0,2427902;0,77089;-1,620798;
00002;004;63732499647,3938;0,1038588;0,7724375;-1,44601;0,9527116;0,1466042;0,2407566;0,1135087;6;3;137;1201,399;0,08183582;0,774348;-1,439198;-0,1558956;0,7690826;-1,570129;0,2427902;0,77089;-1,620798;
00002;004;63732499654,3558;-0,1364279;0,7676514;-1,217409;0,9849435;0,1193026;-0,03993218;0,1185696;3;3;138;1208,36;-0,1457499;0,7723493;-1,222459;-0,1558956;0,7690826;-1,570129;0,2427902;0,77089;-1,620798;
00002;004;63732499663,3366;-0,1336007;0,7681706;-1,282337;0,9827681;0,101454;-0,07186709;0,1367808;2;3;139;1217,341;-0,1479423;0,7726799;-1,297426;-0,1558956;0,7690826;-1,570129;0,2427902;0,77089;-1,620798;
00002;004;63732499670,24;-0,1416331;0,7689301;-1,380956;0,9748552;0,09515014;-0,141431;0,1435309;1;3;140;1224,245;-0,1501348;0,7730105;-1,372393;-0,1558956;0,7690826;-1,570129;0,2427902;0,77089;-1,620798;
