Experience 1 passage  08/08/2020 12:37 Sujet : 013
0,25;1,7404;-0,811;0
0,65;1,7402;-0,85;0
ExperimentID;participantID;date;PosRx;PosRy;PosRz;QuaternionRotw;QuaternionRotx;QuaternionRoty;QuaternionRotz;targetNumber;condition;aim_number;PosTargetx;PosTargety;PosTargetz;StartingPositionx;StartingPositiony;StartingPositionz;CalibrationCubex;CalibrationCubey;CalibrationCubez
00002;004;63732489340,5727;-0,1526155;0,7656159;-1,219066;0,9905891;0,07785211;0,0393743;-0,1054605;3;2;1;22,76917;-0,1769651;0,7673849;-1,219469;-0,1684053;0,7641497;-1,567182;0,2323612;0,7714791;-1,596397;
00002;004;63732489343,7994;-0,04419243;0,7667096;-1,285699;0,9669792;0,06187543;0,2181517;-0,1163294;4;2;2;25,9957;-0,08243957;0,7694931;-1,308468;-0,1684053;0,7641497;-1,567182;0,2323612;0,7714791;-1,596397;
00002;004;63732489346,1566;-0,14218;0,767462;-1,447083;0,9858301;0,1294038;0,07180276;-0,07898211;0;2;3;28,35331;-0,171485;0,7683966;-1,4444;-0,1684053;0,7641497;-1,567182;0,2323612;0,7714791;-1,596397;
00002;004;63732489348,5467;-0,1402282;0,7648525;-1,258145;0,9813055;0,1441518;0,1119289;-0,06108887;2;2;4;30,74337;-0,1751384;0,7677221;-1,294446;-0,1684053;0,7641497;-1,567182;0,2323612;0,7714791;-1,596397;
00002;004;63732489351,3613;0,09477708;0,7685558;-1,402407;0,9641979;0,09207216;0,2277238;-0,09993529;6;2;5;33,55854;0,06186713;0,7726281;-1,423691;-0,1684053;0,7641497;-1,567182;0,2323612;0,7714791;-1,596397;
00002;004;63732489354,8911;0,02984843;0,7669471;-1,319915;0,9867519;0,1072827;0,08991633;-0,08201291;5;2;6;37,08757;-0,0001284927;0,7711969;-1,353354;-0,1684053;0,7641497;-1,567182;0,2323612;0,7714791;-1,596397;
00002;004;63732489358,1585;-0,1676565;0,7655965;-1,349932;0,987328;0,1317109;-0,06658158;-0,05833187;1;2;7;40,35509;-0,1733117;0,7680594;-1,369423;-0,1684053;0,7641497;-1,567182;0,2323612;0,7714791;-1,596397;
00002;004;63732489360,756;-0,1652893;0,7660273;-1,444201;0,983546;0,1681918;-0,06089488;-0,02531276;0;2;8;42,95294;-0,171485;0,7683966;-1,4444;-0,1684053;0,7641497;-1,567182;0,2323612;0,7714791;-1,596397;
00002;004;63732489363,2456;-0,1640145;0,7657909;-1,338749;0,9880095;0,1219938;-0,06683949;-0,06698753;1;2;9;45,44227;-0,1733117;0,7680594;-1,369423;-0,1684053;0,7641497;-1,567182;0,2323612;0,7714791;-1,596397;
00002;004;63732489366,3913;0,07383705;0,7676722;-1,409391;0,9877784;0,1262981;0,0585607;-0,07009458;6;2;10;48,58779;0,06186713;0,7726281;-1,423691;-0,1684053;0,7641497;-1,567182;0,2323612;0,7714791;-1,596397;
00002;004;63732489369,278;0,02357876;0,7670653;-1,317205;-0,9894615;-0,1024314;-0,06069452;0,0824021;5;2;11;51,47488;-0,0001284927;0,7711969;-1,353354;-0,1684053;0,7641497;-1,567182;0,2323612;0,7714791;-1,596397;
00002;004;63732489372,9936;-0,161558;0,7652355;-1,204339;-0,9898967;-0,1165003;0,02585232;0,07657593;3;2;12;55,19;-0,1769651;0,7673849;-1,219469;-0,1684053;0,7641497;-1,567182;0,2323612;0,7714791;-1,596397;
00002;004;63732489377,896;-0,04725876;0,7655775;-1,287492;-0,9890305;-0,1200865;-0,06452755;0,05687024;4;2;13;60,09307;-0,08243957;0,7694931;-1,308468;-0,1684053;0,7641497;-1,567182;0,2323612;0,7714791;-1,596397;
00002;004;63732489381,4974;-0,1517264;0,765507;-1,267418;-0,9918069;-0,1123317;-0,004173626;0,06069175;2;2;14;63,69387;-0,1751384;0,7677221;-1,294446;-0,1684053;0,7641497;-1,567182;0,2323612;0,7714791;-1,596397;
00002;004;63732489384,9032;-0,1471475;0,7649902;-1,175588;-0,9910799;-0,1100405;-0,01756303;0,07309865;3;2;15;67,1;-0,1769651;0,7673849;-1,219469;-0,1684053;0,7641497;-1,567182;0,2323612;0,7714791;-1,596397;
00002;004;63732489388,0518;-0,1375251;0,765627;-1,337173;-0,9850489;-0,1125756;-0,103354;0,07952029;1;2;16;70,24866;-0,1733117;0,7680594;-1,369423;-0,1684053;0,7641497;-1,567182;0,2323612;0,7714791;-1,596397;
00002;004;63732489390,8415;0,04230659;0,767375;-1,335477;-0,9764807;-0,07997614;-0,1702414;0,1053906;5;2;17;73,03844;-0,0001284927;0,7711969;-1,353354;-0,1684053;0,7641497;-1,567182;0,2323612;0,7714791;-1,596397;
00002;004;63732489393,633;-0,1565972;0,7653218;-1,24689;-0,9909042;-0,1026285;0,01934957;0,08486383;2;2;18;75,82952;-0,1751384;0,7677221;-1,294446;-0,1684053;0,7641497;-1,567182;0,2323612;0,7714791;-1,596397;
00002;004;63732489396,5286;0,09605519;0,7689167;-1,386536;-0,9828387;-0,06582349;-0,1273792;0,1160594;6;2;19;78,72491;0,06186713;0,7726281;-1,423691;-0,1684053;0,7641497;-1,567182;0,2323612;0,7714791;-1,596397;
00002;004;63732489400,5076;-0,149818;0,7664827;-1,425043;-0,9888532;-0,1279387;-0,03924306;0,06527713;0;2;20;82,70423;-0,171485;0,7683966;-1,4444;-0,1684053;0,7641497;-1,567182;0,2323612;0,7714791;-1,596397;
00002;004;63732489403,2893;-0,04193561;0,765591;-1,284281;-0,9790637;-0,1091864;-0,1514962;0,08100299;4;2;21;85,48565;-0,08243957;0,7694931;-1,308468;-0,1684053;0,7641497;-1,567182;0,2323612;0,7714791;-1,596397;
00002;004;63732489406,3168;0,04299882;0,7669513;-1,326064;-0,9727329;-0,1056667;-0,1856059;0,09041947;5;2;22;88,51336;-0,0001284927;0,7711969;-1,353354;-0,1684053;0,7641497;-1,567182;0,2323612;0,7714791;-1,596397;
00002;004;63732489408,8949;-0,1491673;0,7649066;-1,258184;-0,9905598;-0,1208487;0,01053622;0,06384447;2;2;23;91,09124;-0,1751384;0,7677221;-1,294446;-0,1684053;0,7641497;-1,567182;0,2323612;0,7714791;-1,596397;
00002;004;63732489411,494;0,08808089;0,7679116;-1,397597;-0,9655689;-0,1113009;-0,2177438;0,08874959;6;2;24;93,69111;0,06186713;0,7726281;-1,423691;-0,1684053;0,7641497;-1,567182;0,2323612;0,7714791;-1,596397;
00002;004;63732489414,1447;-0,1502033;0,7650237;-1,170979;0,9889735;0,09539886;0,07300034;-0,08661131;3;2;25;96,34116;-0,1769651;0,7673849;-1,219469;-0,1684053;0,7641497;-1,567182;0,2323612;0,7714791;-1,596397;
00002;004;63732489416,604;-0,144656;0,7662029;-1,425135;0,9828247;0,1225011;0,1186519;-0,07050432;0;2;26;98,80051;-0,171485;0,7683966;-1,4444;-0,1684053;0,7641497;-1,567182;0,2323612;0,7714791;-1,596397;
00002;004;63732489419,3792;-0,04937184;0,765701;-1,290456;0,9841627;0,1104673;0,1162939;-0,07547535;4;2;27;101,5761;-0,08243957;0,7694931;-1,308468;-0,1684053;0,7641497;-1,567182;0,2323612;0,7714791;-1,596397;
00002;004;63732489421,6073;-0,1507605;0,7648553;-1,334546;0,9856225;0,1420936;0,07417457;-0,05344012;1;2;28;103,8036;-0,1733117;0,7680594;-1,369423;-0,1684053;0,7641497;-1,567182;0,2323612;0,7714791;-1,596397;
00002;004;63732489423,8463;-0,1429345;0,7645295;-1,240018;0,9878005;0,1295977;0,06266712;-0,05939348;2;2;29;106,0427;-0,1751384;0,7677221;-1,294446;-0,1684053;0,7641497;-1,567182;0,2323612;0,7714791;-1,596397;
00002;004;63732489426,5638;0,09189765;0,7678167;-1,390559;0,9372936;0,09650463;0,3201123;-0,09846723;6;2;30;108,7604;0,06186713;0,7726281;-1,423691;-0,1684053;0,7641497;-1,567182;0,2323612;0,7714791;-1,596397;
00002;004;63732489428,6567;-0,1636278;0,7650873;-1,326105;0,9896686;0,1290764;-0,02246109;-0,05823157;1;2;31;110,8531;-0,1733117;0,7680594;-1,369423;-0,1684053;0,7641497;-1,567182;0,2323612;0,7714791;-1,596397;
00002;004;63732489431,0335;0,0322298;0,7660432;-1,316227;0,9590665;0,1120282;0,2471502;-0,08098201;5;2;32;113,2302;-0,0001284927;0,7711969;-1,353354;-0,1684053;0,7641497;-1,567182;0,2323612;0,7714791;-1,596397;
00002;004;63732489433,9336;-0,03936113;0,7658212;-1,283552;0,979921;0,09514062;0,146236;-0,09653043;4;2;33;116,1304;-0,08243957;0,7694931;-1,308468;-0,1684053;0,7641497;-1,567182;0,2323612;0,7714791;-1,596397;
00002;004;63732489436,302;-0,1424421;0,7659944;-1,426108;0,9882273;0,1447183;0,01220672;-0,04810774;0;2;34;118,4985;-0,171485;0,7683966;-1,4444;-0,1684053;0,7641497;-1,567182;0,2323612;0,7714791;-1,596397;
00002;004;63732489438,6052;-0,1552194;0,765241;-1,237321;0,9902281;0,1123692;-0,03694472;-0,07386802;3;2;35;120,8022;-0,1769651;0,7673849;-1,219469;-0,1684053;0,7641497;-1,567182;0,2323612;0,7714791;-1,596397;
00002;004;63732489441,0829;-0,144689;0,7663596;-1,419664;0,9878839;0,119746;0,06229899;-0,07658438;0;2;36;123,2797;-0,171485;0,7683966;-1,4444;-0,1684053;0,7641497;-1,567182;0,2323612;0,7714791;-1,596397;
00002;004;63732489443,4438;-0,1451255;0,7643704;-1,273193;0,9871232;0,1502219;0,02820242;-0,04717854;2;2;37;125,6404;-0,1751384;0,7677221;-1,294446;-0,1684053;0,7641497;-1,567182;0,2323612;0,7714791;-1,596397;
00002;004;63732489446,1336;-0,1427787;0,7655501;-1,349197;0,9880933;0,1425571;0,02518347;-0,0521065;1;2;38;128,33;-0,1733117;0,7680594;-1,369423;-0,1684053;0,7641497;-1,567182;0,2323612;0,7714791;-1,596397;
00002;004;63732489448,9225;-0,04937514;0,7654969;-1,280506;0,9882104;0,1068386;0,06509497;-0,08825158;4;2;39;131,1196;-0,08243957;0,7694931;-1,308468;-0,1684053;0,7641497;-1,567182;0,2323612;0,7714791;-1,596397;
00002;004;63732489454,4986;0,02867701;0,7671615;-1,321554;0,9907702;0,07015578;0,04181052;-0,1081882;5;2;40;136,6955;-0,0001284927;0,7711969;-1,353354;-0,1684053;0,7641497;-1,567182;0,2323612;0,7714791;-1,596397;
00002;004;63732489457,2547;-0,1657499;0,7655358;-1,206994;0,988391;0,102045;-0,08342165;-0,07556955;3;2;41;139,4519;-0,1769651;0,7673849;-1,219469;-0,1684053;0,7641497;-1,567182;0,2323612;0,7714791;-1,596397;
00002;004;63732489460,3367;0,08427676;0,7681475;-1,384292;0,9892952;0,08858998;0,0687873;-0,09335461;6;2;42;142,5333;0,06186713;0,7726281;-1,423691;-0,1684053;0,7641497;-1,567182;0,2323612;0,7714791;-1,596397;
00002;004;63732489462,8541;-0,14849;0,7645042;-1,266142;0,9885919;0,1369111;-0,03283351;-0,05351122;2;2;43;145,0511;-0,1751384;0,7677221;-1,294446;-0,1684053;0,7641497;-1,567182;0,2323612;0,7714791;-1,596397;
00002;004;63732489465,8778;-0,1389564;0,7655932;-1,347823;0,9890797;0,1354273;-0,01886498;-0,05499971;1;2;44;148,0741;-0,1733117;0,7680594;-1,369423;-0,1684053;0,7641497;-1,567182;0,2323612;0,7714791;-1,596397;
00002;004;63732489468,5305;-0,1461824;0,7649876;-1,229538;-0,9885513;-0,1282007;0,0561208;0,05640332;3;2;45;150,7273;-0,1769651;0,7673849;-1,219469;-0,1684053;0,7641497;-1,567182;0,2323612;0,7714791;-1,596397;
00002;004;63732489471,581;0,09512054;0,7679185;-1,380082;-0,9861984;-0,09888998;-0,1034191;0,08329553;6;2;46;153,7774;0,06186713;0,7726281;-1,423691;-0,1684053;0,7641497;-1,567182;0,2323612;0,7714791;-1,596397;
00002;004;63732489474,9926;-0,04009116;0,7655476;-1,277157;-0,9873928;-0,1090287;-0,08662635;0,07526062;4;2;47;157,189;-0,08243957;0,7694931;-1,308468;-0,1684053;0,7641497;-1,567182;0,2323612;0,7714791;-1,596397;
00002;004;63732489477,5108;-0,1466116;0,7663072;-1,408091;-0,990152;-0,1154212;0,0007789215;0,07922398;0;2;48;159,7074;-0,171485;0,7683966;-1,4444;-0,1684053;0,7641497;-1,567182;0,2323612;0,7714791;-1,596397;
00002;004;63732489480,2934;0,04296234;0,7669039;-1,315717;-0,9888868;-0,1003388;-0,07061932;0,08395213;5;2;49;162,4897;-0,0001284927;0,7711969;-1,353354;-0,1684053;0,7641497;-1,567182;0,2323612;0,7714791;-1,596397;
00002;004;63732489483,018;0,04317937;0,7670981;-1,323724;-0,9810976;-0,110056;-0,1383268;0,07874601;5;2;50;165,2147;-0,0001284927;0,7711969;-1,353354;-0,1684053;0,7641497;-1,567182;0,2323612;0,7714791;-1,596397;
00002;004;63732489485,7932;-0,1517571;0,7655144;-1,198994;-0,989679;-0,1201697;0,04173867;0,06597412;3;2;51;167,99;-0,1769651;0,7673849;-1,219469;-0,1684053;0,7641497;-1,567182;0,2323612;0,7714791;-1,596397;
00002;004;63732489489,0742;-0,1316164;0,7650809;-1,25295;-0,9903051;-0,1265009;0,01014793;0,05648402;2;2;52;171,2713;-0,1751384;0,7677221;-1,294446;-0,1684053;0,7641497;-1,567182;0,2323612;0,7714791;-1,596397;
00002;004;63732489491,9977;-0,1342118;0,7654989;-1,340126;-0,9900606;-0,1260492;-0,007247087;0,0619612;1;2;53;174,1941;-0,1733117;0,7680594;-1,369423;-0,1684053;0,7641497;-1,567182;0,2323612;0,7714791;-1,596397;
00002;004;63732489494,6715;0,09959755;0,7680912;-1,375363;-0,9862723;-0,09244144;-0,1058492;0,08670395;6;2;54;176,8681;0,06186713;0,7726281;-1,423691;-0,1684053;0,7641497;-1,567182;0,2323612;0,7714791;-1,596397;
00002;004;63732489497,5926;-0,04725781;0,765697;-1,273146;-0,9857517;-0,09570721;-0,1054065;0,08957311;4;2;55;179,789;-0,08243957;0,7694931;-1,308468;-0,1684053;0,7641497;-1,567182;0,2323612;0,7714791;-1,596397;
00002;004;63732489500,5096;-0,1376272;0,76635;-1,427768;-0,9885359;-0,1426989;-0,01065486;0,04816999;0;2;56;182,7059;-0,171485;0,7683966;-1,4444;-0,1684053;0,7641497;-1,567182;0,2323612;0,7714791;-1,596397;
00002;004;63732489503,026;-0,1382449;0,7660051;-1,429085;-0,9852177;-0,168844;-0,01393646;0,02537141;0;2;57;185,2227;-0,171485;0,7683966;-1,4444;-0,1684053;0,7641497;-1,567182;0,2323612;0,7714791;-1,596397;
00002;004;63732489505,6398;-0,1303324;0,7642717;-1,269799;-0,9838497;-0,1762856;0,02025929;0,02351288;2;2;58;187,8364;-0,1751384;0,7677221;-1,294446;-0,1684053;0,7641497;-1,567182;0,2323612;0,7714791;-1,596397;
00002;004;63732489508,227;-0,1231051;0,7648174;-1,207516;-0,9908124;-0,1209844;0,00302208;0,06036896;3;2;59;190,4237;-0,1769651;0,7673849;-1,219469;-0,1684053;0,7641497;-1,567182;0,2323612;0,7714791;-1,596397;
00002;004;63732489510,7609;-0,1277755;0,7652568;-1,341405;-0,985993;-0,1348011;-0,0791227;0,05818925;1;2;60;192,9574;-0,1733117;0,7680594;-1,369423;-0,1684053;0,7641497;-1,567182;0,2323612;0,7714791;-1,596397;
00002;004;63732489513,1153;0,03369542;0,7668145;-1,319927;-0,9764203;-0,1065879;-0,1663953;0,08691894;5;2;61;195,312;-0,0001284927;0,7711969;-1,353354;-0,1684053;0,7641497;-1,567182;0,2323612;0,7714791;-1,596397;
00002;004;63732489515,5982;0,1073021;0,7680383;-1,394252;-0,940293;-0,1059421;-0,3096884;0,09337299;6;2;62;197,7947;0,06186713;0,7726281;-1,423691;-0,1684053;0,7641497;-1,567182;0,2323612;0,7714791;-1,596397;
00002;004;63732489518,3521;-0,02809352;0,7656097;-1,273706;-0,9750984;-0,1239073;-0,1654606;0,08033053;4;2;63;200,5485;-0,08243957;0,7694931;-1,308468;-0,1684053;0,7641497;-1,567182;0,2323612;0,7714791;-1,596397;
00002;004;63732489521,8434;-0,1451401;0,7657394;-1,340079;-0,9893188;-0,1052795;0,0567608;0,08332434;1;2;64;204,0397;-0,1733117;0,7680594;-1,369423;-0,1684053;0,7641497;-1,567182;0,2323612;0,7714791;-1,596397;
00002;004;63732489524,5789;0,03890385;0,766237;-1,314583;-0,9882947;-0,1351611;-0,04989873;0,05015254;5;2;65;206,7757;-0,0001284927;0,7711969;-1,353354;-0,1684053;0,7641497;-1,567182;0,2323612;0,7714791;-1,596397;
00002;004;63732489526,8691;-0,1604633;0,7670818;-1,409971;-0,9897556;-0,1089656;0,03161449;0,08666559;0;2;66;209,0654;-0,171485;0,7683966;-1,4444;-0,1684053;0,7641497;-1,567182;0,2323612;0,7714791;-1,596397;
00002;004;63732489529,1601;-0,1506992;0,7646183;-1,239916;-0,9897512;-0,1310914;0,02243171;0,05200608;3;2;67;211,3567;-0,1769651;0,7673849;-1,219469;-0,1684053;0,7641497;-1,567182;0,2323612;0,7714791;-1,596397;
00002;004;63732489531,4084;-0,1425306;0,7650258;-1,247061;-0,9904671;-0,1101758;0,04400272;0,07000016;2;2;68;213,6054;-0,1751384;0,7677221;-1,294446;-0,1684053;0,7641497;-1,567182;0,2323612;0,7714791;-1,596397;
00002;004;63732489534,4658;-0,04014855;0,7660808;-1,281834;-0,9797758;-0,08599152;-0,1407363;0,1133056;4;2;69;216,6629;-0,08243957;0,7694931;-1,308468;-0,1684053;0,7641497;-1,567182;0,2323612;0,7714791;-1,596397;
00002;004;63732489537,4183;0,106893;0,7684895;-1,390836;-0,9674188;-0,08656857;-0,2174422;0,09656971;6;2;70;219,6149;0,06186713;0,7726281;-1,423691;-0,1684053;0,7641497;-1,567182;0,2323612;0,7714791;-1,596397;
00002;004;63732489540,2858;0,05488334;0,7671955;-1,315054;-0,9673096;-0,09117601;-0,2156465;0,09744582;5;2;71;222,4821;-0,0001284927;0,7711969;-1,353354;-0,1684053;0,7641497;-1,567182;0,2323612;0,7714791;-1,596397;
00002;004;63732489542,723;-0,1481995;0,7649006;-1,191241;-0,9913161;-0,1128014;0,01805814;0,06513227;3;2;72;224,92;-0,1769651;0,7673849;-1,219469;-0,1684053;0,7641497;-1,567182;0,2323612;0,7714791;-1,596397;
00002;004;63732489545,1092;-0,03848046;0,7658961;-1,275305;-0,9835692;-0,09502769;-0,1270395;0,08615296;4;2;73;227,3063;-0,08243957;0,7694931;-1,308468;-0,1684053;0,7641497;-1,567182;0,2323612;0,7714791;-1,596397;
00002;004;63732489547,5347;-0,1368426;0,766274;-1,427806;0,9895685;0,1293426;0,009511687;-0,06272405;0;2;74;229,7316;-0,171485;0,7683966;-1,4444;-0,1684053;0,7641497;-1,567182;0,2323612;0,7714791;-1,596397;
00002;004;63732489549,8686;0,09692928;0,7682506;-1,408548;0,9534642;0,08945135;0,2716871;-0,09534449;6;2;75;232,0651;0,06186713;0,7726281;-1,423691;-0,1684053;0,7641497;-1,567182;0,2323612;0,7714791;-1,596397;
00002;004;63732489552,4733;-0,1403291;0,7651284;-1,333359;0,9905235;0,1228916;-0,008795967;-0,06069176;1;2;76;234,6699;-0,1733117;0,7680594;-1,369423;-0,1684053;0,7641497;-1,567182;0,2323612;0,7714791;-1,596397;
00002;004;63732489554,9711;-0,1356536;0,7650063;-1,253108;0,9904773;0,122289;-0,01142929;-0,0622055;2;2;77;237,1675;-0,1751384;0,7677221;-1,294446;-0,1684053;0,7641497;-1,567182;0,2323612;0,7714791;-1,596397;
00002;004;63732489557,1179;-0,1390405;0,766153;-1,409897;0,9878374;0,1448802;0,0303848;-0,04758044;0;2;78;239,3143;-0,171485;0,7683966;-1,4444;-0,1684053;0,7641497;-1,567182;0,2323612;0,7714791;-1,596397;
00002;004;63732489559,3166;-0,03502241;0,7654315;-1,283727;0,9851338;0,1317122;0,09240506;-0,060206;4;2;79;241,5133;-0,08243957;0,7694931;-1,308468;-0,1684053;0,7641497;-1,567182;0,2323612;0,7714791;-1,596397;
00002;004;63732489561,539;-0,1506278;0,7653221;-1,245494;0,9902346;0,1060883;-0,04893306;-0,07606842;2;2;80;243,7355;-0,1751384;0,7677221;-1,294446;-0,1684053;0,7641497;-1,567182;0,2323612;0,7714791;-1,596397;
00002;004;63732489563,7568;0,09935565;0,7684692;-1,403609;-0,9457436;-0,0595873;-0,2995124;0,1109542;6;2;81;245,9537;0,06186713;0,7726281;-1,423691;-0,1684053;0,7641497;-1,567182;0,2323612;0,7714791;-1,596397;
00002;004;63732489566,1075;0,0327581;0,7666079;-1,317368;-0,9763233;-0,1074139;-0,1687924;0,08224468;5;2;82;248,3047;-0,0001284927;0,7711969;-1,353354;-0,1684053;0,7641497;-1,567182;0,2323612;0,7714791;-1,596397;
00002;004;63732489568,2675;-0,1467558;0,7648115;-1,215304;-0,9889525;-0,1339295;0,04175731;0,04787749;3;2;83;250,4645;-0,1769651;0,7673849;-1,219469;-0,1684053;0,7641497;-1,567182;0,2323612;0,7714791;-1,596397;
00002;004;63732489570,8993;-0,1326024;0,7651284;-1,340722;-0,9872047;-0,1567796;-0,002659615;0,02898074;1;2;84;253,0963;-0,1733117;0,7680594;-1,369423;-0,1684053;0,7641497;-1,567182;0,2323612;0,7714791;-1,596397;
00002;004;63732489573,7208;0,09082307;0,7681589;-1,394057;-0,9687564;-0,08938309;-0,212071;0,09245366;6;2;85;255,9173;0,06186713;0,7726281;-1,423691;-0,1684053;0,7641497;-1,567182;0,2323612;0,7714791;-1,596397;
00002;004;63732489576,2496;-0,04171376;0,7659184;-1,278648;-0,9866984;-0,1187873;-0,08882495;0,06652829;4;2;86;258,446;-0,08243957;0,7694931;-1,308468;-0,1684053;0,7641497;-1,567182;0,2323612;0,7714791;-1,596397;
00002;004;63732489578,5106;-0,1484714;0,7662893;-1,425711;-0,9876046;-0,1511499;-0,008452249;0,0414652;0;2;87;260,7074;-0,171485;0,7683966;-1,4444;-0,1684053;0,7641497;-1,567182;0,2323612;0,7714791;-1,596397;
00002;004;63732489580,6824;-0,143921;0,7652497;-1,336709;-0,9852606;-0,1611921;-0,04635749;0,03360993;1;2;88;262,8796;-0,1733117;0,7680594;-1,369423;-0,1684053;0,7641497;-1,567182;0,2323612;0,7714791;-1,596397;
00002;004;63732489582,9636;0,02280358;0,7661194;-1,324228;-0,9696754;-0,1398268;-0,1909513;0,06095775;5;2;89;265,1599;-0,0001284927;0,7711969;-1,353354;-0,1684053;0,7641497;-1,567182;0,2323612;0,7714791;-1,596397;
00002;004;63732489586,0188;-0,1404261;0,7644529;-1,238895;-0,9872395;-0,155552;0,01502388;0,03059396;3;2;90;268,2151;-0,1769651;0,7673849;-1,219469;-0,1684053;0,7641497;-1,567182;0,2323612;0,7714791;-1,596397;
00002;004;63732489588,6383;-0,1334042;0,7645203;-1,285794;-0,9850801;-0,1448248;-0,07781275;0,05087456;2;2;91;270,8346;-0,1751384;0,7677221;-1,294446;-0,1684053;0,7641497;-1,567182;0,2323612;0,7714791;-1,596397;
00002;004;63732489591,0045;-0,1435729;0,765646;-1,352442;-0,9827276;-0,1130972;-0,1279888;0,07123455;1;2;92;273,2012;-0,1733117;0,7680594;-1,369423;-0,1684053;0,7641497;-1,567182;0,2323612;0,7714791;-1,596397;
00002;004;63732489593,4226;0,08548193;0,7674984;-1,390633;-0,9235166;-0,1296284;-0,3478942;0,09634969;6;2;93;275,6194;0,06186713;0,7726281;-1,423691;-0,1684053;0,7641497;-1,567182;0,2323612;0,7714791;-1,596397;
00002;004;63732489595,9522;-0,1493328;0,7657582;-1,413867;-0,9721745;-0,1229951;-0,1827645;0,07966286;0;2;94;278,1493;-0,171485;0,7683966;-1,4444;-0,1684053;0,7641497;-1,567182;0,2323612;0,7714791;-1,596397;
00002;004;63732489598,248;-0,1447815;0,7644078;-1,283373;0,9489029;0,1459482;0,2716183;-0,06712615;2;2;95;280,4444;-0,1751384;0,7677221;-1,294446;-0,1684053;0,7641497;-1,567182;0,2323612;0,7714791;-1,596397;
00002;004;63732489600,855;-0,1529883;0,7652572;-1,229193;0,9867858;0,1444714;0,05184064;-0,0519082;3;2;96;283,0519;-0,1769651;0,7673849;-1,219469;-0,1684053;0,7641497;-1,567182;0,2323612;0,7714791;-1,596397;
00002;004;63732489604,8933;-0,05450877;0,7660531;-1,272677;-0,9689234;-0,1085371;-0,2024618;0,09174052;4;2;97;287,09;-0,08243957;0,7694931;-1,308468;-0,1684053;0,7641497;-1,567182;0,2323612;0,7714791;-1,596397;
00002;004;63732489608,3912;0,04677013;0,7674202;-1,339978;0,9420555;0,1124806;0,2996638;-0,100405;5;2;98;290,5876;-0,0001284927;0,7711969;-1,353354;-0,1684053;0,7641497;-1,567182;0,2323612;0,7714791;-1,596397;
00002;004;63732489611,8856;-0,03767948;0,7662849;-1,276742;0,9776272;0,09630476;0,1620271;-0,09336809;4;2;99;294,0825;-0,08243957;0,7694931;-1,308468;-0,1684053;0,7641497;-1,567182;0,2323612;0,7714791;-1,596397;
00002;004;63732489614,9315;-0,1466039;0,767668;-1,440554;0,9891927;0,08990882;-0,05208424;-0,1034488;0;2;100;297,1281;-0,171485;0,7683966;-1,4444;-0,1684053;0,7641497;-1,567182;0,2323612;0,7714791;-1,596397;
00002;004;63732489617,6283;-0,1338828;0,7648593;-1,270858;0,9882254;0,1322264;-0,05802935;-0,05059125;2;2;101;299,8251;-0,1751384;0,7677221;-1,294446;-0,1684053;0,7641497;-1,567182;0,2323612;0,7714791;-1,596397;
00002;004;63732489619,905;-0,1352333;0,7655837;-1,370595;0,9887517;0,1438983;-0,004704312;-0,04051165;1;2;102;302,1019;-0,1733117;0,7680594;-1,369423;-0,1684053;0,7641497;-1,567182;0,2323612;0,7714791;-1,596397;
00002;004;63732489622,3367;0,08398443;0,7680169;-1,414834;0,9383733;0,1276821;0,3086207;-0,08891761;6;2;103;304,5336;0,06186713;0,7726281;-1,423691;-0,1684053;0,7641497;-1,567182;0,2323612;0,7714791;-1,596397;
00002;004;63732489624,7112;0,03581273;0,7666807;-1,337345;0,967097;0,1057647;0,2147479;-0,08614342;5;2;104;306,9076;-0,0001284927;0,7711969;-1,353354;-0,1684053;0,7641497;-1,567182;0,2323612;0,7714791;-1,596397;
00002;004;63732489627,0721;-0,148896;0,7650434;-1,237002;0,9915718;0,1092642;0,01849369;-0,067118;3;2;105;309,2688;-0,1769651;0,7673849;-1,219469;-0,1684053;0,7641497;-1,567182;0,2323612;0,7714791;-1,596397;
00002;004;63732489629,5189;-0,1255229;0,7648935;-1,219678;0,9918041;0,08935296;-0,001405478;-0,09131603;3;2;106;311,7153;-0,1769651;0,7673849;-1,219469;-0,1684053;0,7641497;-1,567182;0,2323612;0,7714791;-1,596397;
00002;004;63732489632,0745;0,08420151;0,7679966;-1,417504;-0,9454071;-0,09623064;-0,2971986;0,09283375;6;2;107;314,2708;0,06186713;0,7726281;-1,423691;-0,1684053;0,7641497;-1,567182;0,2323612;0,7714791;-1,596397;
00002;004;63732489634,4094;-0,1278827;0,7645376;-1,289044;-0,9853584;-0,1679213;0,02258135;0,01900694;2;2;108;316,6062;-0,1751384;0,7677221;-1,294446;-0,1684053;0,7641497;-1,567182;0,2323612;0,7714791;-1,596397;
00002;004;63732489636,7658;-0,01824839;0,7655593;-1,304312;-0,9764599;-0,1382855;-0,1526539;0,06403101;4;2;109;318,9629;-0,08243957;0,7694931;-1,308468;-0,1684053;0,7641497;-1,567182;0,2323612;0,7714791;-1,596397;
00002;004;63732489640,9893;-0,1534977;0,7664477;-1,431151;-0,9891616;-0,1383818;0,001001506;0,04907867;0;2;110;323,1863;-0,171485;0,7683966;-1,4444;-0,1684053;0,7641497;-1,567182;0,2323612;0,7714791;-1,596397;
00002;004;63732489643,4859;0,03344948;0,7664281;-1,334292;-0,96472;-0,1326631;-0,2156162;0,07228845;5;2;111;325,6822;-0,0001284927;0,7711969;-1,353354;-0,1684053;0,7641497;-1,567182;0,2323612;0,7714791;-1,596397;
00002;004;63732489646,031;-0,1440926;0,7649319;-1,332286;-0,9897241;-0,1289035;-0,01698837;0,05951054;1;2;112;328,2275;-0,1733117;0,7680594;-1,369423;-0,1684053;0,7641497;-1,567182;0,2323612;0,7714791;-1,596397;
00002;004;63732489648,4499;0,03781398;0,7662514;-1,329013;-0,9782888;-0,128186;-0,1506218;0,06190734;5;2;113;330,6468;-0,0001284927;0,7711969;-1,353354;-0,1684053;0,7641497;-1,567182;0,2323612;0,7714791;-1,596397;
00002;004;63732489650,8316;-0,1534383;0,7660598;-1,421211;-0,9883426;-0,1460419;-0,01390954;0,04071149;0;2;114;333,0281;-0,171485;0,7683966;-1,4444;-0,1684053;0,7641497;-1,567182;0,2323612;0,7714791;-1,596397;
00002;004;63732489653,3326;-0,1496137;0,7640172;-1,270283;-0,9869985;-0,1545863;-0,01671439;0,04071371;2;2;115;335,5296;-0,1751384;0,7677221;-1,294446;-0,1684053;0,7641497;-1,567182;0,2323612;0,7714791;-1,596397;
00002;004;63732489655,8269;-0,1264782;0,7648317;-1,348069;-0,9793935;-0,1543848;-0,1212003;0,04758523;1;2;116;338,0232;-0,1733117;0,7680594;-1,369423;-0,1684053;0,7641497;-1,567182;0,2323612;0,7714791;-1,596397;
00002;004;63732489658,3457;-0,1369031;0,7646688;-1,20624;-0,9891033;-0,1378364;0,02370178;0,04597945;3;2;117;340,5426;-0,1769651;0,7673849;-1,219469;-0,1684053;0,7641497;-1,567182;0,2323612;0,7714791;-1,596397;
00002;004;63732489660,6198;-0,03517328;0,765552;-1,290737;-0,9761303;-0,1334078;-0,1559335;0,07111041;4;2;118;342,8162;-0,08243957;0,7694931;-1,308468;-0,1684053;0,7641497;-1,567182;0,2323612;0,7714791;-1,596397;
00002;004;63732489663,2685;0,1084869;0,7679986;-1,407296;-0,9221081;-0,09445695;-0,3597177;0,1067605;6;2;119;345,4648;0,06186713;0,7726281;-1,423691;-0,1684053;0,7641497;-1,567182;0,2323612;0,7714791;-1,596397;
00002;004;63732489666,0561;0,106274;0,7674854;-1,401159;-0,9250752;-0,1138565;-0,3496827;0,09484046;6;2;120;348,2531;0,06186713;0,7726281;-1,423691;-0,1684053;0,7641497;-1,567182;0,2323612;0,7714791;-1,596397;
00002;004;63732489670,3755;-0,1369885;0,766071;-1,351348;-0,9892429;-0,1269771;0,03557107;0,06332535;1;2;121;352,5728;-0,1733117;0,7680594;-1,369423;-0,1684053;0,7641497;-1,567182;0,2323612;0,7714791;-1,596397;
00002;004;63732489673,3046;-0,1403246;0,7662477;-1,432875;-0,9833856;-0,1795234;0,01591056;0,02170503;0;2;122;355,5012;-0,171485;0,7683966;-1,4444;-0,1684053;0,7641497;-1,567182;0,2323612;0,7714791;-1,596397;
00002;004;63732489675,8613;-0,03152096;0,7654511;-1,286924;-0,9716441;-0,1694751;-0,157507;0,04876024;4;2;123;358,058;-0,08243957;0,7694931;-1,308468;-0,1684053;0,7641497;-1,567182;0,2323612;0,7714791;-1,596397;
00002;004;63732489678,5083;0,04262281;0,7667997;-1,347475;-0,9413103;-0,1295174;-0,2989396;0,08829109;5;2;124;360,7053;-0,0001284927;0,7711969;-1,353354;-0,1684053;0,7641497;-1,567182;0,2323612;0,7714791;-1,596397;
00002;004;63732489686,4666;-0,1163554;0,7650846;-1,219061;-0,9919183;-0,09529483;0,005933928;0,0835571;3;2;125;368,6635;-0,1769651;0,7673849;-1,219469;-0,1684053;0,7641497;-1,567182;0,2323612;0,7714791;-1,596397;
00002;004;63732489690,0077;-0,1258196;0,7654499;-1,269103;-0,9906419;-0,1059066;0,01553301;0,08468321;2;2;126;372,2045;-0,1751384;0,7677221;-1,294446;-0,1684053;0,7641497;-1,567182;0,2323612;0,7714791;-1,596397;
00002;004;63732489692,954;-0,1345344;0,7646629;-1,340247;-0,9880025;-0,1490981;-0,006707317;0,03969774;1;2;127;375,1511;-0,1733117;0,7680594;-1,369423;-0,1684053;0,7641497;-1,567182;0,2323612;0,7714791;-1,596397;
00002;004;63732489695,9211;-0,1379333;0,7649825;-1,209879;-0,9908589;-0,1190552;0,00247296;0,0633909;3;2;128;378,118;-0,1769651;0,7673849;-1,219469;-0,1684053;0,7641497;-1,567182;0,2323612;0,7714791;-1,596397;
00002;004;63732489698,5676;-0,1336;0,7658382;-1,42653;-0,9837961;-0,1613897;-0,06797822;0,03843823;0;2;129;380,7647;-0,171485;0,7683966;-1,4444;-0,1684053;0,7641497;-1,567182;0,2323612;0,7714791;-1,596397;
00002;004;63732489701,2047;-0,1309329;0,7647263;-1,259678;-0,989278;-0,134507;0,02541476;0,05090269;2;2;130;383,4018;-0,1751384;0,7677221;-1,294446;-0,1684053;0,7641497;-1,567182;0,2323612;0,7714791;-1,596397;
00002;004;63732489704,4934;0,05581111;0,7673514;-1,324581;0,9631885;0,0896925;0,2329443;-0,09980039;5;2;131;386,6897;-0,0001284927;0,7711969;-1,353354;-0,1684053;0,7641497;-1,567182;0,2323612;0,7714791;-1,596397;
00002;004;63732489707,6432;0,1099788;0,7679656;-1,393692;-0,9183822;-0,07592072;-0,3718311;0,1120349;6;2;132;389,8398;0,06186713;0,7726281;-1,423691;-0,1684053;0,7641497;-1,567182;0,2323612;0,7714791;-1,596397;
00002;004;63732489710,6316;-0,03457215;0,7653976;-1,283005;-0,9839799;-0,1288304;-0,1051717;0,0642281;4;2;133;392,8286;-0,08243957;0,7694931;-1,308468;-0,1684053;0,7641497;-1,567182;0,2323612;0,7714791;-1,596397;
00002;004;63732489713,2078;0,1019597;0,7672201;-1,394472;-0,921671;-0,1171803;-0,3580103;0,09284429;6;2;134;395,4047;0,06186713;0,7726281;-1,423691;-0,1684053;0,7641497;-1,567182;0,2323612;0,7714791;-1,596397;
00002;004;63732489715,8486;-0,1374716;0,7647519;-1,205994;-0,9897023;-0,1185198;0,04338983;0,06752631;3;2;135;398,0454;-0,1769651;0,7673849;-1,219469;-0,1684053;0,7641497;-1,567182;0,2323612;0,7714791;-1,596397;
00002;004;63732489718,3936;-0,1354104;0,7643155;-1,299128;-0,9870026;-0,1558326;-0,006300037;0,03876269;2;2;136;400,5906;-0,1751384;0,7677221;-1,294446;-0,1684053;0,7641497;-1,567182;0,2323612;0,7714791;-1,596397;
00002;004;63732489721,7017;-0,1330719;0,7663516;-1,414653;-0,9867045;-0,1530394;-0,02838942;0,04676915;0;2;137;403,8986;-0,171485;0,7683966;-1,4444;-0,1684053;0,7641497;-1,567182;0,2323612;0,7714791;-1,596397;
00002;004;63732489724,4322;0,05745958;0,76675;-1,312143;-0,9774222;-0,1319709;-0,1466565;0,07563952;5;2;138;406,6293;-0,0001284927;0,7711969;-1,353354;-0,1684053;0,7641497;-1,567182;0,2323612;0,7714791;-1,596397;
00002;004;63732489727,2648;-0,0284622;0,7659596;-1,262988;-0,9887974;-0,08957929;-0,0717876;0,09540349;4;2;139;409,4612;-0,08243957;0,7694931;-1,308468;-0,1684053;0,7641497;-1,567182;0,2323612;0,7714791;-1,596397;
00002;004;63732489730,3635;-0,1411967;0,7652593;-1,350409;-0,9894533;-0,1354559;0,01476813;0,04915326;1;2;140;412,5599;-0,1733117;0,7680594;-1,369423;-0,1684053;0,7641497;-1,567182;0,2323612;0,7714791;-1,596397;
