0,25;1,7404;-0,811;0
0,65;1,7402;-0,85;0
ExperimentID;participantID;date;PosRx;PosRy;PosRz;QuaternionRotw;QuaternionRotx;QuaternionRoty;QuaternionRotz;targetNumber;condition;aim_number;PosTargetx;PosTargety;PosTargetz;StartingPositionx;StartingPositiony;StartingPositionz;CalibrationCubex;CalibrationCubey;CalibrationCubez
00002;004;63732486208,9396;-0,1613657;0,7665989;-1,362946;0,9689683;0,2447454;-0,03008153;-0,01718607;1;1;2;47,50938;-0,1724415;0,7722305;-1,36622;-0,1709224;0,7683663;-1,564035;0,2293518;0,7710159;-1,600015;
00002;004;63732486206,0039;0,03296326;0,7673494;-1,345732;0,9598438;0,2317458;0,145842;-0,06102531;5;1;1;44,57388;0,001013294;0,7733309;-1,353078;-0,1709224;0,7683663;-1,564035;0,2293518;0,7710159;-1,600015;
00002;004;63732486211,6644;-0,06643817;0,7666739;-1,301417;0,9675643;0,2465898;0,0385547;-0,03906788;4;1;3;50,23359;-0,08054216;0,7725681;-1,306808;-0,1709224;0,7683663;-1,564035;0,2293518;0,7710159;-1,600015;
00002;004;63732486214,5719;-0,1656884;0,7657393;-1,295103;0,9696153;0,2359899;-0,06368293;-0,009973877;2;1;4;53,14162;-0,1730054;0,7718758;-1,291223;-0,1709224;0,7683663;-1,564035;0,2293518;0,7710159;-1,600015;
00002;004;63732486217,5984;-0,1917192;0,7651297;-1,182688;0,9718286;0,2334345;-0,01572477;-0,02846705;3;1;5;56,16796;-0,1735692;0,7715211;-1,216226;-0,1709224;0,7683663;-1,564035;0,2293518;0,7710159;-1,600015;
00002;004;63732486220,6602;0,08393449;0,7686533;-1,403088;0,9600467;0,2361846;0,1399162;-0,0543211;6;1;6;59,22999;0,06182449;0,7740722;-1,424452;-0,1709224;0,7683663;-1,564035;0,2293518;0,7710159;-1,600015;
00002;004;63732486223,4405;-0,1642587;0,7679969;-1,478003;0,9571429;0,2581001;-0,1313751;0,001539341;0;1;7;62,01033;-0,1718777;0,7725853;-1,441217;-0,1709224;0,7683663;-1,564035;0,2293518;0,7710159;-1,600015;
00002;004;63732486227,462;-0,1860402;0,7646242;-1,200836;0,9727784;0,2283441;-0,02947008;-0,02631945;3;1;8;66,03175;-0,1735692;0,7715211;-1,216226;-0,1709224;0,7683663;-1,564035;0,2293518;0,7710159;-1,600015;
00002;004;63732486229,8958;-0,1710183;0,76581;-1,328666;0,9652274;0,244583;-0,09221723;0,003368674;2;1;9;68,46525;-0,1730054;0,7718758;-1,291223;-0,1709224;0,7683663;-1,564035;0,2293518;0,7710159;-1,600015;
00002;004;63732486232,6122;-0,1630698;0,7669947;-1,445543;0,9589078;0,2335576;-0,1582805;0,0299001;0;1;10;71,18144;-0,1718777;0,7725853;-1,441217;-0,1709224;0,7683663;-1,564035;0,2293518;0,7710159;-1,600015;
00002;004;63732486235,4152;-0,0755577;0,7661821;-1,29486;0,9707533;0,2368925;0,01593625;-0,03558118;4;1;11;73,98464;-0,08054216;0,7725681;-1,306808;-0,1709224;0,7683663;-1,564035;0,2293518;0,7710159;-1,600015;
00002;004;63732486238,275;0,007637084;0,7677791;-1,340104;0,9681568;0,2439563;0,0441342;-0,03478529;5;1;12;76,84499;0,001013294;0,7733309;-1,353078;-0,1709224;0,7683663;-1,564035;0,2293518;0,7710159;-1,600015;
00002;004;63732486240,9633;0,06251848;0,7680514;-1,416482;0,969398;0,2359444;0,06337134;-0,02412195;6;1;13;79,53277;0,06182449;0,7740722;-1,424452;-0,1709224;0,7683663;-1,564035;0,2293518;0,7710159;-1,600015;
00002;004;63732486243,2108;-0,1741908;0,7662856;-1,358329;0,9666896;0,2359794;-0,09885033;-0,00731259;1;1;14;81,78075;-0,1724415;0,7722305;-1,36622;-0,1709224;0,7683663;-1,564035;0,2293518;0,7710159;-1,600015;
00002;004;63732486245,6986;-0,1843739;0,7652621;-1,186558;0,9722915;0,2270948;-0,0517398;-0,0200074;3;1;15;84,26833;-0,1735692;0,7715211;-1,216226;-0,1709224;0,7683663;-1,564035;0,2293518;0,7710159;-1,600015;
00002;004;63732486248,4714;-0,1863709;0,765312;-1,296117;0,9684051;0,2406547;-0,0623551;-0,01971732;2;1;16;87,04121;-0,1730054;0,7718758;-1,291223;-0,1709224;0,7683663;-1,564035;0,2293518;0,7710159;-1,600015;
00002;004;63732486250,999;0,05963711;0,7685774;-1,405153;0,9627389;0,2465893;0,1011127;-0,04586591;6;1;17;89,5687;0,06182449;0,7740722;-1,424452;-0,1709224;0,7683663;-1,564035;0,2293518;0,7710159;-1,600015;
00002;004;63732486253,6834;-0,178929;0,7662785;-1,357297;0,9650906;0,2451992;-0,09205186;-0,002033047;1;1;18;92,25324;-0,1724415;0,7722305;-1,36622;-0,1709224;0,7683663;-1,564035;0,2293518;0,7710159;-1,600015;
00002;004;63732486256,3672;-0,09177009;0,765781;-1,308813;0,9714431;0,2354179;-0,0008972512;-0,02959697;4;1;19;94,93726;-0,08054216;0,7725681;-1,306808;-0,1709224;0,7683663;-1,564035;0,2293518;0,7710159;-1,600015;
00002;004;63732486258,6477;-0,166764;0,7671173;-1,443074;0,9582394;0,236302;-0,1595775;0,02176745;0;1;20;97,21753;-0,1718777;0,7725853;-1,441217;-0,1709224;0,7683663;-1,564035;0,2293518;0,7710159;-1,600015;
00002;004;63732486260,8205;-0,01140109;0,7669287;-1,355505;0,9714631;0,2322599;0,03599327;-0,03192683;5;1;21;99,39044;0,001013294;0,7733309;-1,353078;-0,1709224;0,7683663;-1,564035;0,2293518;0,7710159;-1,600015;
00002;004;63732486263,5363;-0,1754727;0,7666413;-1,374469;0,9542883;0,2513702;-0,1605595;0,01917213;1;1;22;102,1058;-0,1724415;0,7722305;-1,36622;-0,1709224;0,7683663;-1,564035;0,2293518;0,7710159;-1,600015;
00002;004;63732486266,3062;-0,1843771;0,7643061;-1,191606;0,9734602;0,2211253;-0,05662598;-0,01650426;3;1;23;104,8761;-0,1735692;0,7715211;-1,216226;-0,1709224;0,7683663;-1,564035;0,2293518;0,7710159;-1,600015;
00002;004;63732486269,3491;-0,1915737;0,7652497;-1,276136;0,963454;0,2450529;-0,1081766;-0,001837549;2;1;24;107,9185;-0,1730054;0,7718758;-1,291223;-0,1709224;0,7683663;-1,564035;0,2293518;0,7710159;-1,600015;
00002;004;63732486272,051;-0,1709776;0,7680822;-1,44252;0,9491241;0,2583977;-0,1799736;-0,001902468;0;1;25;110,6206;-0,1718777;0,7725853;-1,441217;-0,1709224;0,7683663;-1,564035;0,2293518;0,7710159;-1,600015;
00002;004;63732486274,9999;-0,08303525;0,7652604;-1,289948;0,9703288;0,235262;-0,0542805;-0,01294258;4;1;26;113,5698;-0,08054216;0,7725681;-1,306808;-0,1709224;0,7683663;-1,564035;0,2293518;0,7710159;-1,600015;
00002;004;63732486277,7934;0,06168649;0,7676265;-1,397938;0,9723217;0,2196615;0,07641876;-0,02234922;6;1;27;116,3627;0,06182449;0,7740722;-1,424452;-0,1709224;0,7683663;-1,564035;0,2293518;0,7710159;-1,600015;
00002;004;63732486280,7487;0,001764427;0,7671826;-1,334088;0,9715781;0,2267624;0,06116916;-0,02955119;5;1;28;119,3185;0,001013294;0,7733309;-1,353078;-0,1709224;0,7683663;-1,564035;0,2293518;0,7710159;-1,600015;
00002;004;63732486283,5159;0,003167733;0,7670494;-1,33763;0,9667797;0,2413806;0,07321311;-0,04137985;5;1;29;122,086;0,001013294;0,7733309;-1,353078;-0,1709224;0,7683663;-1,564035;0,2293518;0,7710159;-1,600015;
00002;004;63732486286,6022;-0,1887665;0,7642375;-1,197494;0,9748045;0,2158916;-0,05480289;-0,01199005;3;1;30;125,1715;-0,1735692;0,7715211;-1,216226;-0,1709224;0,7683663;-1,564035;0,2293518;0,7710159;-1,600015;
00002;004;63732486289,6733;-0,07784797;0,7660498;-1,305537;0,9759515;0,2172163;-0,0148927;-0,01067444;4;1;31;128,2433;-0,08054216;0,7725681;-1,306808;-0,1709224;0,7683663;-1,564035;0,2293518;0,7710159;-1,600015;
00002;004;63732486292,9608;-0,1838946;0,7647809;-1,27913;0,9664885;0,2421364;-0,08525362;-0,001374242;2;1;32;131,5303;-0,1730054;0,7718758;-1,291223;-0,1709224;0,7683663;-1,564035;0,2293518;0,7710159;-1,600015;
00002;004;63732486296,0991;0,04985521;0,7685035;-1,403901;0,9676539;0,2471911;0,036715;-0,03456363;6;1;33;134,6689;0,06182449;0,7740722;-1,424452;-0,1709224;0,7683663;-1,564035;0,2293518;0,7710159;-1,600015;
00002;004;63732486298,7021;-0,1734096;0,7663296;-1,432579;0,9457228;0,2496295;-0,2051794;0,03457023;0;1;34;137,2715;-0,1718777;0,7725853;-1,441217;-0,1709224;0,7683663;-1,564035;0,2293518;0,7710159;-1,600015;
00002;004;63732486301,3943;-0,1850698;0,7667469;-1,34808;0,9470973;0,2279598;-0,2201778;0,05062509;1;1;35;139,9641;-0,1724415;0,7722305;-1,36622;-0,1709224;0,7683663;-1,564035;0,2293518;0,7710159;-1,600015;
00002;004;63732486304,2599;-0,1823914;0,7656683;-1,359386;-0,964187;-0,2189818;0,1475188;-0,02507013;1;1;36;142,8301;-0,1724415;0,7722305;-1,36622;-0,1709224;0,7683663;-1,564035;0,2293518;0,7710159;-1,600015;
00002;004;63732486307,245;0,05776792;0,7685927;-1,40044;-0,9659407;-0,2550051;-0,02783671;0,03400253;6;1;37;145,8147;0,06182449;0,7740722;-1,424452;-0,1709224;0,7683663;-1,564035;0,2293518;0,7710159;-1,600015;
00002;004;63732486309,9623;-0,009710548;0,766992;-1,327871;-0,9681907;-0,2482324;0,02761318;0,01499516;5;1;38;148,5316;0,001013294;0,7733309;-1,353078;-0,1709224;0,7683663;-1,564035;0,2293518;0,7710159;-1,600015;
00002;004;63732486312,8375;-0,1711313;0,7668218;-1,428111;-0,9423687;-0,2528542;0,217513;-0,02634693;0;1;39;151,4071;-0,1718777;0,7725853;-1,441217;-0,1709224;0,7683663;-1,564035;0,2293518;0,7710159;-1,600015;
00002;004;63732486315,5005;-0,1903698;0,7653646;-1,284807;-0,9607892;-0,2548976;0,1091211;0,00201021;2;1;40;154,0703;-0,1730054;0,7718758;-1,291223;-0,1709224;0,7683663;-1,564035;0,2293518;0,7710159;-1,600015;
00002;004;63732486318,5487;-0,2000953;0,7648519;-1,177437;-0,9703627;-0,2297371;0,07456186;0,00759796;3;1;41;157,1184;-0,1735692;0,7715211;-1,216226;-0,1709224;0,7683663;-1,564035;0,2293518;0,7710159;-1,600015;
00002;004;63732486321,4409;-0,09149645;0,7658901;-1,297588;-0,9673333;-0,2474808;0,0531164;0,01407707;4;1;42;160,0105;-0,08054216;0,7725681;-1,306808;-0,1709224;0,7683663;-1,564035;0,2293518;0,7710159;-1,600015;
00002;004;63732486324,7236;-0,1946658;0,7652372;-1,285167;-0,9587963;-0,2548928;0,1254355;-0,002288008;2;1;43;163,2934;-0,1730054;0,7718758;-1,291223;-0,1709224;0,7683663;-1,564035;0,2293518;0,7710159;-1,600015;
00002;004;63732486327,308;-0,1753846;0,767487;-1,434785;-0,9460661;-0,2385103;0,2147076;-0,04441202;0;1;44;165,8779;-0,1718777;0,7725853;-1,441217;-0,1709224;0,7683663;-1,564035;0,2293518;0,7710159;-1,600015;
00002;004;63732486330,6402;-0,1980812;0,7649206;-1,175448;-0,9693367;-0,2361728;0,06747897;0,007436876;3;1;45;169,2099;-0,1735692;0,7715211;-1,216226;-0,1709224;0,7683663;-1,564035;0,2293518;0,7710159;-1,600015;
00002;004;63732486333,4318;-0,1822271;0,7661387;-1,36798;-0,9459119;-0,2603189;0,1924682;-0,02099768;1;1;46;172,0017;-0,1724415;0,7722305;-1,36622;-0,1709224;0,7683663;-1,564035;0,2293518;0,7710159;-1,600015;
00002;004;63732486336,1142;-0,09351844;0,7661252;-1,315112;-0,9589775;-0,2625153;0,1069934;-0,0006707943;4;1;47;174,6838;-0,08054216;0,7725681;-1,306808;-0,1709224;0,7683663;-1,564035;0,2293518;0,7710159;-1,600015;
00002;004;63732486339,0061;-0,01411195;0,7671226;-1,343453;-0,9645512;-0,2554935;0,06538007;0,009464684;5;1;48;177,5761;0,001013294;0,7733309;-1,353078;-0,1709224;0,7683663;-1,564035;0,2293518;0,7710159;-1,600015;
00002;004;63732486341,804;0,06120799;0,768743;-1,409263;-0,9632884;-0,2590665;-0,05555304;0,04328729;6;1;49;180,3739;0,06182449;0,7740722;-1,424452;-0,1709224;0,7683663;-1,564035;0,2293518;0,7710159;-1,600015;
00002;004;63732486344,4737;-0,09670848;0,7653467;-1,303188;-0,9661479;-0,2406969;0,09286125;-0,0001140011;4;1;50;183,043;-0,08054216;0,7725681;-1,306808;-0,1709224;0,7683663;-1,564035;0,2293518;0,7710159;-1,600015;
00002;004;63732486347,5019;-0,01031846;0,7671857;-1,347945;0,9656916;0,2563449;-0,03851632;-0,01560678;5;1;51;186,0718;0,001013294;0,7733309;-1,353078;-0,1709224;0,7683663;-1,564035;0,2293518;0,7710159;-1,600015;
00002;004;63732486350,3264;-0,1775218;0,7658954;-1,365352;0,9540632;0,2403636;-0,1772818;0,02366385;1;1;52;188,8961;-0,1724415;0,7722305;-1,36622;-0,1709224;0,7683663;-1,564035;0,2293518;0,7710159;-1,600015;
00002;004;63732486353,5873;-0,2027067;0,7643859;-1,191178;0,965108;0,2408633;-0,1025382;0,006108068;3;1;53;192,1575;-0,1735692;0,7715211;-1,216226;-0,1709224;0,7683663;-1,564035;0,2293518;0,7710159;-1,600015;
00002;004;63732486356,2353;0,03859386;0,7677535;-1,399049;0,9710148;0,2380543;0,01907095;-0,009835464;6;1;54;194,8046;0,06182449;0,7740722;-1,424452;-0,1709224;0,7683663;-1,564035;0,2293518;0,7710159;-1,600015;
00002;004;63732486358,9551;-0,1927192;0,7656765;-1,306925;0,9522468;0,2523217;-0,1707027;0,02050169;2;1;55;197,5246;-0,1730054;0,7718758;-1,291223;-0,1709224;0,7683663;-1,564035;0,2293518;0,7710159;-1,600015;
00002;004;63732486361,4917;-0,1743664;0,767369;-1,46334;0,9358208;0,2369295;-0,2584187;0,03638182;0;1;56;200,0617;-0,1718777;0,7725853;-1,441217;-0,1709224;0,7683663;-1,564035;0,2293518;0,7710159;-1,600015;
00002;004;63732486363,8817;-0,1837151;0,7663222;-1,386927;0,9449408;0,2455333;-0,2145932;0,02738911;1;1;57;202,4518;-0,1724415;0,7722305;-1,36622;-0,1709224;0,7683663;-1,564035;0,2293518;0,7710159;-1,600015;
00002;004;63732486366,7454;-0,1936264;0,7647034;-1,187554;0,9682118;0,2345226;-0,08618458;-0,01171446;3;1;58;205,3147;-0,1735692;0,7715211;-1,216226;-0,1709224;0,7683663;-1,564035;0,2293518;0,7710159;-1,600015;
00002;004;63732486370,8948;-0,1675713;0,7674996;-1,451937;0,9426852;0,2430532;-0,2279096;0,01808424;0;1;59;209,4646;-0,1718777;0,7725853;-1,441217;-0,1709224;0,7683663;-1,564035;0,2293518;0,7710159;-1,600015;
00002;004;63732486373,4374;-0,01320204;0,7668715;-1,333165;0,9677359;0,2491528;-0,03269239;-0,01847078;5;1;60;212,0067;0,001013294;0,7733309;-1,353078;-0,1709224;0,7683663;-1,564035;0,2293518;0,7710159;-1,600015;
00002;004;63732486376,126;-0,1839125;0,7657027;-1,268596;0,9476099;0,270539;-0,1694737;0,0110856;2;1;61;214,6953;-0,1730054;0,7718758;-1,291223;-0,1709224;0,7683663;-1,564035;0,2293518;0,7710159;-1,600015;
00002;004;63732486379,9813;-0,08197911;0,7662766;-1,276561;0,957863;0,2556022;-0,1307744;0,008007805;4;1;62;218,5511;-0,08054216;0,7725681;-1,306808;-0,1709224;0,7683663;-1,564035;0,2293518;0,7710159;-1,600015;
00002;004;63732486382,9277;0,05578646;0,7688304;-1,395646;0,9665898;0,2535571;0,02395528;-0,02896855;6;1;63;221,4977;0,06182449;0,7740722;-1,424452;-0,1709224;0,7683663;-1,564035;0,2293518;0,7710159;-1,600015;
00002;004;63732486385,6226;-0,1822257;0,7657818;-1,354032;0,9544954;0,2499589;-0,1620691;0,01387913;1;1;64;224,1927;-0,1724415;0,7722305;-1,36622;-0,1709224;0,7683663;-1,564035;0,2293518;0,7710159;-1,600015;
00002;004;63732486388,2295;-0,1760242;0,767772;-1,438709;0,9438512;0,2238611;-0,2391457;0,04290113;0;1;65;226,7996;-0,1718777;0,7725853;-1,441217;-0,1709224;0,7683663;-1,564035;0,2293518;0,7710159;-1,600015;
00002;004;63732486390,878;-0,08976972;0,7659193;-1,298025;0,959546;0,2532772;-0,1229208;0,003581628;4;1;66;229,4478;-0,08054216;0,7725681;-1,306808;-0,1709224;0,7683663;-1,564035;0,2293518;0,7710159;-1,600015;
00002;004;63732486393,5704;-0,01658274;0,7670717;-1,334489;0,9616667;0,2602122;-0,08649806;-0,002202594;5;1;67;232,14;0,001013294;0,7733309;-1,353078;-0,1709224;0,7683663;-1,564035;0,2293518;0,7710159;-1,600015;
00002;004;63732486396,3292;-0,1861835;0,7652179;-1,307649;0,957413;0,2427605;-0,1559408;0,01049854;2;1;68;234,8984;-0,1730054;0,7718758;-1,291223;-0,1709224;0,7683663;-1,564035;0,2293518;0,7710159;-1,600015;
00002;004;63732486398,932;-0,1936241;0,7649313;-1,18119;0,9658667;0,2357971;-0,105827;-0,01737535;3;1;69;237,5015;-0,1735692;0,7715211;-1,216226;-0,1709224;0,7683663;-1,564035;0,2293518;0,7710159;-1,600015;
00002;004;63732486401,7631;0,05564264;0,7688934;-1,405042;0,9679229;0,2470396;0,03160759;-0,03313194;6;1;70;240,3329;0,06182449;0,7740722;-1,424452;-0,1709224;0,7683663;-1,564035;0,2293518;0,7710159;-1,600015;
00002;004;63732486404,4535;-0,1831713;0,7655692;-1,314232;0,9506341;0,2566421;-0,1738115;0,01480563;2;1;71;243,0232;-0,1730054;0,7718758;-1,291223;-0,1709224;0,7683663;-1,564035;0,2293518;0,7710159;-1,600015;
00002;004;63732486406,8781;-0,1814313;0,7660987;-1,396311;0,9370464;0,2447371;-0,2463754;0,03670199;1;1;72;245,448;-0,1724415;0,7722305;-1,36622;-0,1709224;0,7683663;-1,564035;0,2293518;0,7710159;-1,600015;
00002;004;63732486409,4014;-0,02227422;0,767447;-1,341925;0,9656698;0,2485263;-0,07559615;0,001294986;5;1;73;247,9708;0,001013294;0,7733309;-1,353078;-0,1709224;0,7683663;-1,564035;0,2293518;0,7710159;-1,600015;
00002;004;63732486411,687;-0,09830377;0,7661492;-1,300014;-0,9661937;-0,2420404;0,08876389;-0,002677941;4;1;74;250,2565;-0,08054216;0,7725681;-1,306808;-0,1709224;0,7683663;-1,564035;0,2293518;0,7710159;-1,600015;
00002;004;63732486414,1053;0,04633989;0,7684947;-1,40117;0,9690183;0,2434799;0,02803917;-0,03057591;6;1;75;252,6752;0,06182449;0,7740722;-1,424452;-0,1709224;0,7683663;-1,564035;0,2293518;0,7710159;-1,600015;
00002;004;63732486416,6566;-0,2016288;0,7646756;-1,159991;0,9634522;0,2400773;-0,1188033;0,002956563;3;1;76;255,2264;-0,1735692;0,7715211;-1,216226;-0,1709224;0,7683663;-1,564035;0,2293518;0,7710159;-1,600015;
00002;004;63732486419,3444;-0,1709112;0,768062;-1,437554;0,9376984;0,2254751;-0,25793;0,05792253;0;1;77;257,9138;-0,1718777;0,7725853;-1,441217;-0,1709224;0,7683663;-1,564035;0,2293518;0,7710159;-1,600015;
00002;004;63732486421,869;0,06322414;0,767808;-1,383271;0,9714938;0,2300074;0,05448953;-0,0180942;6;1;78;260,4386;0,06182449;0,7740722;-1,424452;-0,1709224;0,7683663;-1,564035;0,2293518;0,7710159;-1,600015;
00002;004;63732486424,3712;-0,2016942;0,7643108;-1,160665;0,9646267;0,2413387;-0,1059057;0,005926697;3;1;79;262,9407;-0,1735692;0,7715211;-1,216226;-0,1709224;0,7683663;-1,564035;0,2293518;0,7710159;-1,600015;
00002;004;63732486428,4242;-0,1879614;0,765256;-1,298594;0,9585624;0,2434562;-0,1475616;0,01062793;2;1;80;266,9935;-0,1730054;0,7718758;-1,291223;-0,1709224;0,7683663;-1,564035;0,2293518;0,7710159;-1,600015;
00002;004;63732486430,8852;-0,1688323;0,7659472;-1,38541;0,9419788;0,2471525;-0,2249778;0,03125121;1;1;81;269,4548;-0,1724415;0,7722305;-1,36622;-0,1709224;0,7683663;-1,564035;0,2293518;0,7710159;-1,600015;
00002;004;63732486433,3939;-0,1687481;0,7675695;-1,461502;0,9343163;0,2515448;-0,2515886;0,02194056;0;1;82;271,9634;-0,1718777;0,7725853;-1,441217;-0,1709224;0,7683663;-1,564035;0,2293518;0,7710159;-1,600015;
00002;004;63732486436,0259;-0,09097056;0,7659523;-1,282619;0,9644707;0,2407815;-0,1083746;0,008695156;4;1;83;274,5953;-0,08054216;0,7725681;-1,306808;-0,1709224;0,7683663;-1,564035;0,2293518;0,7710159;-1,600015;
00002;004;63732486438,7342;-0,01443497;0,7672413;-1,333691;0,9655543;0,2438379;-0,09062053;0,005999975;5;1;84;277,304;0,001013294;0,7733309;-1,353078;-0,1709224;0,7683663;-1,564035;0,2293518;0,7710159;-1,600015;
00002;004;63732486441,063;-0,1906873;0,7651041;-1,280584;0,9598979;0,2397474;-0,1448399;0,01177306;2;1;85;279,6326;-0,1730054;0,7718758;-1,291223;-0,1709224;0,7683663;-1,564035;0,2293518;0,7710159;-1,600015;
00002;004;63732486443,6924;0,04825542;0,7683918;-1,41038;0,9703138;0,2409726;-0,00582063;-0,01973281;6;1;86;282,2622;0,06182449;0,7740722;-1,424452;-0,1709224;0,7683663;-1,564035;0,2293518;0,7710159;-1,600015;
00002;004;63732486446,0729;-0,1744518;0,7694815;-1,45868;0,4226601;0,1956189;-0,8840089;0,04024667;0;1;87;284,6421;-0,1718777;0,7725853;-1,441217;-0,1709224;0,7683663;-1,564035;0,2293518;0,7710159;-1,600015;
00002;004;63732486448,8896;-0,1889569;0,7666646;-1,35617;0,9434569;0,2389608;-0,2270744;0,03498659;1;1;88;287,459;-0,1724415;0,7722305;-1,36622;-0,1709224;0,7683663;-1,564035;0,2293518;0,7710159;-1,600015;
00002;004;63732486451,7424;-0,01012274;0,7672148;-1,318737;0,9698321;0,2384739;-0,05055561;-0,0002094273;5;1;89;290,3117;0,001013294;0,7733309;-1,353078;-0,1709224;0,7683663;-1,564035;0,2293518;0,7710159;-1,600015;
00002;004;63732486455,266;-0,2031718;0,7645879;-1,177655;0,96042;0,2500443;-0,1227636;0,0006823241;3;1;90;293,836;-0,1735692;0,7715211;-1,216226;-0,1709224;0,7683663;-1,564035;0,2293518;0,7710159;-1,600015;
00002;004;63732486459,2203;-0,0834641;0,7654293;-1,277125;0,9662691;0,243576;-0,08346722;-0,005293042;4;1;91;297,7903;-0,08054216;0,7725681;-1,306808;-0,1709224;0,7683663;-1,564035;0,2293518;0,7710159;-1,600015;
00002;004;63732486462,4373;0,05551025;0,7683187;-1,391532;0,9685872;0,2445964;0,02894313;-0,03426174;6;1;92;301,0069;0,06182449;0,7740722;-1,424452;-0,1709224;0,7683663;-1,564035;0,2293518;0,7710159;-1,600015;
00002;004;63732486465,1006;-0,09603363;0,7655392;-1,276554;0,9656442;0,2472965;-0,07941643;-0,008301404;4;1;93;303,6701;-0,08054216;0,7725681;-1,306808;-0,1709224;0,7683663;-1,564035;0,2293518;0,7710159;-1,600015;
00002;004;63732486467,9778;-0,1986885;0,7651578;-1,260463;0,95693;0,2483442;-0,1501388;0,008271489;2;1;94;306,547;-0,1730054;0,7718758;-1,291223;-0,1709224;0,7683663;-1,564035;0,2293518;0,7710159;-1,600015;
00002;004;63732486470,5617;-0,1830729;0,7677247;-1,438803;0,9400837;0,2575664;-0,2231208;0,01092135;0;1;95;309,1318;-0,1718777;0,7725853;-1,441217;-0,1709224;0,7683663;-1,564035;0,2293518;0,7710159;-1,600015;
00002;004;63732486472,9407;-0,1860068;0,7654614;-1,347806;0,9497895;0,2396655;-0,1998706;0,0226317;1;1;96;311,5103;-0,1724415;0,7722305;-1,36622;-0,1709224;0,7683663;-1,564035;0,2293518;0,7710159;-1,600015;
00002;004;63732486475,7948;-0,1956133;0,7644659;-1,174054;0,9634057;0,2387558;-0,1218391;0,0005406144;3;1;97;314,3645;-0,1735692;0,7715211;-1,216226;-0,1709224;0,7683663;-1,564035;0,2293518;0,7710159;-1,600015;
00002;004;63732486478,2997;0,004828296;0,7668273;-1,316051;0,9692236;0,2423832;0,02461315;-0,03536182;5;1;98;316,8691;0,001013294;0,7733309;-1,353078;-0,1709224;0,7683663;-1,564035;0,2293518;0,7710159;-1,600015;
00002;004;63732486480,8562;-0,181345;0,7658283;-1,354292;0,9572107;0,2391807;-0,1621543;0,01569791;1;1;99;319,4258;-0,1724415;0,7722305;-1,36622;-0,1709224;0,7683663;-1,564035;0,2293518;0,7710159;-1,600015;
00002;004;63732486483,2672;-0,09444225;0,7654808;-1,283556;0,9655871;0,2460451;-0,08407684;-0,00588546;4;1;100;321,837;-0,08054216;0,7725681;-1,306808;-0,1709224;0,7683663;-1,564035;0,2293518;0,7710159;-1,600015;
00002;004;63732486486,1458;-0,1942609;0,7647697;-1,271923;0,9583985;0,244306;-0,147457;0,006596174;2;1;101;324,7154;-0,1730054;0,7718758;-1,291223;-0,1709224;0,7683663;-1,564035;0,2293518;0,7710159;-1,600015;
00002;004;63732486489,1773;0,05466484;0,7690836;-1,410003;0,9664094;0,2532545;0,03018537;-0,03168347;6;1;102;327,7471;0,06182449;0,7740722;-1,424452;-0,1709224;0,7683663;-1,564035;0,2293518;0,7710159;-1,600015;
00002;004;63732486491,6742;-0,02386938;0,7671373;-1,342281;0,9702282;0,2397674;0,01705739;-0,0296282;5;1;103;330,2438;0,001013294;0,7733309;-1,353078;-0,1709224;0,7683663;-1,564035;0,2293518;0,7710159;-1,600015;
00002;004;63732486494,0976;-0,1998432;0,7650656;-1,185389;-0,9710869;-0,2275841;0,07102434;0,01229495;3;1;104;332,6674;-0,1735692;0,7715211;-1,216226;-0,1709224;0,7683663;-1,564035;0,2293518;0,7710159;-1,600015;
00002;004;63732486496,4422;-0,1703638;0,7673036;-1,460769;-0,9449786;-0,2333824;0,2281519;-0,02224593;0;1;105;335,0119;-0,1718777;0,7725853;-1,441217;-0,1709224;0,7683663;-1,564035;0,2293518;0,7710159;-1,600015;
00002;004;63732486498,9226;-0,1955646;0,764228;-1,175596;-0,9711608;-0,2236116;0,08267031;0,003186092;3;1;106;337,492;-0,1735692;0,7715211;-1,216226;-0,1709224;0,7683663;-1,564035;0,2293518;0,7710159;-1,600015;
00002;004;63732486501,6972;-0,08217235;0,7659319;-1,282642;-0,9689117;-0,2378013;0,06820311;0,003000881;4;1;107;340,2668;-0,08054216;0,7725681;-1,306808;-0,1709224;0,7683663;-1,564035;0,2293518;0,7710159;-1,600015;
00002;004;63732486504,2777;0,03896194;0,7681826;-1,414837;-0,9671461;-0,2500326;0,04501926;0,009245063;6;1;108;342,847;0,06182449;0,7740722;-1,424452;-0,1709224;0,7683663;-1,564035;0,2293518;0,7710159;-1,600015;
00002;004;63732486506,6533;-0,02089785;0,7669388;-1,325852;-0,9674252;-0,2441005;0,06710286;0,0008022807;5;1;109;345,2234;0,001013294;0,7733309;-1,353078;-0,1709224;0,7683663;-1,564035;0,2293518;0,7710159;-1,600015;
00002;004;63732486509,3536;-0,1993227;0,764609;-1,25906;-0,9538994;-0,2408711;0,1783604;-0,01564066;2;1;110;347,9231;-0,1730054;0,7718758;-1,291223;-0,1709224;0,7683663;-1,564035;0,2293518;0,7710159;-1,600015;
00002;004;63732486511,8283;-0,1832171;0,7668825;-1,4412;-0,9319035;-0,2327223;0,2738339;-0,04910364;0;1;111;350,3982;-0,1718777;0,7725853;-1,441217;-0,1709224;0,7683663;-1,564035;0,2293518;0,7710159;-1,600015;
00002;004;63732486514,0151;-0,1903451;0,7662343;-1,358411;-0,9399533;-0,2659295;0,2125046;-0,02472121;1;1;112;352,5852;-0,1724415;0,7722305;-1,36622;-0,1709224;0,7683663;-1,564035;0,2293518;0,7710159;-1,600015;
00002;004;63732486516,655;-0,0245566;0,7670109;-1,321045;-0,967395;-0,2447357;0,0651685;0,00209987;5;1;113;355,2248;0,001013294;0,7733309;-1,353078;-0,1709224;0,7683663;-1,564035;0,2293518;0,7710159;-1,600015;
00002;004;63732486519,104;-0,2016518;0,764947;-1,18072;-0,9597849;-0,2388185;0,1470336;-0,01264358;3;1;114;357,674;-0,1735692;0,7715211;-1,216226;-0,1709224;0,7683663;-1,564035;0,2293518;0,7710159;-1,600015;
00002;004;63732486521,5349;0,03501647;0,7683027;-1,40342;-0,9615744;-0,2589757;0,09112769;0,001430121;6;1;115;360,1047;0,06182449;0,7740722;-1,424452;-0,1709224;0,7683663;-1,564035;0,2293518;0,7710159;-1,600015;
00002;004;63732486523,5915;-0,1766543;0,7678655;-1,460342;-0,9326397;-0,2542484;0,2530787;-0,03862876;0;1;116;362,1608;-0,1718777;0,7725853;-1,441217;-0,1709224;0,7683663;-1,564035;0,2293518;0,7710159;-1,600015;
00002;004;63732486526,1763;-0,09738916;0,7655622;-1,304219;-0,9643342;-0,2437033;0,1032629;-0,002266468;4;1;117;364,7466;-0,08054216;0,7725681;-1,306808;-0,1709224;0,7683663;-1,564035;0,2293518;0,7710159;-1,600015;
00002;004;63732486528,478;-0,1834474;0,765344;-1,361324;-0,9456982;-0,2479499;0,2086267;-0,0255079;1;1;118;367,0478;-0,1724415;0,7722305;-1,36622;-0,1709224;0,7683663;-1,564035;0,2293518;0,7710159;-1,600015;
00002;004;63732486531,0079;-0,1963807;0,7650977;-1,275303;-0,9478542;-0,2478002;0,1993381;-0,02078046;2;1;119;369,5771;-0,1730054;0,7718758;-1,291223;-0,1709224;0,7683663;-1,564035;0,2293518;0,7710159;-1,600015;
00002;004;63732486533,4308;-0,08461358;0,7661307;-1,308069;-0,9556367;-0,2542069;0,1481182;-0,01408439;4;1;120;372,0003;-0,08054216;0,7725681;-1,306808;-0,1709224;0,7683663;-1,564035;0,2293518;0,7710159;-1,600015;
00002;004;63732486535,8217;0,04946676;0,7684543;-1,406399;-0,965817;-0,2552017;0,04350606;0,0132983;6;1;121;374,3919;0,06182449;0,7740722;-1,424452;-0,1709224;0,7683663;-1,564035;0,2293518;0,7710159;-1,600015;
00002;004;63732486538,1343;-0,1750222;0,7680692;-1,45286;-0,9387765;-0,2238156;0,2555065;-0,05763507;0;1;122;376,7038;-0,1718777;0,7725853;-1,441217;-0,1709224;0,7683663;-1,564035;0,2293518;0,7710159;-1,600015;
00002;004;63732486541,0819;-0,1862906;0,7643566;-1,170307;-0,9592447;-0,2424616;0,1450164;-0,005674107;3;1;123;379,6512;-0,1735692;0,7715211;-1,216226;-0,1709224;0,7683663;-1,564035;0,2293518;0,7710159;-1,600015;
00002;004;63732486543,6409;-0,008100833;0,7668543;-1,332226;-0,9662063;-0,2537899;0,04314128;0,01323426;5;1;124;382,2106;0,001013294;0,7733309;-1,353078;-0,1709224;0,7683663;-1,564035;0,2293518;0,7710159;-1,600015;
00002;004;63732486546,0752;-0,1775307;0,7650877;-1,282742;-0,9518269;-0,2545726;0,1701586;-0,01626476;2;1;125;384,645;-0,1730054;0,7718758;-1,291223;-0,1709224;0,7683663;-1,564035;0,2293518;0,7710159;-1,600015;
00002;004;63732486548,6667;-0,1610091;0,7661309;-1,372384;-0,95121;-0,2502041;0,1794914;-0,01950248;1;1;126;387,2362;-0,1724415;0,7722305;-1,36622;-0,1709224;0,7683663;-1,564035;0,2293518;0,7710159;-1,600015;
00002;004;63732486551,1124;-0,1852515;0,7644771;-1,161186;-0,9604618;-0,2495559;0,1228146;-0,01231484;3;1;127;389,6822;-0,1735692;0,7715211;-1,216226;-0,1709224;0,7683663;-1,564035;0,2293518;0,7710159;-1,600015;
00002;004;63732486553,7941;-0,08873306;0,7660744;-1,295225;-0,9542564;-0,255338;0,1546393;-0,01685151;4;1;128;392,3636;-0,08054216;0,7725681;-1,306808;-0,1709224;0,7683663;-1,564035;0,2293518;0,7710159;-1,600015;
00002;004;63732486556,1227;-0,18221;0,7660425;-1,372267;-0,9377355;-0,2520108;0,2368713;-0,03216868;1;1;129;394,6921;-0,1724415;0,7722305;-1,36622;-0,1709224;0,7683663;-1,564035;0,2293518;0,7710159;-1,600015;
00002;004;63732486558,5517;-0,01941485;0,7672002;-1,337785;-0,962244;-0,2636044;0,06742694;0,007269116;5;1;130;397,1211;0,001013294;0,7733309;-1,353078;-0,1709224;0,7683663;-1,564035;0,2293518;0,7710159;-1,600015;
00002;004;63732486560,8801;-0,1723722;0,767434;-1,445672;-0,9265654;-0,2504644;0,2772457;-0,04334825;0;1;131;399,4495;-0,1718777;0,7725853;-1,441217;-0,1709224;0,7683663;-1,564035;0,2293518;0,7710159;-1,600015;
00002;004;63732486563,3317;-0,1905298;0,7653467;-1,282719;-0,9519474;-0,2491048;0,177749;-0,0121808;2;1;132;401,9016;-0,1730054;0,7718758;-1,291223;-0,1709224;0,7683663;-1,564035;0,2293518;0,7710159;-1,600015;
00002;004;63732486565,835;0,05545685;0,7683676;-1,389612;-0,9698153;-0,2422547;-0,006067764;0,02709584;6;1;133;404,4044;0,06182449;0,7740722;-1,424452;-0,1709224;0,7683663;-1,564035;0,2293518;0,7710159;-1,600015;
00002;004;63732486568,242;-0,02418573;0,7672101;-1,336271;-0,967483;-0,250346;0,033854;0,01255406;5;1;134;406,8116;0,001013294;0,7733309;-1,353078;-0,1709224;0,7683663;-1,564035;0,2293518;0,7710159;-1,600015;
00002;004;63732486570,7045;-0,1987515;0,7652301;-1,267189;-0,9516989;-0,2543792;0,1713561;-0,01405758;2;1;135;409,2741;-0,1730054;0,7718758;-1,291223;-0,1709224;0,7683663;-1,564035;0,2293518;0,7710159;-1,600015;
00002;004;63732486573,3547;-0,1884301;0,7643973;-1,162561;-0,9621252;-0,2460414;0,1170485;-0,008862826;3;1;136;411,9245;-0,1735692;0,7715211;-1,216226;-0,1709224;0,7683663;-1,564035;0,2293518;0,7710159;-1,600015;
00002;004;63732486575,7518;-0,1710177;0,7668476;-1,447692;-0,9303604;-0,2374273;0,2760563;-0,04302036;0;1;137;414,3214;-0,1718777;0,7725853;-1,441217;-0,1709224;0,7683663;-1,564035;0,2293518;0,7710159;-1,600015;
00002;004;63732486578,0597;0,05249786;0,7685022;-1,394106;-0,9667622;-0,2543783;0,006674781;0,02486171;6;1;138;416,6295;0,06182449;0,7740722;-1,424452;-0,1709224;0,7683663;-1,564035;0,2293518;0,7710159;-1,600015;
00002;004;63732486580,9809;-0,1744487;0,7657505;-1,352758;-0,9402077;-0,2513245;0,2273065;-0,03431274;1;1;139;419,5502;-0,1724415;0,7722305;-1,36622;-0,1709224;0,7683663;-1,564035;0,2293518;0,7710159;-1,600015;
00002;004;63732486583,6491;-0,07523826;0,7654926;-1,277512;-0,971148;-0,2297048;0,06389918;0,004938672;4;1;140;422,2187;-0,08054216;0,7725681;-1,306808;-0,1709224;0,7683663;-1,564035;0,2293518;0,7710159;-1,600015;
2;4;63732483560.569;-0.05011921;0.7641492;-1.284439;0.9429441;0.1312794;0.2989618;-0.06514658;4;2;1;16.69809;-0.08346333;0.7694253;-1.309551;-0.171148;0.7644334;-1.567695;0.2294245;0.7713189;-1.599558
2;4;63732483565.8947;0.09662361;0.7672141;-1.40037;0.8836101;0.1227917;0.4438176;-0.08474266;6;2;2;22.02355;0.0600802;0.7725016;-1.425725;-0.171148;0.7644334;-1.567695;0.2294245;0.7713189;-1.599558
2;4;63732483570.2513;-0.1570082;0.7637096;-1.261286;-0.9751568;-0.1388652;-0.1663437;0.04599497;2;2;3;26.37973;-0.1760693;0.76775;-1.294917;-0.171148;0.7644334;-1.567695;0.2294245;0.7713189;-1.599558
2;4;63732483575.2098;-0.1619085;0.7644845;-1.340183;0.9637121;0.139264;0.2213085;-0.05373279;1;2;4;31.33805;-0.1747391;0.7681575;-1.369904;-0.171148;0.7644334;-1.567695;0.2294245;0.7713189;-1.599558
2;4;63732483578.8655;0.03202803;0.7653769;-1.324593;-0.9091903;-0.1277094;-0.3876796;0.08226737;5;2;5;34.99424;-0.00144957;0.7710755;-1.35498;-0.171148;0.7644334;-1.567695;0.2294245;0.7713189;-1.599558
2;4;63732483582.6933;-0.1575535;0.7657793;-1.424594;0.9506056;0.1330607;0.2737929;-0.06067435;0;2;6;38.8217;-0.1734089;0.7685652;-1.444891;-0.171148;0.7644334;-1.567695;0.2294245;0.7713189;-1.599558
2;4;63732483589.7667;-0.1474807;0.7637706;-1.171817;0.9756912;0.1420942;0.1583856;-0.05244051;3;2;7;45.89491;-0.1773994;0.7673423;-1.21993;-0.171148;0.7644334;-1.567695;0.2294245;0.7713189;-1.599558
2;4;63732483593.3645;0.03470165;0.7652782;-1.322723;0.9216693;0.1321382;0.3568571;-0.07561893;5;2;8;49.49314;-0.00144957;0.7710755;-1.35498;-0.171148;0.7644334;-1.567695;0.2294245;0.7713189;-1.599558
2;4;63732483596.692;-0.1595626;0.7644765;-1.356988;0.9548244;0.1400202;0.2554956;-0.05853665;1;2;9;52.82015;-0.1747391;0.7681575;-1.369904;-0.171148;0.7644334;-1.567695;0.2294245;0.7713189;-1.599558
2;4;63732483599.6861;-0.1587573;0.7657367;-1.427818;0.9456795;0.131361;0.2912504;-0.06006481;0;2;10;55.81448;-0.1734089;0.7685652;-1.444891;-0.171148;0.7644334;-1.567695;0.2294245;0.7713189;-1.599558
2;4;63732483604.1842;-0.1469187;0.763474;-1.174427;0.9723466;0.1343166;0.1839238;-0.0517025;3;2;11;60.31252;-0.1773994;0.7673423;-1.21993;-0.171148;0.7644334;-1.567695;0.2294245;0.7713189;-1.599558
2;4;63732483608.8223;-0.1475573;0.7643353;-1.252784;0.9661303;0.1310333;0.2118909;-0.06726641;2;2;12;64.95076;-0.1760693;0.76775;-1.294917;-0.171148;0.7644334;-1.567695;0.2294245;0.7713189;-1.599558
2;4;63732483613.4026;0.1073214;0.7667063;-1.399437;0.8707857;0.1267814;0.465144;-0.09643598;6;2;13;69.53133;0.0600802;0.7725016;-1.425725;-0.171148;0.7644334;-1.567695;0.2294245;0.7713189;-1.599558
2;4;63732483616.7971;-0.03179997;0.763978;-1.275035;0.9353311;0.1278613;0.3224034;-0.06973713;4;2;14;72.9258;-0.08346333;0.7694253;-1.309551;-0.171148;0.7644334;-1.567695;0.2294245;0.7713189;-1.599558
2;4;63732483620.3253;0.1145603;0.7667853;-1.396181;-0.8654361;-0.1093863;-0.4818278;0.08304771;6;2;15;76.45374;0.0600802;0.7725016;-1.425725;-0.171148;0.7644334;-1.567695;0.2294245;0.7713189;-1.599558
2;4;63732483624.9069;-0.1472654;0.7640964;-1.342743;-0.955002;-0.1332095;-0.2588752;0.05665871;1;2;16;81.0358;-0.1747391;0.7681575;-1.369904;-0.171148;0.7644334;-1.567695;0.2294245;0.7713189;-1.599558
2;4;63732483627.5972;-0.1476876;0.7657213;-1.451129;0.9447068;0.1289155;0.2950844;-0.06192767;0;2;17;83.72564;-0.1734089;0.7685652;-1.444891;-0.171148;0.7644334;-1.567695;0.2294245;0.7713189;-1.599558
2;4;63732483630.2022;-0.04051744;0.7641215;-1.275289;-0.9469812;-0.1293141;-0.2876529;0.06132229;4;2;18;86.3306;-0.08346333;0.7694253;-1.309551;-0.171148;0.7644334;-1.567695;0.2294245;0.7713189;-1.599558
2;4;63732483633.1695;-0.1506357;0.764075;-1.239314;-0.9757953;-0.1186555;-0.1705362;0.06827834;2;2;19;89.29797;-0.1760693;0.76775;-1.294917;-0.171148;0.7644334;-1.567695;0.2294245;0.7713189;-1.599558
2;4;63732483641.3479;-0.1714659;0.7632062;-1.14789;-0.9786433;-0.1378115;-0.145025;0.04725609;3;2;20;97.47598;-0.1773994;0.7673423;-1.21993;-0.171148;0.7644334;-1.567695;0.2294245;0.7713189;-1.599558
2;4;63732483645.2821;0.03801071;0.764919;-1.300068;0.9306233;0.1308948;0.3342237;-0.07142451;5;2;21;101.4105;-0.00144957;0.7710755;-1.35498;-0.171148;0.7644334;-1.567695;0.2294245;0.7713189;-1.599558
2;4;63732483649.0787;0.04725277;0.7651296;-1.302881;0.9120072;0.123463;0.3840628;-0.07413225;5;2;22;105.2069;-0.00144957;0.7710755;-1.35498;-0.171148;0.7644334;-1.567695;0.2294245;0.7713189;-1.599558
2;4;63732483652.8758;-0.1531916;0.7637688;-1.321294;0.9660169;0.1396338;0.2113809;-0.05130215;1;2;23;109.0045;-0.1747391;0.7681575;-1.369904;-0.171148;0.7644334;-1.567695;0.2294245;0.7713189;-1.599558
2;4;63732483655.9818;0.09917596;0.7664199;-1.398653;0.8687531;0.1212217;0.4700891;-0.09792675;6;2;24;112.1102;0.0600802;0.7725016;-1.425725;-0.171148;0.7644334;-1.567695;0.2294245;0.7713189;-1.599558
2;4;63732483659.3424;-0.1567189;0.7630126;-1.240563;0.9804011;0.1379456;0.1340767;-0.04252383;2;2;25;115.4705;-0.1760693;0.76775;-1.294917;-0.171148;0.7644334;-1.567695;0.2294245;0.7713189;-1.599558
2;4;63732483662.9614;-0.1674654;0.7629986;-1.147533;0.9840423;0.1356089;0.1087882;-0.03789725;3;2;26;119.0901;-0.1773994;0.7673423;-1.21993;-0.171148;0.7644334;-1.567695;0.2294245;0.7713189;-1.599558
2;4;63732483665.9889;-0.168832;0.7653423;-1.426896;0.9546515;0.1362086;0.2577824;-0.0602992;0;2;27;122.1172;-0.1734089;0.7685652;-1.444891;-0.171148;0.7644334;-1.567695;0.2294245;0.7713189;-1.599558
2;4;63732483668.8605;-0.03711049;0.7637674;-1.253707;0.9553755;0.129668;0.2592061;-0.05706298;4;2;28;124.9886;-0.08346333;0.7694253;-1.309551;-0.171148;0.7644334;-1.567695;0.2294245;0.7713189;-1.599558
2;4;63732483671.8531;-0.1685337;0.7637725;-1.325097;0.9764307;0.1436138;0.1549891;-0.04400859;1;2;29;127.9817;-0.1747391;0.7681575;-1.369904;-0.171148;0.7644334;-1.567695;0.2294245;0.7713189;-1.599558
2;4;63732483674.932;-0.1641875;0.7634037;-1.154603;0.985135;0.1385812;0.09395519;-0.03842901;3;2;30;131.0606;-0.1773994;0.7673423;-1.21993;-0.171148;0.7644334;-1.567695;0.2294245;0.7713189;-1.599558
2;4;63732483678.063;0.03210869;0.7646538;-1.296943;0.9462371;0.1291855;0.2902042;-0.06105676;5;2;31;134.1918;-0.00144957;0.7710755;-1.35498;-0.171148;0.7644334;-1.567695;0.2294245;0.7713189;-1.599558
2;4;63732483681.1333;-0.1665059;0.7649025;-1.415391;0.972357;0.1445622;0.1768741;-0.04836757;0;2;32;137.2619;-0.1734089;0.7685652;-1.444891;-0.171148;0.7644334;-1.567695;0.2294245;0.7713189;-1.599558
2;4;63732483684.1106;-0.1595463;0.7630159;-1.22744;0.982679;0.1445525;0.1090629;-0.03939436;2;2;33;140.2388;-0.1760693;0.76775;-1.294917;-0.171148;0.7644334;-1.567695;0.2294245;0.7713189;-1.599558
2;4;63732483687.1655;0.1091554;0.7660444;-1.371343;0.8911065;0.1225568;0.4288979;-0.08339979;6;2;34;143.2941;0.0600802;0.7725016;-1.425725;-0.171148;0.7644334;-1.567695;0.2294245;0.7713189;-1.599558
2;4;63732483690.4604;-0.0526148;0.7637033;-1.254106;0.9598606;0.133514;0.2402669;-0.05579884;4;2;35;146.5892;-0.08346333;0.7694253;-1.309551;-0.171148;0.7644334;-1.567695;0.2294245;0.7713189;-1.599558
2;4;63732483693.5316;-0.06133315;0.7632377;-1.250177;-0.961685;-0.1265087;-0.2376368;0.05183054;4;2;36;149.66;-0.08346333;0.7694253;-1.309551;-0.171148;0.7644334;-1.567695;0.2294245;0.7713189;-1.599558
2;4;63732483696.1316;-0.1703622;0.762757;-1.151839;-0.9830111;-0.1369838;-0.1156647;0.03932548;3;2;37;152.2596;-0.1773994;0.7673423;-1.21993;-0.171148;0.7644334;-1.567695;0.2294245;0.7713189;-1.599558
2;4;63732483699.0058;0.09464639;0.7661972;-1.385678;-0.8770992;-0.1251206;-0.4531633;0.09841248;6;2;38;155.1347;0.0600802;0.7725016;-1.425725;-0.171148;0.7644334;-1.567695;0.2294245;0.7713189;-1.599558
2;4;63732483701.8648;-0.162565;0.7631724;-1.224669;-0.9728298;-0.1358225;-0.1810428;0.04876595;2;2;39;157.9931;-0.1760693;0.76775;-1.294917;-0.171148;0.7644334;-1.567695;0.2294245;0.7713189;-1.599558
2;4;63732483704.8265;-0.1578677;0.7648411;-1.410795;-0.9421935;-0.1447348;-0.2942095;0.0690229;0;2;40;160.9554;-0.1734089;0.7685652;-1.444891;-0.171148;0.7644334;-1.567695;0.2294245;0.7713189;-1.599558
2;4;63732483707.6615;-0.1676584;0.7634801;-1.299622;-0.9615417;-0.1422685;-0.228425;0.05494741;1;2;41;163.7903;-0.1747391;0.7681575;-1.369904;-0.171148;0.7644334;-1.567695;0.2294245;0.7713189;-1.599558
2;4;63732483710.5755;0.02262191;0.7646247;-1.305685;-0.9081738;-0.1232468;-0.3921823;0.07889004;5;2;42;166.7039;-0.00144957;0.7710755;-1.35498;-0.171148;0.7644334;-1.567695;0.2294245;0.7713189;-1.599558
2;4;63732483713.3741;0.03775582;0.7648096;-1.313949;-0.9181659;-0.1285467;-0.3669717;0.0760201;5;2;43;169.5022;-0.00144957;0.7710755;-1.35498;-0.171148;0.7644334;-1.567695;0.2294245;0.7713189;-1.599558
2;4;63732483716.069;-0.1596535;0.7632384;-1.302163;-0.9544376;-0.1378335;-0.2581849;0.05823626;1;2;44;172.1978;-0.1747391;0.7681575;-1.369904;-0.171148;0.7644334;-1.567695;0.2294245;0.7713189;-1.599558
2;4;63732483719.7807;-0.150148;0.7630498;-1.203912;-0.963816;-0.1358867;-0.2218894;0.05795291;2;2;45;175.9093;-0.1760693;0.76775;-1.294917;-0.171148;0.7644334;-1.567695;0.2294245;0.7713189;-1.599558
2;4;63732483723.5436;0.09467559;0.7661399;-1.391789;0.8164024;0.1022742;0.5609395;-0.09150948;6;2;46;179.6723;0.0600802;0.7725016;-1.425725;-0.171148;0.7644334;-1.567695;0.2294245;0.7713189;-1.599558
2;4;63732483726.9565;-0.1487557;0.7632986;-1.168191;0.9611065;0.134791;0.2339338;-0.05814358;3;2;47;183.0847;-0.1773994;0.7673423;-1.21993;-0.171148;0.7644334;-1.567695;0.2294245;0.7713189;-1.599558
2;4;63732483730.1072;-0.0381796;0.7638971;-1.266865;0.9355128;0.1334435;0.3193415;-0.07092056;4;2;48;186.2353;-0.08346333;0.7694253;-1.309551;-0.171148;0.7644334;-1.567695;0.2294245;0.7713189;-1.599558
2;4;63732483732.5956;-0.1600225;0.7654902;-1.435735;0.9434112;0.1412885;0.2927037;-0.06586053;0;2;49;188.7243;-0.1734089;0.7685652;-1.444891;-0.171148;0.7644334;-1.567695;0.2294245;0.7713189;-1.599558
2;4;63732483735.3508;-0.1499449;0.7633951;-1.176101;0.9713199;0.1467866;0.1793424;-0.05317532;3;2;50;191.4795;-0.1773994;0.7673423;-1.21993;-0.171148;0.7644334;-1.567695;0.2294245;0.7713189;-1.599558
2;4;63732483738.7564;-0.1581777;0.7630469;-1.227172;0.9712068;0.1383427;0.1864738;-0.05335047;2;2;51;194.8852;-0.1760693;0.76775;-1.294917;-0.171148;0.7644334;-1.567695;0.2294245;0.7713189;-1.599558
2;4;63732483741.5828;0.0229298;0.7647893;-1.304525;-0.9123207;-0.123199;-0.3834727;0.07376821;5;2;52;197.7111;-0.00144957;0.7710755;-1.35498;-0.171148;0.7644334;-1.567695;0.2294245;0.7713189;-1.599558
2;4;63732483744.834;0.1037764;0.7659605;-1.405701;-0.809643;-0.1039863;-0.5721121;0.07970423;6;2;53;200.9629;0.0600802;0.7725016;-1.425725;-0.171148;0.7644334;-1.567695;0.2294245;0.7713189;-1.599558
2;4;63732483748.8429;-0.04351898;0.763714;-1.281679;-0.9215829;-0.1342393;-0.3556648;0.07853238;4;2;54;204.9714;-0.08346333;0.7694253;-1.309551;-0.171148;0.7644334;-1.567695;0.2294245;0.7713189;-1.599558
2;4;63732483751.289;-0.1650915;0.7651196;-1.436411;-0.9272714;-0.1430159;-0.3374668;0.07635581;0;2;55;207.4174;-0.1734089;0.7685652;-1.444891;-0.171148;0.7644334;-1.567695;0.2294245;0.7713189;-1.599558
2;4;63732483754.3554;-0.157273;0.7633381;-1.324749;-0.9437156;-0.1364312;-0.2947922;0.0623296;1;2;56;210.4843;-0.1747391;0.7681575;-1.369904;-0.171148;0.7644334;-1.567695;0.2294245;0.7713189;-1.599558
2;4;63732483757.2046;-0.04172947;0.7640492;-1.274625;0.9296426;0.1410546;0.3322096;-0.07419515;4;2;57;213.3332;-0.08346333;0.7694253;-1.309551;-0.171148;0.7644334;-1.567695;0.2294245;0.7713189;-1.599558
2;4;63732483760.4267;0.08747144;0.7663483;-1.40605;0.8275818;0.1171278;0.5376036;-0.1112291;6;2;58;216.5557;0.0600802;0.7725016;-1.425725;-0.171148;0.7644334;-1.567695;0.2294245;0.7713189;-1.599558
2;4;63732483763.7053;-0.1559575;0.7631615;-1.16947;-0.9688368;-0.1386884;-0.1982253;0.05317624;3;2;59;219.8339;-0.1773994;0.7673423;-1.21993;-0.171148;0.7644334;-1.567695;0.2294245;0.7713189;-1.599558
2;4;63732483767.608;-0.1478692;0.7636156;-1.242195;-0.9599463;-0.143582;-0.2333539;0.05859505;2;2;60;223.7365;-0.1760693;0.76775;-1.294917;-0.171148;0.7644334;-1.567695;0.2294245;0.7713189;-1.599558
2;4;63732483771.1673;0.03770216;0.7648315;-1.318559;-0.8942079;-0.1290388;-0.420024;0.08556252;5;2;61;227.2962;-0.00144957;0.7710755;-1.35498;-0.171148;0.7644334;-1.567695;0.2294245;0.7713189;-1.599558
2;4;63732483774.3761;-0.1598564;0.7639293;-1.334885;-0.952288;-0.1503308;-0.2581102;0.06266847;1;2;62;230.505;-0.1747391;0.7681575;-1.369904;-0.171148;0.7644334;-1.567695;0.2294245;0.7713189;-1.599558
2;4;63732483777.0251;-0.1698892;0.7651788;-1.421206;-0.9360796;-0.1493992;-0.3107156;0.06993369;0;2;63;233.1533;-0.1734089;0.7685652;-1.444891;-0.171148;0.7644334;-1.567695;0.2294245;0.7713189;-1.599558
2;4;63732483779.2971;-0.165684;0.7637808;-1.342716;-0.9399299;-0.1449177;-0.3012937;0.06894003;1;2;64;235.4251;-0.1747391;0.7681575;-1.369904;-0.171148;0.7644334;-1.567695;0.2294245;0.7713189;-1.599558
2;4;63732483782.0158;-0.1656775;0.7648175;-1.397898;-0.9278402;-0.1429436;-0.3370372;0.07131291;0;2;65;238.1444;-0.1734089;0.7685652;-1.444891;-0.171148;0.7644334;-1.567695;0.2294245;0.7713189;-1.599558
2;4;63732483784.8979;-0.05309153;0.7636811;-1.241816;-0.9472922;-0.1350924;-0.283362;0.06398037;4;2;66;241.0263;-0.08346333;0.7694253;-1.309551;-0.171148;0.7644334;-1.567695;0.2294245;0.7713189;-1.599558
2;4;63732483787.9706;0.03126414;0.7649195;-1.317358;0.8869049;0.1272084;0.4351842;-0.08850168;5;2;67;244.099;-0.00144957;0.7710755;-1.35498;-0.171148;0.7644334;-1.567695;0.2294245;0.7713189;-1.599558
2;4;63732483791.1543;0.1029948;0.7665123;-1.393669;-0.8330204;-0.111207;-0.5341597;0.09156173;6;2;68;247.2827;0.0600802;0.7725016;-1.425725;-0.171148;0.7644334;-1.567695;0.2294245;0.7713189;-1.599558
2;4;63732483794.158;-0.1547913;0.7635798;-1.246907;-0.9655051;-0.1416027;-0.2117577;0.05391918;2;2;69;250.2867;-0.1760693;0.76775;-1.294917;-0.171148;0.7644334;-1.567695;0.2294245;0.7713189;-1.599558
2;4;63732483797.2578;-0.1670758;0.7636273;-1.177854;-0.9706382;-0.1476228;-0.1825706;0.05231757;3;2;70;253.3861;-0.1773994;0.7673423;-1.21993;-0.171148;0.7644334;-1.567695;0.2294245;0.7713189;-1.599558
2;4;63732483800.5483;0.09816279;0.7667354;-1.391042;-0.8395258;-0.1151179;-0.5219385;0.09759335;6;2;71;256.6766;0.0600802;0.7725016;-1.425725;-0.171148;0.7644334;-1.567695;0.2294245;0.7713189;-1.599558
2;4;63732483803.6545;-0.1515275;0.7635705;-1.246559;-0.9661497;-0.1469876;-0.2043866;0.05635166;2;2;72;259.7826;-0.1760693;0.76775;-1.294917;-0.171148;0.7644334;-1.567695;0.2294245;0.7713189;-1.599558
2;4;63732483806.4787;-0.1621589;0.7654213;-1.437307;-0.9342394;-0.1476175;-0.3163435;0.07302457;0;2;73;262.607;-0.1734089;0.7685652;-1.444891;-0.171148;0.7644334;-1.567695;0.2294245;0.7713189;-1.599558
2;4;63732483809.2263;0.02900777;0.765285;-1.325707;0.8995352;0.1290391;0.4095143;-0.08051892;5;2;74;265.3547;-0.00144957;0.7710755;-1.35498;-0.171148;0.7644334;-1.567695;0.2294245;0.7713189;-1.599558
2;4;63732483812.2035;-0.1710251;0.7638692;-1.336274;0.9607705;0.1470494;0.2281438;-0.0569825;1;2;75;268.3319;-0.1747391;0.7681575;-1.369904;-0.171148;0.7644334;-1.567695;0.2294245;0.7713189;-1.599558
2;4;63732483817.2855;-0.0568783;0.7638081;-1.270668;-0.932766;-0.1408394;-0.3233781;0.07442088;4;2;76;273.4144;-0.08346333;0.7694253;-1.309551;-0.171148;0.7644334;-1.567695;0.2294245;0.7713189;-1.599558
2;4;63732483820.7145;-0.16332;0.7636866;-1.180504;0.9690969;0.1526819;0.1856733;-0.05536316;3;2;77;276.8431;-0.1773994;0.7673423;-1.21993;-0.171148;0.7644334;-1.567695;0.2294245;0.7713189;-1.599558
2;4;63732483824.2001;-0.0573429;0.7637796;-1.267021;0.9323586;0.1379346;0.3263234;-0.07207461;4;2;78;280.3282;-0.08346333;0.7694253;-1.309551;-0.171148;0.7644334;-1.567695;0.2294245;0.7713189;-1.599558
2;4;63732483827.3846;-0.1718198;0.764171;-1.327771;0.9531556;0.1554205;0.2517409;-0.06297006;1;2;79;283.5134;-0.1747391;0.7681575;-1.369904;-0.171148;0.7644334;-1.567695;0.2294245;0.7713189;-1.599558
2;4;63732483830.3826;0.02992788;0.7655481;-1.318134;0.9085892;0.1366852;0.386467;-0.0801632;5;2;80;286.5108;-0.00144957;0.7710755;-1.35498;-0.171148;0.7644334;-1.567695;0.2294245;0.7713189;-1.599558
2;4;63732483833.3263;-0.1708446;0.7637401;-1.183904;0.973298;0.1533079;0.1633331;-0.05010119;3;2;81;289.4547;-0.1773994;0.7673423;-1.21993;-0.171148;0.7644334;-1.567695;0.2294245;0.7713189;-1.599558
2;4;63732483836.1842;-0.1776813;0.7639815;-1.280171;0.9642497;0.1514027;0.2099809;-0.0566374;2;2;82;292.313;-0.1760693;0.76775;-1.294917;-0.171148;0.7644334;-1.567695;0.2294245;0.7713189;-1.599558
2;4;63732483838.7308;-0.1802702;0.765474;-1.433298;0.9382557;0.1495304;0.3046317;-0.06720434;0;2;83;294.8592;-0.1734089;0.7685652;-1.444891;-0.171148;0.7644334;-1.567695;0.2294245;0.7713189;-1.599558
2;4;63732483842.3564;0.08477716;0.7665498;-1.407373;0.8387244;0.1172912;0.5226947;-0.0978497;6;2;84;298.4852;0.0600802;0.7725016;-1.425725;-0.171148;0.7644334;-1.567695;0.2294245;0.7713189;-1.599558
2;4;63732483845.7196;0.09548531;0.766767;-1.411068;0.835009;0.1043752;0.535761;-0.06946854;6;2;85;301.8478;0.0600802;0.7725016;-1.425725;-0.171148;0.7644334;-1.567695;0.2294245;0.7713189;-1.599558
2;4;63732483848.8226;0.02775705;0.765635;-1.343639;-0.8900825;-0.1325546;-0.4282551;0.08234103;5;2;86;304.9509;-0.00144957;0.7710755;-1.35498;-0.171148;0.7644334;-1.567695;0.2294245;0.7713189;-1.599558
2;4;63732483851.5604;-0.1559309;0.7637572;-1.237056;-0.9603036;-0.1480559;-0.2289517;0.05897212;2;2;87;307.6891;-0.1760693;0.76775;-1.294917;-0.171148;0.7644334;-1.567695;0.2294245;0.7713189;-1.599558
2;4;63732483854.2253;-0.173694;0.765678;-1.430541;-0.9388001;-0.1546891;-0.300391;0.06701412;0;2;88;310.3535;-0.1734089;0.7685652;-1.444891;-0.171148;0.7644334;-1.567695;0.2294245;0.7713189;-1.599558
2;4;63732483856.5141;-0.1771768;0.7646624;-1.360739;-0.9473107;-0.1497455;-0.2756805;0.06464487;1;2;89;312.6429;-0.1747391;0.7681575;-1.369904;-0.171148;0.7644334;-1.567695;0.2294245;0.7713189;-1.599558
2;4;63732483859.3215;-0.1755792;0.7639701;-1.189381;-0.9656377;-0.1545191;-0.2000424;0.06042203;3;2;90;315.4501;-0.1773994;0.7673423;-1.21993;-0.171148;0.7644334;-1.567695;0.2294245;0.7713189;-1.599558
2;4;63732483862.3115;-0.06918548;0.7645032;-1.308249;-0.9363183;-0.1493463;-0.3103578;0.06842301;4;2;91;318.4399;-0.08346333;0.7694253;-1.309551;-0.171148;0.7644334;-1.567695;0.2294245;0.7713189;-1.599558
2;4;63732483865.4333;0.07237569;0.7673206;-1.420063;-0.8403118;-0.1274745;-0.5172856;0.1002089;6;2;92;321.5623;0.0600802;0.7725016;-1.425725;-0.171148;0.7644334;-1.567695;0.2294245;0.7713189;-1.599558
2;4;63732483868.0904;-0.1557884;0.7654462;-1.431914;-0.9238762;-0.1528162;-0.3413074;0.08129741;0;2;93;324.2188;-0.1734089;0.7685652;-1.444891;-0.171148;0.7644334;-1.567695;0.2294245;0.7713189;-1.599558
2;4;63732483870.7268;0.02464457;0.7653407;-1.339848;-0.8952931;-0.1400792;-0.4133283;0.08937366;5;2;94;326.8553;-0.00144957;0.7710755;-1.35498;-0.171148;0.7644334;-1.567695;0.2294245;0.7713189;-1.599558
2;4;63732483873.596;-0.165925;0.7644597;-1.350027;-0.9413718;-0.1504441;-0.2943317;0.06748845;1;2;95;329.7245;-0.1747391;0.7681575;-1.369904;-0.171148;0.7644334;-1.567695;0.2294245;0.7713189;-1.599558
2;4;63732483876.359;-0.1813047;0.7639468;-1.2666;-0.9654097;-0.1555382;-0.200875;0.05866216;2;2;96;332.4875;-0.1760693;0.76775;-1.294917;-0.171148;0.7644334;-1.567695;0.2294245;0.7713189;-1.599558
2;4;63732483879.1868;-0.1901394;0.7637626;-1.199164;-0.9680543;-0.149885;-0.1931595;0.0556303;3;2;97;335.3152;-0.1773994;0.7673423;-1.21993;-0.171148;0.7644334;-1.567695;0.2294245;0.7713189;-1.599558
2;4;63732483882.276;-0.06675579;0.7640294;-1.283551;-0.9376791;-0.1455481;-0.3076332;0.07025243;4;2;98;338.4046;-0.08346333;0.7694253;-1.309551;-0.171148;0.7644334;-1.567695;0.2294245;0.7713189;-1.599558
2;4;63732483885.6831;-0.07116142;0.763719;-1.283058;-0.9307006;-0.1418054;-0.3285237;0.07589429;4;2;99;341.8114;-0.08346333;0.7694253;-1.309551;-0.171148;0.7644334;-1.567695;0.2294245;0.7713189;-1.599558
2;4;63732483888.7265;-0.1562759;0.7637975;-1.182807;-0.9673234;-0.1571083;-0.1907701;0.0566508;3;2;100;344.8547;-0.1773994;0.7673423;-1.21993;-0.171148;0.7644334;-1.567695;0.2294245;0.7713189;-1.599558
2;4;63732483891.7837;0.08177526;0.7668777;-1.410511;-0.8485625;-0.1248778;-0.5046076;0.0985826;6;2;101;347.9119;0.0600802;0.7725016;-1.425725;-0.171148;0.7644334;-1.567695;0.2294245;0.7713189;-1.599558
2;4;63732483894.5793;-0.1766772;0.7642766;-1.356661;-0.9506374;-0.1469479;-0.2659495;0.06297483;1;2;102;350.7073;-0.1747391;0.7681575;-1.369904;-0.171148;0.7644334;-1.567695;0.2294245;0.7713189;-1.599558
2;4;63732483897.3683;-0.1894843;0.7636875;-1.261627;-0.9533582;-0.1529427;-0.2523667;0.06346478;2;2;103;353.4964;-0.1760693;0.76775;-1.294917;-0.171148;0.7644334;-1.567695;0.2294245;0.7713189;-1.599558
2;4;63732483899.8791;-0.1885621;0.765803;-1.43363;-0.9379227;-0.1569548;-0.3018416;0.06751242;0;2;104;356.0077;-0.1734089;0.7685652;-1.444891;-0.171148;0.7644334;-1.567695;0.2294245;0.7713189;-1.599558
2;4;63732483902.4503;-0.004317125;0.7654659;-1.351107;0.8967505;0.1387085;0.4115129;-0.08518057;5;2;105;358.5786;-0.00144957;0.7710755;-1.35498;-0.171148;0.7644334;-1.567695;0.2294245;0.7713189;-1.599558
2;4;63732483905.1039;-0.178275;0.7637261;-1.200284;0.9644606;0.1479024;0.2111777;-0.05783327;3;2;106;361.2325;-0.1773994;0.7673423;-1.21993;-0.171148;0.7644334;-1.567695;0.2294245;0.7713189;-1.599558
2;4;63732483907.792;-0.1796084;0.7655799;-1.427691;0.9481177;0.1555167;0.2703789;-0.06150451;0;2;107;363.9209;-0.1734089;0.7685652;-1.444891;-0.171148;0.7644334;-1.567695;0.2294245;0.7713189;-1.599558
2;4;63732483910.748;-0.1855391;0.7637921;-1.265496;0.970036;0.1572992;0.1775616;-0.05252685;2;2;108;366.8762;-0.1760693;0.76775;-1.294917;-0.171148;0.7644334;-1.567695;0.2294245;0.7713189;-1.599558
2;4;63732483913.6851;-0.1949461;0.764402;-1.346411;0.9546438;0.1566804;0.2455238;-0.06184306;1;2;109;369.8137;-0.1747391;0.7681575;-1.369904;-0.171148;0.7644334;-1.567695;0.2294245;0.7713189;-1.599558
2;4;63732483917.62;0.08728743;0.7667261;-1.413332;0.8221137;0.1141726;0.548315;-0.102197;6;2;110;373.7481;0.0600802;0.7725016;-1.425725;-0.171148;0.7644334;-1.567695;0.2294245;0.7713189;-1.599558
2;4;63732483920.5425;-0.0657389;0.7638398;-1.297769;0.936287;0.1438549;0.3127578;-0.06967822;4;2;111;376.6707;-0.08346333;0.7694253;-1.309551;-0.171148;0.7644334;-1.567695;0.2294245;0.7713189;-1.599558
2;4;63732483923.4596;0.03165398;0.7649708;-1.328907;0.8968487;0.1372534;0.4112313;-0.08782199;5;2;112;379.5877;-0.00144957;0.7710755;-1.35498;-0.171148;0.7644334;-1.567695;0.2294245;0.7713189;-1.599558
2;4;63732483926.5362;-0.1670464;0.7635856;-1.185219;-0.9676416;-0.1512534;-0.1944157;0.05472279;3;2;113;382.6649;-0.1773994;0.7673423;-1.21993;-0.171148;0.7644334;-1.567695;0.2294245;0.7713189;-1.599558
2;4;63732483929.4686;-0.1866838;0.7636288;-1.250784;0.9660289;0.1492618;0.2037579;-0.05469735;2;2;114;385.5973;-0.1760693;0.76775;-1.294917;-0.171148;0.7644334;-1.567695;0.2294245;0.7713189;-1.599558
2;4;63732483932.3383;-0.1804416;0.7636791;-1.321159;0.9694952;0.1504868;0.1868921;-0.05004188;1;2;115;388.4664;-0.1747391;0.7681575;-1.369904;-0.171148;0.7644334;-1.567695;0.2294245;0.7713189;-1.599558
2;4;63732483934.6241;-0.1601718;0.7657279;-1.423948;-0.9064096;-0.1545149;-0.3812516;0.0958866;0;2;116;390.7524;-0.1734089;0.7685652;-1.444891;-0.171148;0.7644334;-1.567695;0.2294245;0.7713189;-1.599558
2;4;63732483937.2719;0.09898131;0.7670414;-1.405805;-0.8382697;-0.1167344;-0.5238528;0.09620506;6;2;117;393.4002;0.0600802;0.7725016;-1.425725;-0.171148;0.7644334;-1.567695;0.2294245;0.7713189;-1.599558
2;4;63732483940.2969;-0.0449158;0.7639858;-1.279439;-0.9293572;-0.1385817;-0.3334154;0.07697136;4;2;118;396.4255;-0.08346333;0.7694253;-1.309551;-0.171148;0.7644334;-1.567695;0.2294245;0.7713189;-1.599558
2;4;63732483942.9639;0.04849023;0.7654585;-1.33309;-0.879119;-0.1368464;-0.4451786;0.1011867;5;2;119;399.0921;-0.00144957;0.7710755;-1.35498;-0.171148;0.7644334;-1.567695;0.2294245;0.7713189;-1.599558
2;4;63732483946.1922;0.1050351;0.7664891;-1.403883;0.8296008;0.1078253;0.5395884;-0.09476649;6;2;120;402.3206;0.0600802;0.7725016;-1.425725;-0.171148;0.7644334;-1.567695;0.2294245;0.7713189;-1.599558
2;4;63732483949.2155;-0.1462868;0.7632692;-1.232698;-0.9626555;-0.1429554;-0.2222586;0.05881628;2;2;121;405.3443;-0.1760693;0.76775;-1.294917;-0.171148;0.7644334;-1.567695;0.2294245;0.7713189;-1.599558
2;4;63732483951.9743;-0.04140222;0.7641147;-1.25681;-0.9134549;-0.1305984;-0.3770503;0.07985856;4;2;122;408.1029;-0.08346333;0.7694253;-1.309551;-0.171148;0.7644334;-1.567695;0.2294245;0.7713189;-1.599558
2;4;63732483955.0573;-0.1632009;0.7652848;-1.429523;0.9183016;0.1489693;0.3578745;-0.08035048;0;2;123;411.1861;-0.1734089;0.7685652;-1.444891;-0.171148;0.7644334;-1.567695;0.2294245;0.7713189;-1.599558
2;4;63732483957.6096;-0.1703674;0.7644382;-1.355825;0.9401985;0.1484262;0.2989076;-0.06819718;1;2;124;413.738;-0.1747391;0.7681575;-1.369904;-0.171148;0.7644334;-1.567695;0.2294245;0.7713189;-1.599558
2;4;63732483960.475;-0.1797883;0.7633867;-1.176818;0.9684306;0.1527267;0.1886195;-0.05691512;3;2;125;416.6039;-0.1773994;0.7673423;-1.21993;-0.171148;0.7644334;-1.567695;0.2294245;0.7713189;-1.599558
2;4;63732483964.6636;0.04668067;0.7656289;-1.323789;0.890856;0.1308996;0.4270316;-0.08297459;5;2;126;420.7917;-0.00144957;0.7710755;-1.35498;-0.171148;0.7644334;-1.567695;0.2294245;0.7713189;-1.599558
2;4;63732483967.6627;0.04821561;0.7656796;-1.326043;0.8924555;0.1305157;0.4239824;-0.08202363;5;2;127;423.7913;-0.00144957;0.7710755;-1.35498;-0.171148;0.7644334;-1.567695;0.2294245;0.7713189;-1.599558
2;4;63732483970.8972;-0.1620866;0.7633272;-1.17527;0.9712015;0.1455383;0.1813268;-0.05202786;3;2;128;427.0258;-0.1773994;0.7673423;-1.21993;-0.171148;0.7644334;-1.567695;0.2294245;0.7713189;-1.599558
2;4;63732483975.6953;-0.03624295;0.7639217;-1.287123;-0.9160784;-0.1391466;-0.3671362;0.08154516;4;2;129;431.8236;-0.08346333;0.7694253;-1.309551;-0.171148;0.7644334;-1.567695;0.2294245;0.7713189;-1.599558
2;4;63732483978.4809;0.09679537;0.7649589;-1.422338;-0.8088019;-0.1299513;-0.5620726;0.1141335;6;2;130;434.6098;0.0600802;0.7725016;-1.425725;-0.171148;0.7644334;-1.567695;0.2294245;0.7713189;-1.599558
2;4;63732483982.3648;-0.1377769;0.7637093;-1.255729;-0.9510761;-0.1498269;-0.2620263;0.06594152;2;2;131;438.4932;-0.1760693;0.76775;-1.294917;-0.171148;0.7644334;-1.567695;0.2294245;0.7713189;-1.599558
2;4;63732483985.307;-0.1503639;0.7652308;-1.427769;-0.931886;-0.153477;-0.3204079;0.07329532;0;2;132;441.4352;-0.1734089;0.7685652;-1.444891;-0.171148;0.7644334;-1.567695;0.2294245;0.7713189;-1.599558
2;4;63732483987.6622;-0.1388573;0.7641097;-1.333359;-0.9337233;-0.1516629;-0.3159465;0.07305494;1;2;133;443.791;-0.1747391;0.7681575;-1.369904;-0.171148;0.7644334;-1.567695;0.2294245;0.7713189;-1.599558
2;4;63732483990.0406;-0.147835;0.7657274;-1.441324;-0.9028677;-0.1497679;-0.3919808;0.09354447;0;2;134;446.1696;-0.1734089;0.7685652;-1.444891;-0.171148;0.7644334;-1.567695;0.2294245;0.7713189;-1.599558
2;4;63732483992.3195;-0.1518462;0.7635854;-1.193216;0.956317;0.145944;0.2451402;-0.06375425;3;2;135;448.4477;-0.1773994;0.7673423;-1.21993;-0.171148;0.7644334;-1.567695;0.2294245;0.7713189;-1.599558
2;4;63732483996.0744;0.08569722;0.7649428;-1.412043;-0.8152602;-0.1236754;-0.5549904;0.1097307;6;2;136;452.203;0.0600802;0.7725016;-1.425725;-0.171148;0.7644334;-1.567695;0.2294245;0.7713189;-1.599558
2;4;63732483999.6812;-0.141169;0.763385;-1.258388;0.939525;0.13875;0.3055695;-0.06832714;2;2;137;455.8097;-0.1760693;0.76775;-1.294917;-0.171148;0.7644334;-1.567695;0.2294245;0.7713189;-1.599558
2;4;63732484002.6066;0.04502901;0.7655262;-1.32824;0.8776827;0.133156;0.450012;-0.09711719;5;2;138;458.7354;-0.00144957;0.7710755;-1.35498;-0.171148;0.7644334;-1.567695;0.2294245;0.7713189;-1.599558
2;4;63732484005.5511;-0.1553661;0.7640179;-1.339047;0.9466876;0.1461993;0.2799287;-0.06362727;1;2;139;461.68;-0.1747391;0.7681575;-1.369904;-0.171148;0.7644334;-1.567695;0.2294245;0.7713189;-1.599558
2;4;63732484008.717;-0.03642977;0.7646609;-1.274669;0.9141917;0.1338377;0.3744427;-0.07831743;4;2;140;464.8458;-0.08346333;0.7694253;-1.309551;-0.171148;0.7644334;-1.567695;0.2294245;0.7713189;-1.599558
