Experience 1 passage  08/08/2020 16:55 Sujet : 016
0,25;1,7404;-0,811;0
0,65;1,7402;-0,85;0
ExperimentID;participantID;date;PosRx;PosRy;PosRz;QuaternionRotw;QuaternionRotx;QuaternionRoty;QuaternionRotz;targetNumber;condition;aim_number;PosTargetx;PosTargety;PosTargetz;StartingPositionx;StartingPositiony;StartingPositionz;CalibrationCubex;CalibrationCubey;CalibrationCubez
00002;004;63732504797,9857;-0,004328622;0,7642938;-1,318224;0,9787821;0,1333532;0,1510869;-0,03708632;4;2;1;10,52096;-0,05117874;0,7787874;-1,31652;-0,1538395;0,7728982;-1,569063;0,2442469;0,7693142;-1,624157;
00002;004;63732504804,1701;-0,1206657;0,7637011;-1,356732;0,9847614;0,1438642;-0,09693453;-0,01232136;1;2;2;16,70531;-0,1458171;0,7790914;-1,371464;-0,1538395;0,7728982;-1,569063;0,2442469;0,7693142;-1,624157;
00002;004;63732504808,3919;0,1008695;0,7660148;-1,437367;0,9856756;0,129857;0,103007;-0,03115152;6;2;3;20,92747;0,08538991;0,7768512;-1,440842;-0,1538395;0,7728982;-1,569063;0,2442469;0,7693142;-1,624157;
00002;004;63732504812,0671;0,04076651;0,7646556;-1,345314;0,9853182;0,128857;0,1070138;-0,0330436;5;2;4;24,60232;0,02806684;0,7778258;-1,36664;-0,1538395;0,7728982;-1,569063;0,2442469;0,7693142;-1,624157;
00002;004;63732504816,6266;-0,1377505;0,764601;-1,437408;0,9842877;0,144924;-0,09971543;-0,01522421;0;2;5;29,1614;-0,1488453;0,778563;-1,446401;-0,1538395;0,7728982;-1,569063;0,2442469;0,7693142;-1,624157;
00002;004;63732504822,1659;-0,1179095;0,7633023;-1,195358;0,9826903;0,1396024;-0,1216634;-0,00536836;3;2;6;34,70119;-0,1397606;0,7801483;-1,22159;-0,1538395;0,7728982;-1,569063;0,2442469;0,7693142;-1,624157;
00002;004;63732504827,8921;-0,1199254;0,7633981;-1,28906;0,9896215;0,132501;-0,05222218;-0,019123;2;2;7;40,42678;-0,1427888;0,7796199;-1,296527;-0,1538395;0,7728982;-1,569063;0,2442469;0,7693142;-1,624157;
00002;004;63732504832,4964;-0,1326201;0,7630672;-1,304644;0,9876994;0,1375207;-0,07261231;-0,0162912;2;2;8;45,03112;-0,1427888;0,7796199;-1,296527;-0,1538395;0,7728982;-1,569063;0,2442469;0,7693142;-1,624157;
00002;004;63732504836,819;-0,03784058;0,7641065;-1,313404;0,9887193;0,1374538;0,05141962;-0,02994344;4;2;9;49,35428;-0,05117874;0,7787874;-1,31652;-0,1538395;0,7728982;-1,569063;0,2442469;0,7693142;-1,624157;
00002;004;63732504840,9525;-0,1419481;0,7636908;-1,36619;0,9868479;0,1287675;-0,09699665;-0,0119096;1;2;10;53,48788;-0,1458171;0,7790914;-1,371464;-0,1538395;0,7728982;-1,569063;0,2442469;0,7693142;-1,624157;
00002;004;63732504846,1247;0,06807859;0,7654802;-1,42788;-0,9845967;-0,1277838;-0,1148621;0,03236492;6;2;11;58,6602;0,08538991;0,7768512;-1,440842;-0,1538395;0,7728982;-1,569063;0,2442469;0,7693142;-1,624157;
00002;004;63732504851,3963;-0,1399032;0,7644324;-1,440332;-0,9854617;-0,1343466;0,1029767;0,01456856;0;2;12;63,93173;-0,1488453;0,778563;-1,446401;-0,1538395;0,7728982;-1,569063;0,2442469;0,7693142;-1,624157;
00002;004;63732504855,1158;0,04860605;0,7648093;-1,357902;-0,9709666;-0,1285688;-0,1967739;0,04443011;5;2;13;67,65128;0,02806684;0,7778258;-1,36664;-0,1538395;0,7728982;-1,569063;0,2442469;0,7693142;-1,624157;
00002;004;63732504859,2473;-0,1145041;0,7626635;-1,23838;-0,989975;-0,1344776;0,0381061;0,02032842;3;2;14;71,78234;-0,1397606;0,7801483;-1,22159;-0,1538395;0,7728982;-1,569063;0,2442469;0,7693142;-1,624157;
00002;004;63732504863,8706;-0,1361682;0,7637203;-1,230367;0,9898281;0,1317129;-0,05061723;-0,0181635;3;2;15;76,40606;-0,1397606;0,7801483;-1,22159;-0,1538395;0,7728982;-1,569063;0,2442469;0,7693142;-1,624157;
00002;004;63732504867,4007;-0,1412031;0,7636458;-1,309442;0,9883751;0,1365884;-0,0648911;-0,01573496;2;2;16;79,93594;-0,1427888;0,7796199;-1,296527;-0,1538395;0,7728982;-1,569063;0,2442469;0,7693142;-1,624157;
00002;004;63732504871,6687;-0,04015897;0,7640644;-1,335951;0,9894868;0,13523;0,04233098;-0,02892846;4;2;17;84,20419;-0,05117874;0,7787874;-1,31652;-0,1538395;0,7728982;-1,569063;0,2442469;0,7693142;-1,624157;
00002;004;63732504876,7197;-0,1425104;0,7641438;-1,38475;0,9883316;0,1328426;-0,07291215;-0,01541006;1;2;18;89,25437;-0,1458171;0,7790914;-1,371464;-0,1538395;0,7728982;-1,569063;0,2442469;0,7693142;-1,624157;
00002;004;63732504880,5306;0,09760935;0,7655893;-1,436479;0,9542338;0,122919;0,2671271;-0,05451582;6;2;19;93,06551;0,08538991;0,7768512;-1,440842;-0,1538395;0,7728982;-1,569063;0,2442469;0,7693142;-1,624157;
00002;004;63732504884,4809;-0,142249;0,7643017;-1,445938;0,9893596;0,1418697;-0,02198706;-0,0236061;0;2;20;97,01556;-0,1488453;0,778563;-1,446401;-0,1538395;0,7728982;-1,569063;0,2442469;0,7693142;-1,624157;
00002;004;63732504887,9212;0,03975424;0,764342;-1,364179;0,9665523;0,1246094;0,2188855;-0,04835628;5;2;21;100,4564;0,02806684;0,7778258;-1,36664;-0,1538395;0,7728982;-1,569063;0,2442469;0,7693142;-1,624157;
00002;004;63732504891,4047;-0,134911;0,7646092;-1,450153;0,9909981;0,1311533;-0,01672363;-0,02102144;0;2;22;103,94;-0,1488453;0,778563;-1,446401;-0,1538395;0,7728982;-1,569063;0,2442469;0,7693142;-1,624157;
00002;004;63732504896,0291;-0,12517;0,7634602;-1,18872;0,9898445;0,1273274;-0,06108539;-0,01625516;3;2;23;108,5641;-0,1397606;0,7801483;-1,22159;-0,1538395;0,7728982;-1,569063;0,2442469;0,7693142;-1,624157;
00002;004;63732504902,3854;-0,1295507;0,763533;-1,303845;-0,9872395;-0,1309655;0,08969069;0,01271941;2;2;24;114,9204;-0,1427888;0,7796199;-1,296527;-0,1538395;0,7728982;-1,569063;0,2442469;0,7693142;-1,624157;
00002;004;63732504906,2155;-0,1370032;0,7639329;-1,385351;0,9898759;0,1389517;0,007342857;-0,02800459;1;2;25;118,7507;-0,1458171;0,7790914;-1,371464;-0,1538395;0,7728982;-1,569063;0,2442469;0,7693142;-1,624157;
00002;004;63732504909,8367;0,04829317;0,7649885;-1,371129;-0,9707853;-0,1273965;-0,198124;0,04574943;5;2;26;122,3718;0,02806684;0,7778258;-1,36664;-0,1538395;0,7728982;-1,569063;0,2442469;0,7693142;-1,624157;
00002;004;63732504919,3397;-0,04297084;0,7639129;-1,330657;-0,9856099;-0,1322024;-0,09975436;0,03383303;4;2;27;131,8752;-0,05117874;0,7787874;-1,31652;-0,1538395;0,7728982;-1,569063;0,2442469;0,7693142;-1,624157;
00002;004;63732504924,2086;0,08765422;0,7658247;-1,452251;-0,9271089;-0,1210083;-0,3484392;0,06645602;6;2;28;136,744;0,08538991;0,7768512;-1,440842;-0,1538395;0,7728982;-1,569063;0,2442469;0,7693142;-1,624157;
00002;004;63732504927,9882;0,02423058;0,7644833;-1,365031;-0,9649888;-0,1240377;-0,225579;0,05025458;5;2;29;140,5231;0,02806684;0,7778258;-1,36664;-0,1538395;0,7728982;-1,569063;0,2442469;0,7693142;-1,624157;
00002;004;63732504933,178;-0,1426293;0,7642586;-1,383337;-0,989176;-0,1344843;0,05611964;0,0171934;1;2;30;145,7128;-0,1458171;0,7790914;-1,371464;-0,1538395;0,7728982;-1,569063;0,2442469;0,7693142;-1,624157;
00002;004;63732504936,9104;-0,1293994;0,7636775;-1,299283;-0,9899787;-0,1305406;0,05043412;0,01891135;2;2;31;149,4454;-0,1427888;0,7796199;-1,296527;-0,1538395;0,7728982;-1,569063;0,2442469;0,7693142;-1,624157;
00002;004;63732504941,2785;0,09654221;0,7656029;-1,43037;-0,9344972;-0,1188849;-0,3293587;0,06406442;6;2;32;153,8137;0,08538991;0,7768512;-1,440842;-0,1538395;0,7728982;-1,569063;0,2442469;0,7693142;-1,624157;
00002;004;63732504945,9238;-0,123028;0,7630294;-1,245051;-0,9906455;-0,1335932;0,01301643;0,02459491;3;2;33;158,4588;-0,1397606;0,7801483;-1,22159;-0,1538395;0,7728982;-1,569063;0,2442469;0,7693142;-1,624157;
00002;004;63732504951,4977;-0,1294406;0,7650821;-1,4461;-0,9896803;-0,1340697;0,04634904;0,02024896;0;2;34;164,0331;-0,1488453;0,778563;-1,446401;-0,1538395;0,7728982;-1,569063;0,2442469;0,7693142;-1,624157;
00002;004;63732504954,3237;-0,008243641;0,7641385;-1,330472;-0,9778736;-0,1300559;-0,1591142;0,03913315;4;2;35;166,859;-0,05117874;0,7787874;-1,31652;-0,1538395;0,7728982;-1,569063;0,2442469;0,7693142;-1,624157;
00002;004;63732504958,3394;-0,03182349;0,763498;-1,322997;-0,990302;-0,1273254;-0,04694534;0,02977143;4;2;36;170,8742;-0,05117874;0,7787874;-1,31652;-0,1538395;0,7728982;-1,569063;0,2442469;0,7693142;-1,624157;
00002;004;63732504961,3239;0,1065533;0,7659141;-1,449286;-0,9299939;-0,1212652;-0,3406899;0,06585243;6;2;37;173,859;0,08538991;0,7768512;-1,440842;-0,1538395;0,7728982;-1,569063;0,2442469;0,7693142;-1,624157;
00002;004;63732504965,4346;-0,1398605;0,7630207;-1,30555;-0,9906821;-0,1334648;-0,00287335;0,02697828;2;2;38;177,9701;-0,1427888;0,7796199;-1,296527;-0,1538395;0,7728982;-1,569063;0,2442469;0,7693142;-1,624157;
00002;004;63732504968,6985;-0,1498695;0,7649398;-1,441909;-0,9895638;-0,1386695;0,03148296;0,02330604;0;2;39;181,2337;-0,1488453;0,778563;-1,446401;-0,1538395;0,7728982;-1,569063;0,2442469;0,7693142;-1,624157;
00002;004;63732504972,0906;-0,1374353;0,7628357;-1,226798;-0,9910211;-0,1311537;0,007202002;0,02498073;3;2;40;184,6254;-0,1397606;0,7801483;-1,22159;-0,1538395;0,7728982;-1,569063;0,2442469;0,7693142;-1,624157;
00002;004;63732504976,9863;0,03072955;0,7642071;-1,353991;-0,9602175;-0,128217;-0,2414327;0,05703393;5;2;41;189,5213;0,02806684;0,7778258;-1,36664;-0,1538395;0,7728982;-1,569063;0,2442469;0,7693142;-1,624157;
00002;004;63732504981,2422;-0,1561202;0,7640257;-1,377126;-0,9900382;-0,1315266;0,04618077;0,01981253;1;2;42;193,777;-0,1458171;0,7790914;-1,371464;-0,1538395;0,7728982;-1,569063;0,2442469;0,7693142;-1,624157;
00002;004;63732504984,2896;-0,154836;0,7644365;-1,457131;-0,9865501;-0,1420085;0,07954956;0,0149809;0;2;43;196,8246;-0,1488453;0,778563;-1,446401;-0,1538395;0,7728982;-1,569063;0,2442469;0,7693142;-1,624157;
00002;004;63732504988,2971;0,04219662;0,7645358;-1,366116;-0,958614;-0,1200895;-0,2527415;0,0525319;5;2;44;200,8319;0,02806684;0,7778258;-1,36664;-0,1538395;0,7728982;-1,569063;0,2442469;0,7693142;-1,624157;
00002;004;63732504992,727;-0,1297556;0,7628146;-1,291846;-0,9906582;-0,1307543;-0,02463678;0,02987631;2;2;45;205,2622;-0,1427888;0,7796199;-1,296527;-0,1538395;0,7728982;-1,569063;0,2442469;0,7693142;-1,624157;
00002;004;63732504997,3671;-0,03249226;0,7635822;-1,327778;-0,969727;-0,1230881;-0,205618;0,04690599;4;2;46;209,9025;-0,05117874;0,7787874;-1,31652;-0,1538395;0,7728982;-1,569063;0,2442469;0,7693142;-1,624157;
00002;004;63732505000,9874;-0,1434375;0,7631757;-1,370412;-0,9899198;-0,1317301;0,04784421;0,02041786;1;2;47;213,5229;-0,1458171;0,7790914;-1,371464;-0,1538395;0,7728982;-1,569063;0,2442469;0,7693142;-1,624157;
00002;004;63732505005,4129;0,1009447;0,7657413;-1,446428;0,9358517;0,1204729;0,3252008;-0,06254981;6;2;48;217,9483;0,08538991;0,7768512;-1,440842;-0,1538395;0,7728982;-1,569063;0,2442469;0,7693142;-1,624157;
00002;004;63732505011,3779;-0,13555;0,7632241;-1,215934;0,9913222;0,1202556;0,04273815;-0,03150241;3;2;49;223,9129;-0,1397606;0,7801483;-1,22159;-0,1538395;0,7728982;-1,569063;0,2442469;0,7693142;-1,624157;
00002;004;63732505015,0064;-0,1556627;0,7643133;-1,450624;0,9891585;0,1275052;0,06583987;-0,03119559;0;2;50;227,5411;-0,1488453;0,778563;-1,446401;-0,1538395;0,7728982;-1,569063;0,2442469;0,7693142;-1,624157;
00002;004;63732505018,5021;-0,1528896;0,762915;-1,291655;-0,9898843;-0,1346357;-0,02786627;0,03500932;2;2;51;231,0374;-0,1427888;0,7796199;-1,296527;-0,1538395;0,7728982;-1,569063;0,2442469;0,7693142;-1,624157;
00002;004;63732505023,597;-0,1502768;0,7631403;-1,362186;-0,9908015;-0,1323489;0,001545264;0,02817481;1;2;52;236,1325;-0,1458171;0,7790914;-1,371464;-0,1538395;0,7728982;-1,569063;0,2442469;0,7693142;-1,624157;
00002;004;63732505027,6402;0,1121674;0,7656525;-1,4422;0,9255733;0,1108743;0,3558636;-0,06619631;6;2;53;240,1754;0,08538991;0,7768512;-1,440842;-0,1538395;0,7728982;-1,569063;0,2442469;0,7693142;-1,624157;
00002;004;63732505031,704;-0,02621588;0,7635648;-1,318827;0,9639752;0,1205955;0,2316311;-0,05055388;4;2;54;244,2392;-0,05117874;0,7787874;-1,31652;-0,1538395;0,7728982;-1,569063;0,2442469;0,7693142;-1,624157;
00002;004;63732505035,559;-0,1175262;0,762904;-1,231997;0,9910102;0,1266697;0,03327531;-0,02732112;3;2;55;248,0937;-0,1397606;0,7801483;-1,22159;-0,1538395;0,7728982;-1,569063;0,2442469;0,7693142;-1,624157;
00002;004;63732505039,9858;0,0590803;0,7648014;-1,380987;0,9230329;0,1134975;0,3609881;-0,06939933;5;2;56;252,5208;0,02806684;0,7778258;-1,36664;-0,1538395;0,7728982;-1,569063;0,2442469;0,7693142;-1,624157;
00002;004;63732505043,9793;-0,02399743;0,7635965;-1,314833;0,9881702;0,125038;0,08329789;-0,03076845;4;2;57;256,5148;-0,05117874;0,7787874;-1,31652;-0,1538395;0,7728982;-1,569063;0,2442469;0,7693142;-1,624157;
00002;004;63732505047,3521;-0,1579549;0,7643283;-1,437729;0,9910492;0,1314282;0,0006263966;-0,02340504;0;2;58;259,8871;-0,1488453;0,778563;-1,446401;-0,1538395;0,7728982;-1,569063;0,2442469;0,7693142;-1,624157;
00002;004;63732505051,8869;0,04008268;0,7647591;-1,368374;0,9454059;0,1194845;0,2975106;-0,05846816;5;2;59;264,4219;0,02806684;0,7778258;-1,36664;-0,1538395;0,7728982;-1,569063;0,2442469;0,7693142;-1,624157;
00002;004;63732505055,0891;0,1184207;0,7658545;-1,442759;0,8603522;0,09728974;0,4936369;-0,08155664;6;2;60;267,6238;0,08538991;0,7768512;-1,440842;-0,1538395;0,7728982;-1,569063;0,2442469;0,7693142;-1,624157;
00002;004;63732505179,837;-0,1290156;0,7644916;-1,274838;-0,9836785;-0,1749653;-0,02586235;0,03308977;2;2;61;392,3723;-0,1427888;0,7796199;-1,296527;-0,1538395;0,7728982;-1,569063;0,2442469;0,7693142;-1,624157;
00002;004;63732505184,1898;-0,1419924;0,765633;-1,384482;-0,9814535;-0,18573;-0,03663316;0,03019142;1;2;62;396,7247;-0,1458171;0,7790914;-1,371464;-0,1538395;0,7728982;-1,569063;0,2442469;0,7693142;-1,624157;
00002;004;63732505187,6902;-0,1162808;0,7647094;-1,214347;-0,9807999;-0,187912;-0,03947323;0,03409485;3;2;63;400,2254;-0,1397606;0,7801483;-1,22159;-0,1538395;0,7728982;-1,569063;0,2442469;0,7693142;-1,624157;
00002;004;63732505190,9629;-0,1402879;0,7662712;-1,446055;-0,9775624;-0,1953376;-0,06942467;0,0373543;0;2;64;403,4977;-0,1488453;0,778563;-1,446401;-0,1538395;0,7728982;-1,569063;0,2442469;0,7693142;-1,624157;
00002;004;63732505194,3355;-0,0217675;0,7656665;-1,322691;0,9577228;0,1876692;0,2066636;-0,06955238;4;2;65;406,8704;-0,05117874;0,7787874;-1,31652;-0,1538395;0,7728982;-1,569063;0,2442469;0,7693142;-1,624157;
00002;004;63732505200,2593;0,04831831;0,766583;-1,365479;0,9061761;0,1616645;0,3791592;-0,0945914;5;2;66;412,7939;0,02806684;0,7778258;-1,36664;-0,1538395;0,7728982;-1,569063;0,2442469;0,7693142;-1,624157;
00002;004;63732505204,8696;-0,1265068;0,764343;-1,216375;0,9803775;0,1822336;0,06402673;-0,03938959;3;2;67;417,4051;-0,1397606;0,7801483;-1,22159;-0,1538395;0,7728982;-1,569063;0,2442469;0,7693142;-1,624157;
00002;004;63732505209,3162;-0,1367165;0,7646942;-1,280132;0,9830592;0,1810816;-0,005360865;-0,0278444;2;2;68;421,8509;-0,1427888;0,7796199;-1,296527;-0,1538395;0,7728982;-1,569063;0,2442469;0,7693142;-1,624157;
00002;004;63732505213,1953;-0,145422;0,7651932;-1,386507;0,9833111;0,1779438;0,02257998;-0,03042082;1;2;69;425,7305;-0,1458171;0,7790914;-1,371464;-0,1538395;0,7728982;-1,569063;0,2442469;0,7693142;-1,624157;
00002;004;63732505217,3417;0,08390068;0,7678244;-1,431505;0,9288576;0,1820492;0,3087979;-0,09341044;6;2;70;429,8764;0,08538991;0,7768512;-1,440842;-0,1538395;0,7728982;-1,569063;0,2442469;0,7693142;-1,624157;
00002;004;63732505220,7495;0,05037749;0,7671776;-1,385384;0,912642;0,1659216;0,361926;-0,09254267;5;2;71;433,2849;0,02806684;0,7778258;-1,36664;-0,1538395;0,7728982;-1,569063;0,2442469;0,7693142;-1,624157;
00002;004;63732505224,5263;-0,1454163;0,7650333;-1,385214;-0,9830029;-0,1806261;-0,0170599;0,02807927;1;2;72;437,0612;-0,1458171;0,7790914;-1,371464;-0,1538395;0,7728982;-1,569063;0,2442469;0,7693142;-1,624157;
00002;004;63732505228,1365;-0,1118859;0,7644691;-1,221719;-0,9827328;-0,1827862;-0,008878389;0,02732539;3;2;73;440,6719;-0,1397606;0,7801483;-1,22159;-0,1538395;0,7728982;-1,569063;0,2442469;0,7693142;-1,624157;
00002;004;63732505232,9132;-0,1363749;0,7643567;-1,299129;-0,9825506;-0,1803628;-0,03154074;0,03269239;2;2;74;445,4482;-0,1427888;0,7796199;-1,296527;-0,1538395;0,7728982;-1,569063;0,2442469;0,7693142;-1,624157;
00002;004;63732505236,4158;0,1086541;0,7672895;-1,44679;-0,9167198;-0,1591664;-0,3559053;0,08730591;6;2;75;448,9508;0,08538991;0,7768512;-1,440842;-0,1538395;0,7728982;-1,569063;0,2442469;0,7693142;-1,624157;
00002;004;63732505239,5551;-0,1554897;0,7655696;-1,44801;-0,9812258;-0,1798539;-0,05885587;0,03720984;0;2;76;452,09;-0,1488453;0,778563;-1,446401;-0,1538395;0,7728982;-1,569063;0,2442469;0,7693142;-1,624157;
00002;004;63732505243,2152;-0,02307607;0,7652854;-1,334895;-0,9646119;-0,1669503;-0,1954348;0,05879366;4;2;77;455,7508;-0,05117874;0,7787874;-1,31652;-0,1538395;0,7728982;-1,569063;0,2442469;0,7693142;-1,624157;
00002;004;63732505247,773;-0,1267527;0,7646376;-1,224747;-0,9821983;-0,1809915;-0,03538167;0,03573282;3;2;78;460,3077;-0,1397606;0,7801483;-1,22159;-0,1538395;0,7728982;-1,569063;0,2442469;0,7693142;-1,624157;
00002;004;63732505252,2053;-0,01687258;0,7647984;-1,308157;-0,9770002;-0,1620715;-0,1313652;0,04412061;4;2;79;464,74;-0,05117874;0,7787874;-1,31652;-0,1538395;0,7728982;-1,569063;0,2442469;0,7693142;-1,624157;
00002;004;63732505258,1608;-0,1443462;0,7653316;-1,38584;-0,9819342;-0,1874482;0,009385965;0,02409058;1;2;80;470,6957;-0,1458171;0,7790914;-1,371464;-0,1538395;0,7728982;-1,569063;0,2442469;0,7693142;-1,624157;
00002;004;63732505261,6216;-0,150214;0,765959;-1,469792;-0,9817658;-0,180946;-0,04594951;0,03582055;0;2;81;474,1568;-0,1488453;0,778563;-1,446401;-0,1538395;0,7728982;-1,569063;0,2442469;0,7693142;-1,624157;
00002;004;63732505264,7798;0,1052748;0,7671678;-1,441921;-0,9290123;-0,1580029;-0,3245648;0,08141906;6;2;82;477,315;0,08538991;0,7768512;-1,440842;-0,1538395;0,7728982;-1,569063;0,2442469;0,7693142;-1,624157;
00002;004;63732505268,3121;0,0457417;0,7661959;-1,375905;-0,9176311;-0,1566177;-0,3544072;0,08842827;5;2;83;480,8468;0,02806684;0,7778258;-1,36664;-0,1538395;0,7728982;-1,569063;0,2442469;0,7693142;-1,624157;
00002;004;63732505271,6544;-0,1260033;0,7643766;-1,295135;-0,979735;-0,1738093;-0,09100539;0,04034625;2;2;84;484,1898;-0,1427888;0,7796199;-1,296527;-0,1538395;0,7728982;-1,569063;0,2442469;0,7693142;-1,624157;
00002;004;63732505276,4225;0,09664489;0,7679938;-1,460316;-0,8873221;-0,1766229;-0,4139305;0,1006259;6;2;85;488,9579;0,08538991;0,7768512;-1,440842;-0,1538395;0,7728982;-1,569063;0,2442469;0,7693142;-1,624157;
00002;004;63732505280,7568;-0,1242675;0,7637646;-1,234008;0,9825258;0,1563895;0,09238278;-0,04063011;3;2;86;493,2915;-0,1397606;0,7801483;-1,22159;-0,1538395;0,7728982;-1,569063;0,2442469;0,7693142;-1,624157;
00002;004;63732505283,6296;-0,1396126;0,7645146;-1,29853;0,9812735;0,1681642;0,08499087;-0,03999881;2;2;87;496,1651;-0,1427888;0,7796199;-1,296527;-0,1538395;0,7728982;-1,569063;0,2442469;0,7693142;-1,624157;
00002;004;63732505286,2083;-0,1484837;0,7656602;-1,455909;0,9815456;0,1689814;0,08096194;-0,03819447;0;2;88;498,7436;-0,1488453;0,778563;-1,446401;-0,1538395;0,7728982;-1,569063;0,2442469;0,7693142;-1,624157;
00002;004;63732505289,3453;-0,02782805;0,7656196;-1,32773;0,9601184;0,1690185;0,2135436;-0,06328284;4;2;89;501,8807;-0,05117874;0,7787874;-1,31652;-0,1538395;0,7728982;-1,569063;0,2442469;0,7693142;-1,624157;
00002;004;63732505292,5061;-0,1551115;0,7645704;-1,374885;0,9859145;0,1642389;-0,02014238;-0,02434397;1;2;90;505,0417;-0,1458171;0,7790914;-1,371464;-0,1538395;0,7728982;-1,569063;0,2442469;0,7693142;-1,624157;
00002;004;63732505295,8922;0,04807112;0,7656608;-1,367163;0,9011744;0,1374153;0,401342;-0,08903103;5;2;91;508,4273;0,02806684;0,7778258;-1,36664;-0,1538395;0,7728982;-1,569063;0,2442469;0,7693142;-1,624157;
00002;004;63732505299,0979;0,1016034;0,7673683;-1,465664;-0,8447902;-0,1317706;-0,5076339;0,1061784;6;2;92;511,6327;0,08538991;0,7768512;-1,440842;-0,1538395;0,7728982;-1,569063;0,2442469;0,7693142;-1,624157;
00002;004;63732505302,2291;-0,1488743;0,7657851;-1,459272;-0,9855102;-0,1657824;0,02898892;0,02111083;0;2;93;514,7642;-0,1488453;0,778563;-1,446401;-0,1538395;0,7728982;-1,569063;0,2442469;0,7693142;-1,624157;
00002;004;63732505305,1972;-0,1545453;0,7643026;-1,370449;-0,985716;-0,1658042;0,001534676;0,02950442;1;2;94;517,7326;-0,1458171;0,7790914;-1,371464;-0,1538395;0,7728982;-1,569063;0,2442469;0,7693142;-1,624157;
00002;004;63732505308,8142;0,04932153;0,766372;-1,365809;0,9178287;0,148848;0,3583384;-0,08383532;5;2;95;521,3491;0,02806684;0,7778258;-1,36664;-0,1538395;0,7728982;-1,569063;0,2442469;0,7693142;-1,624157;
00002;004;63732505312,6062;-0,137919;0,7642671;-1,286625;0,9836113;0,1769956;0,01868692;-0,02884858;2;2;96;525,1413;-0,1427888;0,7796199;-1,296527;-0,1538395;0,7728982;-1,569063;0,2442469;0,7693142;-1,624157;
00002;004;63732505316,4289;-0,02581133;0,7645937;-1,318079;0,9760016;0,1555976;0,1448536;-0,04719965;4;2;97;528,9636;-0,05117874;0,7787874;-1,31652;-0,1538395;0,7728982;-1,569063;0,2442469;0,7693142;-1,624157;
00002;004;63732505319,5595;-0,1214299;0,7643513;-1,227747;0,9818118;0,173598;0,0654704;-0,04028717;3;2;98;532,0947;-0,1397606;0,7801483;-1,22159;-0,1538395;0,7728982;-1,569063;0,2442469;0,7693142;-1,624157;
00002;004;63732505322,9573;-0,03258863;0,765168;-1,320224;0,9618635;0,1618234;0,2117657;-0,06153909;4;2;99;535,4923;-0,05117874;0,7787874;-1,31652;-0,1538395;0,7728982;-1,569063;0,2442469;0,7693142;-1,624157;
00002;004;63732505326,5569;0,05495516;0,7660397;-1,371246;-0,9351196;-0,1560198;-0,308583;0,07736661;5;2;100;539,0922;0,02806684;0,7778258;-1,36664;-0,1538395;0,7728982;-1,569063;0,2442469;0,7693142;-1,624157;
00002;004;63732505330,4596;0,1107766;0,7666261;-1,437092;0,9366325;0,1400034;0,3136503;-0,06886329;6;2;101;542,9945;0,08538991;0,7768512;-1,440842;-0,1538395;0,7728982;-1,569063;0,2442469;0,7693142;-1,624157;
00002;004;63732505333,22;-0,1304691;0,7635605;-1,221574;0,9872022;0,1565862;0,01547238;-0,02594611;3;2;102;545,755;-0,1397606;0,7801483;-1,22159;-0,1538395;0,7728982;-1,569063;0,2442469;0,7693142;-1,624157;
00002;004;63732505336,8121;-0,153807;0,7641477;-1,377334;0,9852533;0,1610083;-0,05414916;-0,02049959;1;2;103;549,3467;-0,1458171;0,7790914;-1,371464;-0,1538395;0,7728982;-1,569063;0,2442469;0,7693142;-1,624157;
00002;004;63732505340,5616;-0,158984;0,7649968;-1,449976;0,9867244;0,1604464;-0,002202023;-0,02504044;0;2;104;553,0969;-0,1488453;0,778563;-1,446401;-0,1538395;0,7728982;-1,569063;0,2442469;0,7693142;-1,624157;
00002;004;63732505343,8757;-0,1586598;0,7639817;-1,296967;0,9821951;0,1674471;-0,08411833;-0,01335533;2;2;105;556,4105;-0,1427888;0,7796199;-1,296527;-0,1538395;0,7728982;-1,569063;0,2442469;0,7693142;-1,624157;
00002;004;63732505346,9814;-0,1476475;0,7654642;-1,457677;0,9852294;0,1683144;0,01463963;-0,02791289;0;2;106;559,5161;-0,1488453;0,778563;-1,446401;-0,1538395;0,7728982;-1,569063;0,2442469;0,7693142;-1,624157;
00002;004;63732505349,8302;-0,1625645;0,7647625;-1,364295;0,98105;0,1791612;-0,07185151;-0,01672188;1;2;107;562,3652;-0,1458171;0,7790914;-1,371464;-0,1538395;0,7728982;-1,569063;0,2442469;0,7693142;-1,624157;
00002;004;63732505352,7454;-0,1247254;0,7646827;-1,226043;0,9811026;0,1749405;0,07261487;-0,03950651;3;2;108;565,2803;-0,1397606;0,7801483;-1,22159;-0,1538395;0,7728982;-1,569063;0,2442469;0,7693142;-1,624157;
00002;004;63732505356,1267;-0,146019;0,7638553;-1,297307;0,9857419;0,1618652;0,02971682;-0,03506405;2;2;109;568,6614;-0,1427888;0,7796199;-1,296527;-0,1538395;0,7728982;-1,569063;0,2442469;0,7693142;-1,624157;
00002;004;63732505359,3619;0,1059805;0,7675741;-1,442232;0,8757917;0,1627135;0,4438927;-0,09732708;6;2;110;571,8975;0,08538991;0,7768512;-1,440842;-0,1538395;0,7728982;-1,569063;0,2442469;0,7693142;-1,624157;
00002;004;63732505362,8873;0,06132363;0,7666685;-1,38614;0,8980181;0,1480283;0,4040087;-0,09180431;5;2;111;575,4221;0,02806684;0,7778258;-1,36664;-0,1538395;0,7728982;-1,569063;0,2442469;0,7693142;-1,624157;
00002;004;63732505365,9702;-0,02773291;0,7654189;-1,306801;0,9648827;0,1709147;0,1901881;-0,06015141;4;2;112;578,5052;-0,05117874;0,7787874;-1,31652;-0,1538395;0,7728982;-1,569063;0,2442469;0,7693142;-1,624157;
00002;004;63732505369,7826;0,1162706;0,7666826;-1,438524;0,8721639;0,1353231;0,4591079;-0,1011816;6;2;113;582,3176;0,08538991;0,7768512;-1,440842;-0,1538395;0,7728982;-1,569063;0,2442469;0,7693142;-1,624157;
00002;004;63732505373,42;-0,1220266;0,7644377;-1,279337;0,983833;0,1691988;0,04838961;-0,0332127;2;2;114;585,9553;-0,1427888;0,7796199;-1,296527;-0,1538395;0,7728982;-1,569063;0,2442469;0,7693142;-1,624157;
00002;004;63732505376,7492;-0,02712077;0,7648954;-1,299768;0,9556442;0,1514835;0,2443455;-0,06397121;4;2;115;589,2847;-0,05117874;0,7787874;-1,31652;-0,1538395;0,7728982;-1,569063;0,2442469;0,7693142;-1,624157;
00002;004;63732505380,318;-0,1549502;0,7652415;-1,448397;0,9858712;0,1644572;0,0145213;-0,02830092;0;2;116;592,8528;-0,1488453;0,778563;-1,446401;-0,1538395;0,7728982;-1,569063;0,2442469;0,7693142;-1,624157;
00002;004;63732505383,4927;-0,1303913;0,7642424;-1,22627;0,9838234;0,1722711;0,03706475;-0,032255;3;2;117;596,0279;-0,1397606;0,7801483;-1,22159;-0,1538395;0,7728982;-1,569063;0,2442469;0,7693142;-1,624157;
00002;004;63732505386,845;-0,1550089;0,7647352;-1,362838;0,9869308;0,158082;0,01409439;-0,02790886;1;2;118;599,3803;-0,1458171;0,7790914;-1,371464;-0,1538395;0,7728982;-1,569063;0,2442469;0,7693142;-1,624157;
00002;004;63732505390,9527;0,05899914;0,7656374;-1,370962;0,9294405;0,1404986;0,3327186;-0,07549087;5;2;119;603,4882;0,02806684;0,7778258;-1,36664;-0,1538395;0,7728982;-1,569063;0,2442469;0,7693142;-1,624157;
00002;004;63732505394,3933;0,0605445;0,7662795;-1,370054;0,9236422;0,1575979;0,3390283;-0,08430757;5;2;120;606,9288;0,02806684;0,7778258;-1,36664;-0,1538395;0,7728982;-1,569063;0,2442469;0,7693142;-1,624157;
00002;004;63732505396,8965;-0,15395;0,7657436;-1,452983;0,9841343;0,1739212;0,02339233;-0,02615182;0;2;121;609,4316;-0,1488453;0,778563;-1,446401;-0,1538395;0,7728982;-1,569063;0,2442469;0,7693142;-1,624157;
00002;004;63732505399,8531;-0,1282373;0,7642989;-1,294287;0,9836138;0,166221;0,05883272;-0,03759173;2;2;122;612,3877;-0,1427888;0,7796199;-1,296527;-0,1538395;0,7728982;-1,569063;0,2442469;0,7693142;-1,624157;
00002;004;63732505403,873;-0,1299035;0,7642578;-1,21817;0,9860445;0,1628824;0,01718522;-0,02983904;3;2;123;616,4081;-0,1397606;0,7801483;-1,22159;-0,1538395;0,7728982;-1,569063;0,2442469;0,7693142;-1,624157;
00002;004;63732505407,6123;-0,1491773;0,7650119;-1,364021;0,9864441;0,1606152;0,02481633;-0,02269674;1;2;124;620,1472;-0,1458171;0,7790914;-1,371464;-0,1538395;0,7728982;-1,569063;0,2442469;0,7693142;-1,624157;
00002;004;63732505410,6725;0,1034983;0,7674507;-1,454195;0,8684409;0,1581529;0,4598957;-0,09640585;6;2;125;623,2081;0,08538991;0,7768512;-1,440842;-0,1538395;0,7728982;-1,569063;0,2442469;0,7693142;-1,624157;
00002;004;63732505414,8256;-0,02407403;0,764802;-1,315825;0,9513347;0,1497476;0,2613552;-0,06505001;4;2;126;627,3607;-0,05117874;0,7787874;-1,31652;-0,1538395;0,7728982;-1,569063;0,2442469;0,7693142;-1,624157;
00002;004;63732505418,8223;-0,1243982;0,7645112;-1,237064;0,9836249;0,1775248;0,01252224;-0,02846366;3;2;127;631,357;-0,1397606;0,7801483;-1,22159;-0,1538395;0,7728982;-1,569063;0,2442469;0,7693142;-1,624157;
00002;004;63732505423,8736;0,04164423;0,7659999;-1,381772;0,9365488;0,1458438;0,3105254;-0,07197271;5;2;128;636,409;0,02806684;0,7778258;-1,36664;-0,1538395;0,7728982;-1,569063;0,2442469;0,7693142;-1,624157;
00002;004;63732505428,505;-0,1539832;0,7649647;-1,442322;0,9810755;0,1536203;0,1110775;-0,03941306;0;2;129;641,0399;-0,1488453;0,778563;-1,446401;-0,1538395;0,7728982;-1,569063;0,2442469;0,7693142;-1,624157;
00002;004;63732505434,0712;-0,1350159;0,76415;-1,28877;0,9799187;0,15524;0,115613;-0,0478905;2;2;130;646,6066;-0,1427888;0,7796199;-1,296527;-0,1538395;0,7728982;-1,569063;0,2442469;0,7693142;-1,624157;
00002;004;63732505438,9304;-0,1592114;0,763916;-1,369553;0,9870629;0,1575186;0,01090362;-0,02785333;1;2;131;651,4653;-0,1458171;0,7790914;-1,371464;-0,1538395;0,7728982;-1,569063;0,2442469;0,7693142;-1,624157;
00002;004;63732505443,4654;-0,02614533;0,7650422;-1,30481;0,9684725;0,1534316;0,189839;-0,04980946;4;2;132;656,0002;-0,05117874;0,7787874;-1,31652;-0,1538395;0,7728982;-1,569063;0,2442469;0,7693142;-1,624157;
00002;004;63732505448,4476;0,1018269;0,7664847;-1,439242;-0,9341389;-0,1376498;-0,3212096;0,07253589;6;2;133;660,9825;0,08538991;0,7768512;-1,440842;-0,1538395;0,7728982;-1,569063;0,2442469;0,7693142;-1,624157;
00002;004;63732505454,0906;-0,1293999;0,7639462;-1,242264;-0,9860909;-0,1551706;-0,05002081;0,03232369;3;2;134;666,6259;-0,1397606;0,7801483;-1,22159;-0,1538395;0,7728982;-1,569063;0,2442469;0,7693142;-1,624157;
00002;004;63732505459,0925;-0,0291974;0,7643077;-1,30199;-0,9606789;-0,1350701;-0,2361506;0,05554316;4;2;135;671,6274;-0,05117874;0,7787874;-1,31652;-0,1538395;0,7728982;-1,569063;0,2442469;0,7693142;-1,624157;
00002;004;63732505463,9599;-0,1450265;0,7644217;-1,430266;-0,9844928;-0,1475597;-0,08683134;0,03821408;0;2;136;676,4946;-0,1488453;0,778563;-1,446401;-0,1538395;0,7728982;-1,569063;0,2442469;0,7693142;-1,624157;
00002;004;63732505469,6803;-0,1445292;0,7636114;-1,36683;-0,9854905;-0,1512636;-0,06798296;0,03614129;1;2;137;682,2153;-0,1458171;0,7790914;-1,371464;-0,1538395;0,7728982;-1,569063;0,2442469;0,7693142;-1,624157;
00002;004;63732505474,2989;0,05319254;0,7656835;-1,393609;-0,9203341;-0,1441452;-0,3551295;0,07804117;5;2;138;686,8344;0,02806684;0,7778258;-1,36664;-0,1538395;0,7728982;-1,569063;0,2442469;0,7693142;-1,624157;
00002;004;63732505480,1135;-0,1220243;0,7636186;-1,294595;-0,9884068;-0,1403902;-0,04851042;0,03145545;2;2;139;692,6484;-0,1427888;0,7796199;-1,296527;-0,1538395;0,7728982;-1,569063;0,2442469;0,7693142;-1,624157;
00002;004;63732505485,123;0,1174634;0,7669176;-1,453783;-0,8653713;-0,1377997;-0,4741039;0,08584387;6;2;140;697,6582;0,08538991;0,7768512;-1,440842;-0,1538395;0,7728982;-1,569063;0,2442469;0,7693142;-1,624157;
